1010100010001000100010001000100010001000100010001000100010001000100010001000100010001000100010001000100010001000100010001000100010001000100010001000100010001000100010001000100010001001
0010000000000000000000000001000000000000000000000000000000000000000000100000000000000000000000000000000000001010100010010000000000000000000000000000000000000000000000000000000000000001
0010000000000000000000000001000000000000000000000000000000000000000000100000000000000000000000000000000000000010000000010000000000000000000000000000000000000000000000000000000000000001
0010000000000000000000000001000000000000000000000000000000000000000000100000000000000000000000000000000000000010000000010000000000000000000000000000000000000000000000000000000000000001
0010000000000000000000000001000000000000000000000000000000000000000000100000000000000000000000000000000000000010000000010000000000000000000000000000000000000000000000000000000000000001
0010000000000000000000000001000000000000000000000000000000000000000000100000000000000000000000000000000000000010000000010000000000000000000000000000000000000000000000000000000000000001
0010000000000000000000000001000000000000000000000000000000000000000000100000000000000000000000000000000000000010000000010000000000000000000000000000000000000000000000000000000000000001
0010000000000000000000000001000000000000000000000000000000000000000000100000000000000000000000000000000000000110010001010000000000000000000000000000000000000000000000000000000000000001
0010000000000000000000000001000000000000000000000000000000000000000000100000000000000000000000000000000000000000000000000000000000000000000000000000000000000000000000000000000000000001
0010000000000000000000000001000000000000000000000000000000000000000000100000000000000000000000000000000000000000000000000000000000000000000000000000000000000000000000000000000000000001
0010000000000000000000000001000000000000000000000000000000000000000000100000000000000000000000000000000000000000000000000000000000000000000000000000000000000000000000000000000000000001
0010000010101000100100000001000000000000000000000000000000000000000000100000000000000000000000000000000000000000000000000000000000000000000000000000000000000000000000000000000000000001
0010000000100000000100000001000000000000000000000000000000000000000000101001000000000000000000000000000000000000000010100000000000000000000000000000000000000000000000000000000000000001
0010000000100000000100000001000000000000000000000000000000000000000000100001000000000000000000000000000000000000000000100000000000000000000000000000000000000000000000000000000000000001
0010000000100000000100000001000000000000000000000000000000000000000000100001000000000000000000000000000000000000000000100000000000000000000000000000000000000000000000000000000000000001
0010000000100000000100000001000000000000000000000000000000000000000000100001000000001001000000000000000000000000000000100000000000000000101000000000000000000000000000000000000000000001
0010000000100000000100000001000000000000000000000000000000000000000000100001000000000001000000000000000000000000000000100000000000000000001000000000000000000000000000000000000000000001
0010000001100100010100000001000000000000000000000000000000000000000000100001000000000001000010010000000010100000000000100000000000000000001000000000000000000000000000000000000000000001
0010000000000000000000000001000000000000000000000000000000000000000000100001000000000001000000010000000000100000000000100000000000000000001000000000000000000000000000000000000000000001
0010000000000000000000000101000000000000000000000000000000000000000001100001000000000001000000010000000000100000000000100000000000000000001000000000000000000000000000000000000000000001
0010000000000000000000000000000000000000000000000000000000000000000000000001000000000001000000010000000000100000000000100000000000000000001000000000000000000000000000000000000000000001
0010000000000000000000000000000000000000000000000000000000000000000000000001000000000001000000010000000000100000000000100000101010001001001000000000000000000000000000000000000000000001
0010000000000000000000000000000000000000000000000000000000000000000000000001000000000001000000010000000000100000000000100000001000000001001000000000000000000000000000000000000000000001
0010000000000000000000000000000000000000000000000000000000000000000000000001000000000001000000010000000000100000000000100000101010001001001000000000000000000000000000000000000000000001
0010000000000000000000000000000000000000000000000000000000000000000000000001000000000001000000010000000010101000100010001001001000000001001000000000000000000000000000000000000000000001
0010000000000000000000000000000000000000000000000000000000000000000000000001000000000001000000010000000000100000000000100001001000000001001000000000000000000000000000000000000000000001
0010000000000000000000000000000000000000000000000000000000000000000000000001000000000001000000010000000000100000000000100001001000000001001000000000000000000000000000000000000000000001
0010000000000000000000000000000000000000000000000000000000000000000000000001000000000001000000010000000000100000000000100001001001000001001000000000000000000000000000000000000000000001
0010000000000000000000000000000000000000000000000000000000000000000000000001000000000001000001010000000001100100010001000101001000000001001000000000000000000000000000000000000000000001
0010000000000000000000000000000000000000000000000000000000000000000000000001000000000001000000000000000000000000000000100000011001000101001000000000000000000000000000000000000000000001
0010000010101000100100000000000000000000000000000000000000000000000000000001000000000001000000000000000000000000000000100000000000000000001000000000000000000000000000000000000000000001
0010000000100000000100000000000000000000000000000000000000000000000000000101000000000001000000000000000000000000000001100000000000000000001000000000000000000000000000000000000000000001
0010000000100000000100000000000000000000000000000000000000000000000000000000000000000001000000000000000000000000000000000000000000000000001000000000000000000000000000000000000000000001
0010000000100000000100000000000000000000000000000000000000000000000000000000000000000001000000000000000000000000000000000000000000000000001000000000000000000000000000000000000000000001
0010000000100000000100000000000000000000000000000000000000000000000000000000000000000001000000000000000000000000000000000000000000000000001000000000000000000000000000000000000000000001
0010000000100000000100000000000000000000000000000000000000000000000000000000000000000001000000000000000000000000000000000000000000000000001000000000000000000000000000000000000000000001
0010000001100100010100000000000000000000000000000000000000000000000000000000000000000101000000000000000000000000000000000000000000000000011000000000000000000000000000000000000000000001
0010000000000000000000000000000000000000000000000000000000000000000000000000000000000000000000000000000000000000000000000000000000000000000000000000000000000000000000000000000000000001
0010000000000000000000000000000000000000000000000000000000000000000000000000000000000000000000000000000000000000000000000000000000000000000000000000000000000000000000000000000000000001
0010000000000000000000000000000000000000000000000000000000000000000000000000000000000000000000000000000000000000000000000000000000000000000000000000000000000000000000000000000000000001
0010000000000000000000000000000000000000000000000000000000000000000000000000000000000000000000000000000000000000000000000000000000000000000000000000000000000000000000000000000000000001
0010000000000000000000000000000000000000000000000000000000000000000000000000000000000000000000000000000000000000000000000000000000000000000000000000000000000000000000000000000000000001
0110010001000100010001000100010001000100010001000100010001000100010001000100010001000100010001000100010001000100010001000100010001000100010001000100010001000100010001000100010001000101
