10101000100010001000100010001000100010001000100010001000100010001000100010001000100010001000100010001000100010001000100010001000100010001000100010001000100010001000100010001001
00100000000000000000000000000000000000000000000000000000000000000000000000000000000000100000000100000010000000010000000000000000000000000000000000000000000000000000000000000001
00100000000000000000000000000000000000000000000000000000000000000000000000000000000000100000000100000010000000010000000000000000000000000000000000000000000000000000000000000001
00100000000000000000000000000000000010010000000000000000000000000000000000000000101000100000000100000010000000010000000000000000000000000000000000000000000000000000000000000001
00100000011001000100010001000100010001000100010001000100010001000100010001000100010001000100010001000100010001000100010001000100010001000100010001000100010100000000000000000001
00100000000001100100010001000100010001000100010100000000000000000000000000000000001000100000000100000010000000010000000000000000000000000000000000000000000000000000000000000001
00100000000000000000000000000000000000010000000000000000000000000000000000000000001001100100010100000110010001010000000000000000000000000000000000000000000000000000000000000001
00100000000000000000000000000000000000010000000000000000000000000000000000000000001000000000000000000000000000000000000000000000000000000000000000000000000000000000000000000001
00100000000000000000000000000000000000010000000000000000000000000000000000000000001010101000100100000000000000000000000000000000000000000000000000000000000000000000000000000001
00100000000000000000000000000000000000010000000000000000000000000000000000000000001000100000000100000000000000000000000000000000000000000000000000000000000000000000000000000001
00100000000000000000000000000000000000010000000000000000000000000000101010001001001000100000000100000000000000000000000000000000000000000000000000000000000000000000000000000001
00100000000000000000000000000000000000010000000000000000000000000000001000000001001000100000000100000000000000000000000000000000000000000000000000000000000000000000000000000001
00100000000000000000000000000000000000010000000000000000000000000000001000000001001000100000000100000000000000000000000000000000000000000000000000000000000000000000000000000001
00100000000000000000000000000000000000010000000000000000000000000000001000001001001000100000000100000000000000000000000000000000000000000000000000000000000000000000101000000001
00100000000000000000000000000000000000010000000000000000000000000000001000000001001001100100010100000000000000000000000000000000000000000000000000000000000000000000001000000001
00100000000000000000000000000000000000010000000000000000000000000000001000001010100010010000000000000000000000000000000000000000000000000000000000000000000000000000001000000001
00100000000000000000000000000000000000010000000000000000000000000000011001000010001000010000000000000000000000000000000000000000000000000000000000000000000000000000001000000001
00100000000000000000000000000000000000010000000000000000000000001010100010001000100010001000100100000000000000000000000000000000000000000000000000000000000000000000001000000001
00100000000000000000000000000000000000010000000000000000000010101000100101000100010001000100010100000000000000000000000000000000000000000000000000000000000000000000001000000001
00100000000000000000000000000000000000010000000000000000000000100000000100000010001000010000000000000000000000000000000000000000000000000000000000000000000000000000001000000001
00100000000000000000000000000000000000010000000000000000000000100000000100000010001000010000000000000000000000000000000000000000000000000000000000000000000000000000001000000001
00100000000000000000000000000000000000010000000000000000000000100000000100000110010001010000000000000000000000000000000000000000000000000000000000000000000000000000001000000001
00100000000000000000000000000000000001010000000000000000000000100000000100000001011000000000000000000000000000000000000000000000000000000000000000000000000000000000001000000001
00100000000000000000000000000000000000000000000000000000000000100000000100000001000000000000000000000000000000000000000000000000000000000000000000000000000000000000001000000001
00100000000000000000000000000000000000000000000000000000000001100100010100000001000000000000000000000000000000000000000000000000000000000000000000000000000000000000001000000001
00100000000000000000000000000000000000000000000000000000000000000000000000000001000000000000000000000000000000000000000000000000000000000000000000000000000000000000001000000001
00100000000000000000000000000000000000000000000000000000000000000000000000000001000000000000000000000000000000000000000000000000000000000000000000000000000000000000001000000001
00100000000000000000000000000000000000000000000000000000000000000000000000000001000000000000000000000000000000000000000000000000000000000000000000000000000000000000001000000001
00100000000000000000000000000000000000000000000000000000000000000000000000000001000000000000000000000000000000000000000000000000000000000000000000000000000000000000001000000001
00100000000000000000000000000000000000000000000000000000000000000000000000000001000000000000000000000000000000000000000000000000000000000000000000000000000000000000001000000001
00100000000000000000000000000000000000000000000000000000000000000000000000000001000000000000000000000000000000000000000000000000000000000000000000000000000000000000001000000001
00100000000000000000000000000000000000000000000000000000000000000000000000000001000000000000000000000000000000000000000000000000000000000000000000000000000000000000001000000001
00100000101010001000100010001000100010001000100010001000100010001000100010001000100010001000100010001000100010001000100010001000100010001000100010001010100010010000001000000001
00100000000000000000000000000000000000000000000000000000000000000000000000000001000000000000000000000000000000000000000000000000000000000000000000000010000000010000001000000001
00100000000000000000000000000000000000000000000000000000000000000000000000000001000000000000000000000000000000000000000000000000000000000000000000000010000000010000001000000001
00100000000000000000000000000000000000000000000000000000000000000000000000000001000000000000000000000000000000000000000000000000000000000000000000000010000000010000001000000001
00100000000000000000000000000000000000000000000000000000000000000000000000000001000000000000000000000000000000000000000000000000000000000000000000000010000000010000001000000001
00100000000000000000000000000000000000000000000000000000000000000000000000000001000000000000000000000000000000000000000000000000000000000000000000000010000000010000001000000001
00100000000000000000000000000000000000000000000000000000000000000000000000000001000000000000000000000000000000000000000000000000000000000000000000000110010001010000001000000001
00100000000000000000000000000000000000000000000000000000000000000000000000000001000000000000000000000000000000000000000000000000000000000000000000000000000000000000001000000001
00100000000000000000000000000000000000000000000000000000000000000000000000000001000000000000000000000000000000000000000000000000000000000000000000000000000000000000001000000001
00100000000000000000000000000000000000000000000000000000000000000000000000000001000000000000000000000000000000000000000000000000000000000000000000000000000000000000001000000001
00100000000000000000000000000000000000000000000000000000000000000000000000000001000000000000000000000000000000000000000000000000000000000000000000000000000000000000001000000001
00100000000000000000000000000000000000000000000000000000000000000000000000000101000000000000000000000000000000000000000000000000000000000000000000000000000000000000011000000001
01100100010001000100010001000100010001000100010001000100010001000100010001000100010001000100010001000100010001000100010001000100010001000100010001000100010001000100010001000101
