1010100010001000100010001000100010001000100010001000100010001000100010001000100010001000100010001000100010001000100010001000100010001000100010001000100010001001
0010000000000000000000000001000000000000000000000000000000000000000000000000000000000000000000000000000000000000000000000000000000000000000000000010000000000001
0010000000000000000000000001000000000000000000000000000000000000000000000000000000000000000000000000000000000000000000000000000000000000000000000010000000000001
0010000000000000000000000001101010001001000000000000000000000000000000000000000000000000000000000000000000000000000000000000000000000000000000000010000000000001
0010000000000000000000000001001000000001000000000000000000000000000000000000000000000000000000000000000000000000000000000000000000000000000000000010000000000001
0010000000000110010001000100010001000100010001000100010001000100010001000100010001000100010001000100010100000000000000000000000000000000000000000010000000000001
0010000000000000000000000001001000000001000000010000000000000000000000000000000000000010000000000000000000000000000000000000000000000000000000000010000000000001
0010000000000000000000000001001000000001000000010000100100000000101000000000000000000010000000000000000000000000000000000000000000000000000000000010000000000001
0010000000000000000000000001001000000001000000010000000100000000001000000000000000000010000000000000000000000000000000000000000000000000000000000010000000000001
0010000000000000000000000001011001000101000000010000000100000000001000000000000000000010000000000000000000000000000000000000000000000000000000000010000000000001
0010000000000000000000000001000000000000000000010000000100000000001000000000000000000010000000000000000000000000000000000000000000000000000000000010000000000001
0010000000000000000000000001000000000000000000010000000100000000001000000000000000000010000000000000000000000000000000000000000000000000000000000010000000000001
0010000000000000000000000001000000000000000000010000000100000000001000000000000000000010000000000000000000000000000000000000000000000000000000000010000000000001
0010000000000000000000000001000000000000000000010000101010001001001000000000000000000010000000000000000000000000000000000000000000000000000000000010000000000001
0010000000000000000000000001000000000000000000010000001000000001001000000000000000000010000000000000000000000000000000000000000000000000000000000010000000000001
0010000000000000000000000001000000000000000000010000001000000001001000000000000000000010000000000000000000000000000000000000000000000000000000000010000000000001
0010000000000000000000000001000000000000000000010000001000000001001000000000000000000010000000000000000000000000000000000000000000000000000000000010000000000001
0010000000000000000000000001000000000000000000010000001000000001001000000000000000000010000000000000000000000000000000000000000000000000000000000010000000000001
0010000000000000000000000001000000000000000000010000001000000001011000000000000000000010000000000000000000000000000000000000000000000000000000000010000000000001
0010000000001010100010001000100010001000100010001000100010001000100010001000100010001000100010001000100100000000000000000000000000000000000000000010000000000001
0010000000000000000000000001000000000000000000010000000000000000000000000000000000000010000000000000000000000000000000000000000000000000000000000010000000000001
0010000000000000000000000001000000000000000000010000000000000000000000000000000000000010000000000000000000000000000000000000000000000000000000000010000000000001
0010000000000000000000000001000000000000000000010000000000000000000000000000000000000010000000000000000000000000000000000000000000000000000000000010000000000001
0010000000000000000000000001000000000000000001010000000000000000000000000000000000000110000000000000000000000000000000000000000000000000000000000010000000000001
0010000000000000000000000001000000000000000000000000000000000000000000000000000000000000000000000000000000000000000000000000000000000000000000000010000000000001
0010000000000000000000000001000000000000000000000000000000000000000000000000000000000000000000000000000000000000000000000000000000000000000000000010000000000001
0010000000000000000000000001000000000000000000000000000000000000000000000000000000000000000000000000000000000000000000000000000000000000000000000010000000000001
0010000000000000000000000001000000000000000000000000000000000000000000000000000000000000000000000000000000000000000000000000000000000000000000000010000000000001
0010000000000000000000000001000000000000000000000000000000000000000000000000000000000000000010101000100100000000000000000000000000000000000000000010000000000001
0010000000000000000000000001000000000000000000000000000000000000000000000000000000000000000000100000000100000000000000000000000000000000000000000010000000000001
0010000000000000000000000001000000000000000000000000000000000000000000000000000000000000000000100000000100000000000000000000000000000000000000000010000000000001
0010000000000000000000000001000000000000000000000000000000000000000000000000000000000000000000100000000100000000000000000000000000000000000000000010000000000001
0010000000000000000000000001000000000000000000000000000000000000000000000000000000000000000000100000000100000000000000000000000000000000000000000010000000000001
0010000000000000000000000001000000000000000000000000000000000000000000000000000000000000000010101000100100000000000000000000000000000000000000000010000000000001
0010000000000000000000000001000000000000000000000000000000000000000000000000000000000000000000100100000100000000000000000000000000000000000000000010000000000001
0010000000000000000000000001000000000000000000000000000000000000000000000000000000000000000000100000000100000000000000000000000000000000000000000010000000000001
0010000000000000000000000001000000000000000000000000000000000000000000000000000000000000000000100000000100000000000000000000000000000000000000000010000000000001
0010000000000000000000000001000000000000000000000000000000000000000000000000000000000000000000100000000100000000000000000000000000000000000000000010000000000001
0010000000000000000000000101000000000000000000000000000000000000000000000000000000000000000000100000000100000000000000000000000000000000000000000110000000000001
0010000000000000000000000000000000000000000000000000000000000000000000000000000000000000000001100100010100000000000000000000000000000000000000000000000000000001
0010000000000000000000000000000000000000000000000000000000000000000000000000000000000000000000000000000000000000000000000000000000000000000000000000000000000001
0010000000000000000000000000000000000000000000000000000000000000000000000000000000000000000000000000000000000000000000000000000000000000000000000000000000000001
0010000000000000000000000000000000000000000000000000000000000000000000000000000000000000000000000000000000000000000000000000000000000000000000000000000000000001
0010000000000000000000000000000000000000000000000000000000000000000000000000000000000000000000000000000000000000000000000000000000000000000000000000000000000001
0010000000000000000000000000000000000000000000000000000000000000000000000000000000000000000000000000000000000000000000000000000000000000000000000000000000000001
0010000000000000000000000000000000000000000000000000000000000000000000000000000000000000000000000000000000000000000000000000000000000000000000000000000000000001
0010000000000000000000000000000000000000000000000000000000000000000000000000000000000000000000000000000000000000000000000000000000000000000000000000000000000001
0010000000000000000000000000000000000000000000000000000000000000000000000000000000000000000000000000000000000000000000000000000000000000000000000000000000000001
0010000000000000000000000000000000000000000000000000000000000000000000000000000000000000000000000000000000000000000000000000000000000000000000000000000000000001
0110010001000100010001000100010001000100010001000100010001000100010001000100010001000100010001000100010001000100010001000100010001000100010001000100010001000101
