10101000100010001000100010001000100010001000100010001000100010001000100010001000100010001000100010001000100010001000100010001000100010001000100010001000100010001000100010001000100010001001
00100000000000000000000000000000000000000000000000000000000000000000000000000000000000000000000000000000000000000000000000000000000000000000000000000000000000000000000000000000000000000001
00100000000000000000000000000000000000000000000000000000000000000000000000000000000000000000000000000000000000000000000000000000000000000000000000000000000000000000000000000000000000000001
00100000000000000000000000000000000000000000000000000000000000000000000000000000000000000000000000000000000000000000000000000000000000000000000000000000000000000000000000000000000000000001
00100000000000000000000000000000000000001001000000000000000000000000000000000000000000000000000000000000000000000000000000001010000000000000000000000000000000000000000000000000000000000001
00100000000000000000000000000000000000000001000000000000000000000000000000000000000000000000000000000000000000000000000000000010000000000000000000000000000000000000000000000000000000000001
00100000000000000000000000000000000000000001000000000000000000000000000000000000000000000000000000000000000000000000000000000010000000000000000000000000000000000000000000000000000000000001
00100000000000000000000000001010100010010001000000000000000000000000000000000000000000000000000000000000000000000000000000000010000000000000000000000000000000000000000000000000000000000001
00100000000000000000000000000010000000010001000000000000000000000000000000000000000000000000000000000000000000000000000000000010000000000000000010101000100100000000000000000000000000000001
00100000000000000000000000000010000000010001000000000000000000000000000000000000000000000000000000000000000000000000000000000010000000000000000000100000000100000000000000000000000000000001
00100000000000000000000000000010000000010001101010001001000000000000000000000000000000000000000000000000000000000000000000000010000000000000000000100000000100000000000000000000000000000001
00100000000000000000000000000010000000010001001000000001000000000000000000000000000000000000000000000000000000000000000000000010000000000000000000100000000100000000000000000000000000000001
00100000000000000000000000000010000000010001001000000001000000000000000000000000000000000000000000000000000000000000000000000010000000000000000000100000000100000000000000000000000000000001
00100000000000000000000000000110010001010001001000000001000000000000000000000000000000000000000000000000000000000000000000000010000000000000000000100000000100000000000000000000000000000001
00100000000000000000000000000000000000000001001000000001000000000000000000000000000000000000000000000000000000000000000000000010000000000000000001100100010100000000000000000000000000000001
00100000000000000000000000000000000000000001001000000001000000000000000000000000000010101000100100000000000000000000000000000010000000000000000000000000000000000000000000000000000000000001
00100000000000000000000000000000000000000001011001000101000000001010100010001000100010001001000100000000000000000000000000000010000000000000000000000000000000000000000000000000000000000001
00100000000000000000000000000000000000000001000000000000000000000010000000000000000000100001000100000000000000000000000000000010000000000000000000000000000000000000000000000000000000000001
00100000000000000000000000000000000000000001000000000000000000000110010001000100010001000101000100000000000000000000000000000010000000000000000000000000000000000000000000000000000000000001
00100000000000000000000000000000000000000001000000000000000000000000000000000000000010101000100100000000000000000000000000000010000000000000000000000000000000000000000000000000000000000001
00100000000000000000000000000000000000000001000000000000000000000000000000000000000000100000000100000000000000000000000000000010000000000000000000000000000000000000000000000000000000000001
00100000000000000000000000000000000000000001000000000000000000000000000000000000000000100100000100000000000000000000000000000010000000000000000000000000000000000000000000000000000000000001
00100000000000000000000000000000000000000001000000000000000000000000000000000000000000100000000100000000000000000000000000000010000000000000000000000000000000000000000000000000000000000001
00100000000000000000000000001010100010010001000000000000000000000000000000000000000000100000000100000000000000000000000000000010000000000000000000000000000000000000000000000000000000000001
00100000000000000000000000000010000000010001000000000000000000000000000000000000000000100110010001000100010001000100010001000100010001000100010001010000000000000000000000000000000000000001
00100000000000000000000000000010000000010001000000000000000000000000000000000000000001100100010100000000000000000000000000000010000000000000000000000000000000000000000000000000000000000001
00100000000000000000000000000010000000010001000000000000000000000000000000000000000000000000000000000000000000000000000000000010000000000000000000000000000000000000000000000000000000000001
00100000000000000000000000000010000000010001000000000000000000000000000000000000000000000000000000000000000000000000000000000010000010010000101000000000000000000000000000000000000000000001
00100000000000000000000000000010000000010001000000000000000000000000000000000000000000000000000000000000000000000000000000000010000000010000001000000000000000000000000000000000000000000001
00100000000000000000000000000110010001010001000000000000000000000000000000000000000000000000000000000000000000000000000000000010000000010000001000000000000000000000000000000000000000000001
00100000000000000000000000000000000000000001000000000000000000000000000000000000000000001010100010001000100010001000100010001000100010001000100010010000000000000000000000000000000000000001
00100000000000000000000000000000000000000001000000000000000000000000000000000000000000000000000000000000000000000000000000000010000000010000001000000000000000000000000000000000000000000001
00100000000000000000000000000000000000000001000000000000000000000000000000000000000000000000000000000000000000000000000000000010000000010000001000000000000000000000000000000000000000000001
00100000000000000000000000000000000000000101000000000000000000000000000000000000000000000000000000000000000000000000000000000110000000010000001000000000000000000000000000000000000000000001
00100000000000000000000000000000000000000000000000000000000000000000000000000000000000001010100010010000000000000000000000000000000000010000001000000000000000000000000000000000000000000001
00100000000000000000000000000000000000000000000000000000000000000000000000000000000000000010000000010000000000000000000000000000000000010000001000000000000000000000000000000000000000000001
00100000000000000000000000000000000000000000000000000000000000000000000000000000000000000010000000010000000000000000000000000000000000010000001000000000000000000000000000000000000000000001
00100000000000000000000000000000000000000000000000000000000000000000000000000000000000000010000000010000000000000000000000000000000001010000011000000000000000000000000000000000000000000001
00100000000000000000000000000000000000000000000000000000000000000000000000000000000000000010000000010000000000000000000000000000000000000000000000000000000000000000000000000000000000000001
00100000000000000000000000000000000000000000000000000000000000000000000000000000000000000010000000010000000000000000000000000000000000000000000000000000000000000000000000000000000000000001
00100000000000000000000000000000000000000000000000000000000000000000000000000000000000000110010001010000000000000000000000000000000000000000000000000000000000000000000000000000000000000001
01100100010001000100010001000100010001000100010001000100010001000100010001000100010001000100010001000100010001000100010001000100010001000100010001000100010001000100010001000100010001000101
