101010001000100010001000100010001000100010001000100010001000100010001000100010001000100010001000100010001000100010001000100010001000100010001000100010001000100010001000100010001000100010001001
001000000000000000000000000010010000000000000000000000000000000000000000000000000000000000000000000000001010000000000000000000000000000000000000000000000000000000000000000000000000000000000001
001000000000000000000000000000010000000000000000000000000000000000000000000000000000000000000000000000000010000000000000000000000000000000000000000000000000000000000000000000000000000000000001
001000000000000000000000000000010000000000000000000000000000000000000000000000000000000000000000000000000010000000001010100010011010100010010000000000000000000000000000000000000000000000000001
001000000000000000000000000000010000000000000000000000000000000000000000000000000000000000000000000000000010000000000010000000010010000000010000000000000000000000000000000000000000000000000001
001000000000000000000000000000010000000000000000000000000000000000000000000000000000000000000000000000000010000000000010000000010010000000010000000000000000000000000000000000000000000000000001
001000000000000000000000000000010000000000000000000000000000000000000000000000000000000000000000000000000010000000000010000000010010000000010000000000000000000000000000000000000000000000000001
001000000000000000000000000000010000000000000000000000000000000000000000000000000000000000000000000000000010000000000010000000010010000000010000000000000000000000000000000000000000000000000001
001000000000000000000000000000010000000000000000000000000000000000000000000000000000000000000000000000000010000000000010000010101000100100010000000000000000000000000000000000000000000000000001
001000000000000000000000000000010000000000000000000000000000000000000000000000000000000000000000000000000010000000000110010000100110000101010000000000000000000000000000000000000000000000000001
001000000000000000000000000000010000000000000000000000000000000000000000000000000000000000000000000000000010000000000000000000100000000100000000000000000000000000000000000000000000000000000001
001000000000000000000000000000010000000000000000000000000000000000000000000000000000000000000000000000000010000000000000000000100000000100000000000000000000000000000000000000000000000000000001
001000000000000000000000000000010000000000000000000000000000000000000000000000000000000000000000000000000010000000000000000000100000000100000000000000000000000000000000000000000000000000000001
001000000000000000000000000000010000000000000000000000000000000000000000000000000000000000000000000000000010000000000000000000100000000100000000000000000000000000000000000000000000000000000001
001000000000000000000000000000010000000000000000000000000000000000000000000000000000000000000000000000000010000000000000000001100100010100000000000000000000000000000000000000000000000000000001
001000000000000000000000000000010000000000000000000000000000000000000000000000000000000000000000000000000010000000000000000000000000000000000000000000000000000000000000000000000000000000000001
001000000000000000000000000000010000000000000000000000000000000000000000000000000000000010010000000000000010000000000000000000000000000000001010000000000000000000000000000000000000000000000001
001000000000000000000000000000010000000000000000000000000000000000000000000000000000000000010000000000000010000000000000000000000000000000000010000000000000000000000000000000000000000000000001
001000000000000000000000000000010000000000000000000000000000000000000000000000000000000000010000000000000010000000000000000000000000000000000010000000000000000000000000000000000000000000000001
001000000000000000000000000000010000000000000000000000000000000000000000000000000000000000010000000000000010000000000000000000000000000000000010000000000000000000000000000000000000000000000001
001000000000000000000000000000010000000000000000000000000000000000000000000000000000000000010000000000000010000000000000000000000000000000000010000000000000000000000000000000000000000000000001
001000000000000000000000000000010000000000000000000000000000000000000000000000000000000000010000000000000010000000000000000000000000000000000010000000000000000000000000000000000000000000000001
001000000000000000000000000000010000000000000000000000000000000000001010100010010000000000010000000000000010000000000000000000000000000000000010000000000000000000000000000000000000000000000001
001000000000000000000000000000010000000000000000000000000000000000000010000000010000000000010000000000000010000000000000000000000000000000000010000000000000000000000000000000000000000000000001
001000000000000000000000000000010000000000000000000000000000000000000010000000010000000000010000000000000010000000000000000000000000000000000010000000000000000000000000000000000000000000000001
001000000000000000000000000000010000000000000000000000000000000000000010000000010000000000010000000000000010000000000000000000000000000000000010000000000000000000000000000000000000000000000001
001000000000000000000000000000010000000000000000000000000000000000000010000000010000000000010000000000000010101010101000100110001001000000000010000000000000000000000000000000000000000000000001
001000000000000000000000000000010000000000000000000000000000000000000010000000010000000000010000000000000010001000100000000100000001000000000010000000000000000000000000000000000000000000000001
001000000000000000000000000001010000000000000000000000000000000000000110010001010000000000010000000000000110001000100000101010001001000000000010000000000000000000000000000000000000000000000001
001000000000000000000000000000000000000000000000000000000000000000000000000000000000000000010000000000000000011000100100001001000001000000001001000000000000000000000000000000000000000000000001
001000000000000000000000000000000000000000000000000000000000000000000000000000000000000000010000000000000000000000100000001000000001000000000001000000000000000000000000000000000000000000000001
001000000000000000000000000000000000000000000000000000000000000000000000000000000000000000010000000000000000000000100000001000000001000000000001000000000000000000000000000000000000000000000001
001000000000000000000000000000000000000000000000000000000000000000000000000000000000000000010000000000000000000001100100001000000001000000000001000000000000000000000000101010001001000000000001
001000000000000000000000000000000000000000000000000000000000000000000000000000000000000000010000000000000000000000000000001000000001000000000001000000000000000000000000001000000001000000000001
001000000000000000000000000000000000000000000000000000000000000000000000000000000000000000010000000000000000000000000000011001000101000000000001000000000000000000000000001000000001000000000001
001000000000000000000000000000000000000000000000000000000000000000000000000000000000000000010000000000000000000000000000000000000000000000000001000000000000000000000000001000000001000000000001
001000000000000000000000000000000000000000000000000000000000000000000000000000000000000000010000000000000000000000000000000000000000000000000001000000000000000000000000001000000001000000000001
001000000000000000000000000000000000000000000000000000000000000000000000000000000000000001010000000000000000000000000000000000000000000000000101000000000000000000000000001000000001000000000001
001000000000000000000000000000000000000000000000000000000000000000000000000000000000000000000000000000000000000000000000000000000000000000000000000000000000000000000000011001000101000000000001
001000000000000000000000000000000000000000000000000000000000000000000000000000000000000000000000000000000000000000000000000000000000000000000000000000000000000000000000000000000000000000000001
011001000100010001000100010001000100010001000100010001000100010001000100010001000100010001000100010001000100010001000100010001000100010001000100010001000100010001000100010001000100010001000101
