101010001000100010001000100010001000100010001000100010001000100010001000100010001000100010001000100010001000100010001000100010001000100010001000100010001000100010001001
001000000000000000000000000100000000000000000000000000000010000000000000000000000000000000000000000000000000000010101000100100000000000000000000000000100000000000000001
001000000000000000000000000100000000000000000000000000000010000000000000000000000000000000000000000000000000000000100000000100000000000000000000000000100000000000000001
001000000000000000000000000100000000000000000000000000000010000000000000000000000000000000000000000000000000000000100000000100000000000000000000000000100000000000000001
001000000000000000000000000100000000000000000000000000000010000000000000000000000000000000000000000000000000000000100000000100000000000000000000000000100000000000000001
001000000000000000000000000100000000000000001001000000000010000000000000000000000000000000000000000000000000000000100000000100000000101010001001000000100000000010100001
001000000000000000000000000100000000000000000001000000000010000000000000000000000000000000000000000000000000000000100000000100000000001000000001000000100000000000100001
001000000000000000000000000100000000000000000001000000000010000000000000000000000000000000000000000000000000000001100100010100000000001000000001000000100000000000100001
001000000000000000000000000100000000000000000001000010101000100100000000000000000000000000000000000000000000000000000000000000000000001000000001000000100000000000100001
001000000000000000000000000100000000000000000001000000100010000100000000000000000000000000000000000000000000000000000000000000000000001000000001000000100000000000100001
001000000000000000000000000100000000000000000001000000100010000100000000000000000000000000000000000000000000000000000000000000000000001000000001000000100000000000100001
001000000000000000000000000100000000000000000001000000100010000100000000000000001010100010010000000000000000000000000000000000000000011001000101000000100000000000100001
001000000000000000000000000100000000000000000001000000100010101010001000100100000010000000010000000000000000000000000000000000000000000000000000000000100000000000100001
001000000000000000000000000100000000000000000001000000100010001000000000000100000010000000010000000000000000000000000000000000000000000000000000000000100000000000100001
001000000000000000000000000100000000000000000001000001100100001000000000000100000010000000010000000000000000000000000000000000000000000000000000000000100000000000100001
001000000000000000000000000100000000000000000001000000000010001000000000000100000010000000010000000000000000000000000000000000000000000000000000000000100000000000100001
001000000000000000000000000100000000000000000001000000000110001000000000000100000010101010001001000000000000000000000000000000000000000000000000000000100000000000100001
001000000000000000000000000100000000000000000001000000000000011001000100010100000110001001010001000000000000000000000000000000000000000000000000000000100000000000100001
001000000000000000000000000100000000000000000001000000000000000000000000000000000000001000000001000000000000000000000000000000000000000000000000000000100000000000100001
001000000000000000000000000100000000000000000001000000000000000000000000000000000000001000000001000000000000000000000000000000000000000000000000000000100000000000100001
001000000000000000000000000100000000000000000001000000000000000000000000000000000000001000000001000000000000000000000000000000000000000000000000000000100000000000100001
001000000000000000000000000100000000000000000001000000000000000000000000000000000000101010001000100010001000100100000000000000000000000000000000000000100000000000100001
001000000000000000000000000100000000000000000001000000000000000000000000000000000000001001000101000000000000000100000000000000000000000000000000000000100000000000100001
001000000000000000000000000100000000000000000001000000000000000000000000000000000000011001000100010001000100010100000000000000000000000000000000000000100000000000100001
001000000000000000000000000100000000000000000001000000000000000000000000000000000000000000000000000000000000000000000000000000000000000000000000000000100000000000100001
001000000000000000000000000100000000000000000001000000000000000000000000000000000000000000000000000000000000000000000000000000000000000000000000000000100000000000100001
001000000000000000000000000100000000000000000001000000000000000000000000000000000000000000000000000000000000000000000000000000000000000000000000000000100000000000100001
001000000000000000000000000100000000000000000001000000000000000000000000000000000000000000000000000000000000000000000000000000000000000000000000000000100000000000100001
001000000000000000000000000100000000000000000001000000000000000000000000000000000000000000000000000000000000000000000000000000000000000000000000000000100000000000100001
001000000000000000000000000100000000000000000001000000000000000000000000000000000000000000000000000000000000000000000000000000000000000000000000000000100000000000100001
001000000000000000000000000100000000000000000001000000000000000000000000000000000000000000000000000000000000000000000000101010001000100010001000100100100000000000100001
001000000000000000000000000100000000000000000001000000000000000000000000000000000000000000000000000000000000000000000000001000000000000000000000000100100000000000100001
001000000000000000000000000100000000000000000001000000000000000000000000000000000000000000000000000000000000000000000000011001000100010001000100010100100000000000100001
001000000000000000000000000100000000000000000001000000000000000000000000000000000000000000000000000000000000000000000000000000000000000000000000000000100000000000100001
001000000000000000000000000100000000000000000001000000000000000000000000000000000000000000000000000000000000000000000000000000000000000000000000000000100000000000100001
001000000000000000000000000100000000000000000001000000000000000000000000000000000000000000000000000000000000000000000000000000000000000000000000000000100000000000100001
001000000000000000000000000100000000000000000001000000000000000000000000000000000000000000000000000000000000000000000000000000000000000000000000000000100000000000100001
001000000000000000000000000100000000000000000001000000000000000000000000000000000000000000000000000000000000000000000000000000000000000000000000000000100000000000100001
001000000000000000000000000100000000000000000001000000000000000000000000000000000000000000000000000000000000000000000000000000000000000000000000000000100000000000100001
001000000000000000000000010100000000000000000001000000000000000000000000000000000000000000000000000000000000000000000000000000000000000000000000000001100000000000100001
001000000000000000000000000000000000000000000001000000000000000000000000000000000000000000000000000000000000000000000000000000000000000000000000000000000000000000100001
001000000000000000000000000000000000000000000001000000000000000000000000000000000000000000000000000000000000000000000000000000000000000000000000000000000000000000100001
001000000000000000000000000000000000000000000101000000000000000000000000000000000000000000000000000000000000000000000000000000000000000000000000000000000000000001100001
001000000000000000000000000000000000000000000000000000000000000000000000000000000000000000000000000000000000000000000000000000000000000000000000000000000000000000000001
001000000000000000000000000000000000000000000000000000000000000000000000000000000000000000000000000000000000000000000000000000000000000000000000000000000000000000000001
001000000000000000000000000000000000000000000000000000000000000000000000000000000000000000000000000000000000000000000000000000000000000000000000000000000000000000000001
011001000100010001000100010001000100010001000100010001000100010001000100010001000100010001000100010001000100010001000100010001000100010001000100010001000100010001000101
