1010100010001000100010001000100010001000100010001000100010001000100010001000100010001000100010001000100010001000100010001000100010001000100010001000100010001001
0010000000000000000000000000000000000000000000000000000000000000000000000000000000000000000000000000000000000000000000000000000000000000000000000000000000000001
0010000000000000000000000000000000000000000000000000000000000000000000000000000000000000000000000000000000000000000000000000000000000000000000000000000000000001
0010000000000000000000000000000000001001101010001001000000000000000000000000000000000000000000000000000000000000000000000000000000000000000000001010000000000001
0010000000000000000000000000000000000001001000000001000000000000000000000000000000000000000000000000000000000000000000000000000000000000000000000010000000000001
0010000000000000000000000000000000000001001000000001000000000000000000000000000000000000000000000000000000000000000000000000000000000000000000000010000000000001
0010000000000000000000000000000000000001001000000001000000000000000000000000000000000000000000000000000000000000000000000000000000000000000000000010000000000001
0010000000000000000000000000000000000001001000000001000000000000000000000000000000000000000000000000000000000000000000000000000000000000000000000010000000000001
0010000000000000000000000000000000000001001000000001000000000000000000000000000000000000000000000000000000000000000000000000000000000000000000000010000000000001
0010000000000000000000000000000000000001011001000101000000000000000000000000000000000000000000000000000000000000000000000000000000000000000000000010000000000001
0010000000000000000000000000000000000001000000000000000000000000000000000000000000000000000000000000000000000000000000000000000000000000000000000010000000000001
0010000000000000000000000000000000000001000000000000000000000000000000000000000000000000000000000000000000000000000000000000000000000000000000000010000000000001
0010000000000000000000000000000000000001000000000000000000000000000000000000000000000000000000000000000000000000000000000000000000000000000000000010000000000001
0010000000000000000000000000000000000001000000000000000000000000000000000000000000000000000000000000000000000000000000000000000000000000000000000010000000000001
0010000000000000000000000000000000000001000000000000000000000000000000000000000000000000000000000000000000000000000000000000000000000000000000000010000000000001
0010000000000000000000000000000000000001000000000000000000000000000000000000000000000000000000000000000000000000000000000000000000000000000000000010000000000001
0010000000000000000000000000000000000001000000000000000000000000000000000000000000000000000000000000000000000000000000000000000000000000000000000010000000000001
0010000000000000000010101000100100000001000000000000000000000000000000000000000000000000000000000000000000000000000000000000000000000000000000000010000000000001
0010000000000000000000100000000100000001000000000000000000000000000000000000000000000000000000000000000000000000000000000000000000000000000000000010000000000001
0010000000000000000000100000000100000001000000000000000000000000000000000000000000000000000000000000000000000000000000000000000000000000000000000010000000000001
0010000000000000000000100000000100000001000000000000000000000000000000000000000000000000000000000000000000000000000000000000000000000000000000000010000000000001
0010000000000000000000100000000100000001000000000000000000000000000000000000000000000000000000000000000000000000000000000000000000000000000000000010000000000001
0010000000000000000000100000000100000001000000000000000000000000000000000000000000000000000000000000000000000000000000000000000000000000000000000010000000000001
0010000000000000000001100100010100000001000000000000000000000000000000000000000000000000000000000000000000000000000000000000000000000000000000000010000000000001
0010101010001001000000000000000000000001000000000000000000000000000000000000000000000000000000000000000000000000000000000000000000000000000000000010000000000001
0010001000000001000000000000000000000001000000000000000010101000100100000000000000000000000000000000000000000000000000000000000000000000000000000010000000000001
0010001000000001000000000000000000000001000000000000000000100000000100000000000000000000000000000000000000000000000000000000000000000000000000000010000000000001
0010001000000001000000000000000000000001000000000000000000100000000100000000000000000000000000000000000000000000000000000000000000001001000000001010000000000001
0010001000000001000000000000000000000001000000000000000000100000000100000000000000000000000000000000000000000000000000000000000000000001000000000010000000000001
0010001000000001000000000000000000000001000000000000000000100000000100000000000000000000000000000000000000000000000000000000000000000001000000000010000000000001
0010011001000101000000000000000000000001000000000000000000100000000100000000000000000000000000000000000000000000000000000000000000000001000000000010000000000001
0010000000000000000000000000000000000001000000000000000001100100010100000000000000000000000000000000000000000000000000000000000000000001000000000010000000000001
0010000000000000000000000000000000000001101010001001000000000000000000000000000000000000000000000000000000000000000000000000000000000001000000000010000000000001
0010000000000000000000000000000000000001001000000001000000000000000000000000000000000000000000000000000000000000000000000000000000000001000000000010000000000001
0010000000000000000000000000000000000001001000000001000000000000000000000000000000000000000000000000000000000000000000000000000000000001000000000010000000000001
0010000000000000000000000000000000000001001000000001000000000000000000000000000000000000000000000000000000000000000000000000000000000001000000000010000000000001
0010000000000000000000000000000000000001001000000001000000000000000000000000000000000000000000000000000000000000000000000000000000000001000000000010000000000001
0010000000000000000000000000000000000001001000000001000000000000000000000000000000000000000000000000000000000000000000000000000000000001000000000010000000000001
0010000000000000000000000000000000000101011001000101000000000000000000000000000000000000000000000000000000000000000000000000000000000101000000000110000000000001
0010000000000000000000000000000000000000000000000000000000000000000000000000000000000000000000000000000000000000000000000000000000000000000000000000000000000001
0010000000000000000000000000000000000000000000000000000000000000000000000000000000000000000000000000000000000000000000000000000000000000000000000000000000000001
0010000000000000000000000000000000000000000000000000000000000000000000000000000000000000000000000000000000000000000000000000000000000000000000000000000000000001
0010000000000000000000000000000000000000000000000000000000000000000000000000000000000000000000000000000000000000000000000000000000000000000000000000000000000001
0010000000000000000000000000000000000000000000000000000000000000000000000000000000000000000000000000000000000000000000000000000000000000000000000000000000000001
0010000000000000000000000000000000000000000000000000000000000000000000000000000000000000000000000000000000000000000000000000000000000000000000000000000000000001
0010000000000000000000000000000000000000000000000000000000000000000000000000000000000000000000000000000000000000000000000000000000000000000000000000000000000001
0010000000000000000000000000000000000000000000000000000000000000000000000000000000000000000000000000000000000000000000000000000000000000000000000000000000000001
0010000000000000000000000000000000000000000000000000000000000000000000000000000000000000000000000000000000000000000000000000000000000000000000000000000000000001
0010000000000000000000000000000000000000000000000000000000000000000000000000000000000000000000000000000000000000000000000000000000000000000000000000000000000001
0110010001000100010001000100010001000100010001000100010001000100010001000100010001000100010001000100010001000100010001000100010001000100010001000100010001000101
