101010001000100010001000100010001000100010001000100010001000100010001000100010001000100010001000100010001000100010001000100010001000100010001000100010001000100010001001
001000000000000000000000000000000000000000000000000000000000000000000000000000000000000000000000000000000000000000000000000000000000000000000000000000000000000000000001
001000000000000000000000000000000000000000000000000000000000000000000000000000000000000000000000000000000000000000000000000000000000000000000000000000000000000000000001
001000000000000000000000000000000000000000000000000000000000000000000000000000000000000000000000000000000000000000000000000000000000000000000000000000000000000000000001
001000000000000000001010100010010000000000000000000000000000000000000000000000000000000000000000000000000000000000000000000000000000000000000000000000000000000000000001
001000000000000000000010000000010000000000001001000000000000000000000000000000000000000000000000000000000000000000000000000000000000000000001010000000000000000000000001
001000000000000000000010000000010000000000000001000000000000000000000000000000000000000000000000000000000000000000000000000000000000000000000010000000000000000000000001
001000000000000000000010000000010000000000000001000000000000000000000000000000000000000000000000000000000000000000000000000000000000000000000010000000000000000000000001
001000000000000000000010011001000100010001000100010001000100010001000100010001000100010100000000000000000000000000000000000000000000000000000010000000000000000000000001
001000000000000000000010000000010000000000000001000000000000000000000000000000000000000000000000000000000000000000000000000000000000000000000010000000000000000000000001
001000000000000000000110010001010000000000000001000000000000000000000000000000000000000000000000000000000000000000000000000000000000000000000010000000000000000000000001
001000000000000000000000000000000000000000000001000000000000000000000000000000000000000000000000000000000000000000000000000000000000000000000010101010001001000000000001
001000000000000000000000000000000000000000000001000000000000000000000000000000000000000000000000000000000000000000000000000000000000000000000010001000000001000000000001
001000000000000000000000000000000000000000000001000000000000000000000000000000000000000000000000101010001001000000000000000000000000000000000010001000000001000000000001
001000000000000000000000000000000000000000000001000000000000000000000000000000000000000000000000001000000001000000000000000000000000000000000010001000000001000000000001
001000000000000000000000101010001000100010001000100010001000100010001000100010001000100100000000001000000001000000000000000000000000000000000010001000000001000000000001
001000000000000000000000000000000000000000000001000000000110010001000100010001000100010001000100010001000100010100000000000000000000000000000010001000000001000000000001
001000000000000000000000000000000000000000000001000000000000000000000000000000000000000000000000001000000001000000000000000000000000000000000010011001000101000000000001
001000000000000000000000000000000000000000000001000000000000000000000000000000000000000000000000001000000001000000000000000000000000000000000010000000000000000000000001
001000000000000000000000000000000000000000000001000000000000000000000000000000000000000000000000011010010101000000000000000000000000000000000010000000000000101000000001
001000000000000000000000000000000000000000000001000000000000000000000000000000000000000000000000000000010000000000000000000000000000000000000010000000000000001000000001
001000000000000000000000000000000000000000000001000000001010100010001000100010001000100010001000100010001000100100000000000000000000000000000010000000000000001000000001
001000000000000000000000000000000000000000000001000000000000000000000000000000000000000000000000000000010000000000000000000000000000000000000010000000000000001000000001
001000000000000000000000000000000000000000000001000000000000000000000000000000000000000000000000000000010000000000000000000000000000000000000010000000000000001000000001
001000000000000000000000000000000000000000000001000000000000000000000000000000000000000000000000000000010000000000000000100100000000000000000010000000000000101000000001
001000000000000000000000000000000000000000000001000000000000000000000000000000000000000000000000000000010000000000000000000100000000000000000010000000000000001000000001
001000000000000000000000000000000000000000000001000000000000000000000000000000000000000000000000000000010000000000000000000100000000000000000010000000000000001000000001
001000000000000000000000000000000000000000000001000000000000000000000000000000000000000000000000101010001001000000000000000100000000000000000010000000000000001000000001
001000000000000000000000000000000000000000000001000000000000000000000000000000000000000000000000001000010001000000000000000100000000000000000010000000000000001000000001
001000000000000000000000000000000000000000000001000000000000000000000000000000000000000000000000001000010001000000000000000100000000000000000010000000000000001000000001
001000000000000000000000000000000000000000000001000000000000000000000000000000000000000000000000001000010001000000000000000100000000000000000010000000000000001000000001
001000000000000000000000000000000000000000000001000000000000000000000000000000000000000000000000001000010001000000000000000100000000000000000010000000000000001000000001
001000000000000000000000000000000000000000000001000000000000000000000000000000000000000000000000001000010001000000000000000100000000000000000010000000000000001000000001
001000000000000000000000000000000000000000000001000000000000000000000000000000000000000000000000011001000101000000000000000100000000000000000010000000000000001000000001
001000000000000000000000000000000000000000000001000000000000000000000000000000000000000000000000000000010000000000000000000100000000000000000010000000000000001000000001
001000000000000000000000000000000000000000000001000000000000000000000000000000000000000000000000000000010000000000000000000100000000000000000010000000000000001000000001
001000000000000000000000000000000000000000000001000000000000000000000000000000000000000000000000000000010000000000000000000100000000000000000010000000000000001000000001
001000000000000000000000000000000000000000000101000000000000000000000000000000000000000000000000000000010000000000000000000100000000000000000110000000000000001000000001
001000000000000000000000000000000000000000000000000000000000000000000000000000000000000000000000000000010000000000000000000100000000000000000000000000000000001000000001
001000000000000000000000000000000000000000000000000000000000000000000000000000000000000000000000000000010000000000000000000100000000000000000000000000000000001000000001
001000000000000000000000000000000000000000000000000000000000000000000000000000000000000000000000000000010000000000000000000100000000000000000000000000000000001000000001
001000000000000000000000000000000000000000000000000000000000000000000000000000000000000000000000000001010000000000000000010100000000000000000000000000000000011000000001
001000000000000000000000000000000000000000000000000000000000000000000000000000000000000000000000000000000000000000000000000000000000000000000000000000000000000000000001
001000000000000000000000000000000000000000000000000000000000000000000000000000000000000000000000000000000000000000000000000000000000000000000000000000000000000000000001
001000000000000000000000000000000000000000000000000000000000000000000000000000000000000000000000000000000000000000000000000000000000000000000000000000000000000000000001
001000000000000000000000000000000000000000000000000000000000000000000000000000000000000000000000000000000000000000000000000000000000000000000000000000000000000000000001
011001000100010001000100010001000100010001000100010001000100010001000100010001000100010001000100010001000100010001000100010001000100010001000100010001000100010001000101
