1010100010001000100010001000100010001000100010001000100010001000100010001000100010001000100010001000100010001000100010001000100010001000100010001000100010001000100010001000100010001001
0010000000000000000000000000000000000000000000000000000000000000000000000000000000000000000000000000000000000000000000000000000000000000000000000000000000000000000000000000000000000001
0010000000000000000000000000000000000000000000000000000000000000000000000000000000000000000000000000000000000000000000000000000000000000000000000000000000000000000000000000000000000001
0010000000000000000000000000000000000000000000000000000000000000000000000000000000000000000000000000000000000000000000000000000000000000000000000000000000000000000000000000000000000001
0010000000000000000000000000000000000000000000000000000000000000000000000000000000000000000000000000000000000000000000000000000000000000000000000000000000000000000000000000000000000001
0010000000000000000000000000000000000000000010010000000000000000000000000000000000000000000010100000000000000000000000000000000000000000000010100000000000000000000000000000000000000001
0010000000000000000000000000000000000000000000010000000000000000000000000000000000000000000000100000000000000000000000000000000000000000000000100000000000000000000000000000000000000001
0010000000000000000000000000000000000000000000010000000000001010100010010000000000000000000000100000000000000000000000000000000000000000000000100000000000000000000000000000000000000001
0010000000001010100010010000000000000000000000010000000000000010000000010000000000000000000000100000000000000000000000000000000000000000000000100000000000000000000000000000000000000001
0010000000000010000000010000000000000000000000010000000000000010000000010000000000000000000000100000000000000000000000000000000000000000000000100000000000000000000000000000000000000001
0010000000000010000000010000000000000000000000010000000000000010000000010000000000000000000000100000000000000000000000000000000000000000000000100000000000000000000000000000000000000001
0010000000000010000000010000000000000000000000010000000000000010000000010000000000000000000000100000000000000000000000000000000000000000000000100000000000000000000000000000000000000001
0010000000000010000000010000000000000000000000010000000000000010000000010000000000000000000000100000000000000000000000000000000000000000000000100000000000000000000000000000000000000001
0010000000000010000000010000000000000000000000010000000000000110010001010000000000000000000000100000000000000000000000000000000000000000000000100000000000000000000000000000000000000001
0010000000000110010001010000000000000000000000010000000000000000000000000000000000000000000000100000000000000000000000000000000000000000000000100000000000000000000000000000000000000001
0010000000000000000000000000000000000000000000010000000000000000000000000000000000000000000000100000000000000000000000000000000000000000000000100000000000000000000000000000000000000001
0010000000000000000000000000000000000000000000010000000000000000000000000000000000000000100100100000000000000000000000000000000000000000000000100000000010100000000000000000000000000001
0010000000000000000000000000000000000000000000010000000000000000000000000000000000000000000100100000000000000000000000000000000000000000000000100000000000100000000000000000000000000001
0010000000000000000000000000000000000000000000010000000000000000000000000000000000000000000100100000000000000000000000000000000000000000000000100000000000100000000000000000000000000001
0010000000000000000000000000000000000000000000010000000000000000000000000000000000000000000100100000000000000000000000000000000000000000000000100000000000100000000000000000000000000001
0010000000000000000000000000000000000000000000010000000000000000000000000000000000000000000100100000000000000000000000000000000000000000000000100000000000100000000000000000000000000001
0010000000000000000000000000000000000000000000010000000000000000000000000000000000000000000100100000000000000000000000000000000000000000000000100000000000100000000000000000000000000001
0010000000000000000000000000000000000000000000010000000000000000000000000000000000000000000100100000000000000000000000000000000000000000000000100000000000100000000000000000000000000001
0010000000000000000000000000000000000000000000010000000000000000000000000000000000000000000100100000000000000000000000000000000000000000000000100000000000100000000000000000000000000001
0010000000000000000000000000000000000000000000010000000000000000000000000000000000000000000100100000000000000000000000000000000000000000000000100000000000100000000000000000000000000001
0010000000000000000000000000000000000000000000010000000000000000000000000000000000000000000101100000000000000000000000000000000000000000000000100000000000100000000000000000000000000001
0010000000000000000000000000000000000000000000010000000000000000000000000000000000000000000100000000000000000000000000000000000000000000000000100000000000100000000000000000000000000001
0010000000000000000000000000000000000000000000010000000000000000000000000000000000000000000100000000000000000000000000000000000000000000000000100000000000100000000000000000000000000001
0010000000000000000000000000000000000000000000010000000000000000000000000000000000000000000100000000000000000000000000000000000000000000000000100000000000100000000000000000000000000001
0010000000000000000000000000000000000000000000010000000000000000000000000000000000000000000100000000000000000000000000000000000000000000000000100000000000100000000000000000000000000001
0010000000000000000000000000000000000000000000010000000000000000000000000000000000000000000100000000000000000000000000000000000000000000000000100000000000100000000000000000000000000001
0010000000000000000000000000000000000000000000010000000000000000000000000000000000000000000100000000000000000000000000000000000000000000000000100000000000100000000000000000000000000001
0010000000000000000000000000000000000000000010101000100100000000000000000000000000000000000100000000000000000000000000000000000000000000000000100000000000100000000000000000000000000001
0010000000000000000000000000000000000000000000100000000100000000000000000000000000000000000100000000000000000000000000000000000000000000000000100000000000100000000000000000000000000001
0010000000000000000000000000000000000000000000100000000100000000000000000000000000000000000100000000000000000000000000000000000000000000000000100000000000100000000000000000000000000001
0010000000000000000000000000000000000000000000100000000100000000000000000000000000000000000100000000000000000000000000000000000010101000100100100000000000100000000000000000000000000001
0010000000000000000000000000000000000000000000100000000100000000000000000000000000000000000100000000000000000000000000000000000000100000000100100000000000100000000000000000000000000001
0010000000000000000000000000000000000000000000100000000100000000000000000000000000000000000100000000000000000000000000000000000000100000000101100000000000100000000000000000000000000001
0010000000000000000000000000000000000000000001100100010100000000000000000000000000000000000100000000000000000000000000000000000000100000000100000000000000100000000000000000000000000001
0010000000000000000000000000000000000000000000000000000000000000000000000000000000000000000100000000000000000000000000000000000000100000000100000000000000100000000000000000000000000001
0010000000000000000000000000000000000000000000000000000000000000000000000000000000000000010100000000000000000000000000000000000000100000000100000000000001100000000000000000000000000001
0010000000000000000000000000000000000000000000000000000000000000000000000000000000000000000000000000000000000000000000000000000001100100010100000000000000000000000000000000000000000001
0110010001000100010001000100010001000100010001000100010001000100010001000100010001000100010001000100010001000100010001000100010001000100010001000100010001000100010001000100010001000101
