1010100010001000100010001000100010001000100010001000100010001000100010001000100010001000100010001000100010001000100010001000100010001000100010001000100010001000100010001001
0010000000000000000000000000100100000000000000000000000000000000000000000000000000000000000000000000000000001010000000000000000000000000000000000000000000000000000000000001
0010000000000000000000000000000110010000000000000000000000000000000000000000000000000000101010001001000000000010000000000000000000000000000010100000000000000000000000000001
0010000000000000000000000000000100010000000000000000000000000000000000000000000000000000001000000001000000000010000000000000000000000000000000100000000000000000000000000001
0010000000000000000000000000000100010000100100000000000000000000000000000000000000000000001000000001000000000010000000000000000010100000000000100000000000000000000000000001
0010000000000000000000000000000100010000000100000000000000000000000000000000000000000000001000000001000000000010000000000000000000100000000000100000000000000000000000000001
0010000000000000000000000000000100010000000100000000000000000000000000000000000000000000101010001001000000000010000000000000000000100000000000100000000000000000000000000001
0010000000000000000000000000000100010000000100000000000000000000000000000000000000000000001000000001000000000010000000000000000000100000000000100000000000000000000000000001
0010000000000000000000000000000100010000000100000000000000000000000000000000000000000000001001000001000000000010000000000000000000100000000000100000000000000000000000000001
0010000000000000000000000000000100010000000100000000000000000000000000000000000000000000001000000001000000000010000000000000000000100000000000100000000000000000000000000001
0010000000000000000000000000000100010000000100000000000000000000000000000000000000000000001000000001000000000010000000000000000000100000000000100000000000000000000000000001
0010000000000000000000000000000100010000000100000000000000000000000000000000000000000000001000000001000000000010000000000000000000100000000000100000000000000000000000000001
0010000000000000000000000000000100010000000100000000000000000000000000000000000000000000011001000101000000000010000000000000000000101010100010010000000000000000000000000001
0010000000000000000000000000000100010000000100000000000000000000000000000000000000000000000000000000000000000010000000000000000000100010000000010000000000000000000000000001
0010000000000000000000000000000100010000000100000000000000000000000000000000000000000000000000000000000000000010000000000000000000100010000000010000000000000000000000000001
0010000000000000000000000000000100010000000100000000000000000000000000000000000000000000000000000000000000000010000000000000000000100010000000010000000000000000000000000001
0010000000000000000000000000000100010000000100000000000000000000000000000000000000000000000000000000000000000010000000000000000000100010000000010000000000000000000000000001
0010000000000000000000000000000100010000000100000000000000000000000000000000000000000000000000000000000000000010000000000000000000100010000000010000000000000000000000000001
0010000000000000000000000000000100010000000100000000000000000000000000000000000000000000000000000000000000000010000000000000000000100110010001010000000000000000000000000001
0010000000000000000000000000000100010000000100000000000000000000000000000000000000000000000000000000000000000010000000000000000000100000000000100000000000000000000000000001
0010000000000000000010101000100100010000000100000000000000000000000000000000000000000000000000000000000000000010000000000000000000100000000000100000000000000000000000000001
0010000000000000000000100000000100010000000100000000000000000000000000000000000000000000000000000000000000000010000000000000000000100000000000100000000000000000000000000001
0010000000000000000000100000000100010000000100000000000000000000000000000000000000000000000000000000000000000010000000000000000000100000000000100000000000000000000000000001
0010000000000000000000100000000100010000000100000000000000000000000000000000000000000000000000000000000000000010000000000000000000100000000000100000000000000000000000000001
0010000000000000000000100000000100010000000100000000000000000000000000000000000000000000000000000000000000000010000000000000000000100000000000100000000000000000000000000001
0010000000000000000000100000000100010000000100000000000000000000000000000000000000000000000000000000000000000010000000000000000000100000000000100000000000000000000000000001
0010000000000000000001100100010100010000000100000000000000000000000000000000000000000000000000000000000000000010000000000000000000100000000000100000000000000000000000000001
0010000000000000000000000000000100010000000100000000000000000000000000000000000000000000000000000000000000000010000000000000000000100000000000100000000000000000000000000001
0010000000000000000000000000000100010000000100000000000000000000000000000000000000000000000000000000000000000010000000000000000000100000000000100000000000000000000000000001
0010000000000000000000000000010100010000000100000000000000000000000000000000000000000000000000000000000000000110000000000000000000100000000000100000000000000000000000000001
0010000000000000000000000000000000010000000100000000000000000000000000000000000000000000000000000000000000000000000000000000000000100000000000100000000000000000000000000001
0010000000000000000000000000000000010000000100000000000000000000000000000000000000000000000000000000000000000000000000000000000000100000000000100000000000000000000000000001
0010000000000000000000000000000000010000000100000000000000000000000000000000000000000000000000000000000000000000000000000000000000100000000000100000000000000000000000000001
0010000000000000000000000000000000010000000100000000000000000000000000000000000000000000000000000000000000000000000000000000000000100000000000100000000000000000000000000001
0010000000000000000000000000000000010000010100000000000000000000000000000000000000000000000000000000000000000000000000000000000001100000000000100000000000000000000000000001
0010000000000000000000000000000000010000000000000000000000000000000000000000000000000000000000000000000000000000000000000000000000000000000000100000000000000000000000000001
0010000000000000000000000000000000010000000000000000000000000000000000000000000000000000000000000000000000000000000000000000000000000000000000100000000000000000000000000001
0010000000000000000000000000000001010000000000000000000000000000000000000000000000000000000000000000000000000000000000000000000000000000000001100000000000000000000000000001
0010000000000000000000000000000000000000000000000000000000000000000000000000000000000000000000000000000000000000000000000000000000000000000000000000000000000000000000000001
0010000000000000000000000000000000000000000000000000000000000000000000000000000000000000000000000000000000000000000000000000000000000000000000000000000000000000000000000001
0010000000000000000000000000000000000000000000000000000000000000000000000000000000000000000000000000000000000000000000000000000000000000000000000000000000000000000000000001
0010000000000000000000000000000000000000000000000000000000000000000000000000000000000000000000000000000000000000000000000000000000000000000000000000000000000000000000000001
0010000000000000000000000000000000000000000000000000000000000000000000000000000000000000000000000000000000000000000000000000000000000000000000000000000000000000000000000001
0010000000000000000000000000000000000000000000000000000000000000000000000000000000000000000000000000000000000000000000000000000000000000000000000000000000000000000000000001
0010000000000000000000000000000000000000000000000000000000000000000000000000000000000000000000000000000000000000000000000000000000000000000000000000000000000000000000000001
0110010001000100010001000100010001000100010001000100010001000100010001000100010001000100010001000100010001000100010001000100010001000100010001000100010001000100010001000101
