10101000100010001000100010001000100010001000100010001000100010001000100010001000100010001000100010001000100010001000100010001000100010001001
00100000000000000000000000000000000000000000000000000000000000000000000000000000000000000000000000000000000000000000000000000000000000000001
00100000000000000000000000000000000000000000000000000000000000000000000000000000000000000000000000000000000000000000000000000000000000000001
00100000000000000000000000000000000000000000000000000000000000000000000010101000100100000000000000000000000000000000000000000000000000000001
00100000000000000000000000000000000000001001000000000000000000000000000000100000000100000000000000000000000000000000000000000000000000000001
00100000000000000000000000000000101010001001000000000000000000000000000000100000000100000000000000000000000000000000000000000000000000000001
00100000000000000000000000000000001000000001000000000000000000000000000000100000000110101000100100000000000000000000000000000000000000000001
00100000000000000000000000000000001000000001000000000000000000000000000000100000000100100000000100000000000000000000000000001010100010010001
00100000000000000000000000000000001000000001000000000000000000000000000000100000000100100000000100000000000000000000000000000010000000010001
00100000000000000000000000000000001000000001000000000000000000000000000001100100010100100000000100000000000000000000000000000010000000010001
00100000000000000000000000000000001000000001000000000000000000000000000000000000000000100000000100000000000000000000000000000010000000010001
00100000000000000000000000000000011001000101000000000000000000000000100100000000000000100000000100000000000000000000101000000010000000010001
00100000000000000000000000000000000000000101000000000000000000000000000100000000000001100100010100000000000000000000001000000010000000010001
00100000000000000000000000000000000000000000011001000100010001000100010001000101000000000000000000000000000000000000001000000110010001010001
00100000000000000000000000000000000000000000000000000000000000000000000100000000000000000000000000000000000000000000001000000000000000000001
00100000000000000000000000000000000000000000000000000000000000000000000100000000000000000000000000000000000000000000001000000000000000000001
00100000000000000000000000000000000000000000000000000000000000000000000100000000000000000000000000000000000000000000001000000000000000000001
00100000000000000000000000000000000000000000000000000000000000000000000100000000000000000000000000000000000000000000001000000000000000000001
00100000000000000000000000000000000000000000000000000000000000000000000100000000000000000000000000000000000000000000001000000000000000000001
00100000000000000000000000000000000000000000000000000000000000000000000100000000000000000000000000000000000000000000001000000000000000000001
00100000000000000000000000000000000000000000000000000000000000000000000100000000000000000000000000000000000000000000001000000000000000000001
00100000000000000000000000000000000000000000000000000000000000000000000100000000000000000000000000000000000000000000001000000000000000000001
00100000000000000000000000000000000000000000000000001010100010010000000100000000000000000000000000000000000000000000001000000000000000000001
00100000000000000000000000000000000000000000000000000010000000010000000100000000000000000000000000000000000000000000001000000000000000000001
00100000000000000000000000000000000000000000000000000010000000010000000100000000000000000000000000000000000000000000001010010000000000000001
00100000000000000000000000000000000000000000000000000010000000010000000100000000000000000000000000000000101010001000100010001001000000000001
00100000000000000000000000000000000000001010100010010010000000010000000100000000000000000000000000000000001000000000001000010001000000000001
00100000000000000000000000000000000000000010000000010010000000010000000100000000000000000000000000000000001000000000001000010001000000000001
00100000000000000000000000000000000000000010000000010110010001010000000100000000000000000000000000000000011001000100010001000101000000000001
00100000000000000000000000000000000000000010000000010000000000000000000100000000000000000000000000000000000000000000001000010000000000000001
00100000000000000000000000000000000000000010000000010000000000000000000100000000000000000000000000000000000000000000001000010000000000000001
00100000000000000000000000000000000000000010000000010000000000000000010100000000000000000000000000000000000000000000011000010000000000000001
00100000000000000000000000000000000000000110010001010000000000000000000000000000000000000000000000000000000000000000000001010000000000000001
00100000000000000000000000000000000000000000000000000000000000000000000000000000000000000000000000000000000000000000000000000000000000000001
00100000000000000000000000000000000000000000000000000000000000000000000000000000000000000000000000000000000000000000000000000000000000000001
00100000000000000000000000000000000000000000000000000000000000000000000000000000000000000000000000000000000000000000000000000000000000000001
00100000000000000000000000000000000000000000000000000000000000000000000000000000000000000000000000000000000000000000000000000000000000000001
00100000000000000000000000000000000000000000000000000000000000000000000000000000000000000000000000000000000000000000000000000000000000000001
00100000000000000000000000000000000000000000000000000000000000000000000000000000000000000000000000000000000000000000000000000000000000000001
00100000000000000000000000000000000000000000000000000000000000000000000000000000000000000000000000000000000000000000000000000000000000000001
00100000000000000000000000000000000000000000000000000000000000000000000000000000000000000000000000000000000000000000000000000000000000000001
00100000000000000000000000000000000000000000000000000000000000000000000000000000000000000000000000000000000000000000000000000000000000000001
00100000000000000000000000000000000000000000000000000000000000000000000000000000000000000000000000000000000000000000000000000000000000000001
00100000000000000000000000000000000000000000000000000000000000000000000000000000000000000000000000000000000000000000000000000000000000000001
00100000000000000000000000000000000000000000000000000000000000000000000000000000000000000000000000000000000000000000000000000000000000000001
00100000000000000000000000000000000000000000000000000000000000000000000000000000000000000000000000000000000000000000000000000000000000000001
00100000000000000000000000000000000000000000000000000000000000000000000000000000000000000000000000000000000000000000000000000000000000000001
00100000000000000000000000000000000000000000000000000000000000000000000000000000000000000000000000000000000000000000000000000000000000000001
00100000000000000000000000000000000000000000000000000000000000000000000000000000000000000000000000000000000000000000000000000000000000000001
00100000000000000000000000000000000000000000000000000000000000000000000000000000000000000000000000000000000000000000000000000000000000000001
00100000000000000000000000000000000000000000000000000000000000000000000000000000000000000000000000000000000000000000000000000000000000000001
00100000000000000000000000000000000000000000000000000000000000000000000000000000000000000000000000000000000000000000000000000000000000000001
00100000000000000000000000000000000000000000000000000000000000000000000000000000000000000000000000000000000000000000000000000000000000000001
00100000000000000000000000000000000000000000000000000000000000000000000000000000000000000000000000000000000000000000000000000000000000000001
00100000000000000000000000000000000000000000000000000000000000000000000000000000000000000000000000000000000000000000000000000000000000000001
01100100010001000100010001000100010001000100010001000100010001000100010001000100010001000100010001000100010001000100010001000100010001000101
