10101000100010001000100010001000100010001000100010001000100010001000100010001000100010001000100010001000100010001000100010001000100010001001
00100000000000000000000000000000000000000000000000000000000000000000000000000000000000000000000000000000000000000000000000000000000000000001
00100000000000000000000000000000000000000000000000000000000000000000000000000000000000000000000000000000000000000000000000000000000000000001
00100000000000000000000000000000000000000000000000000000000000000000000000000000000000000000000000000000000000000000000000000000000000000001
00100000011001000100010001000100010001000100010001000100010001000100010001000100010001000100010001000100010001000100010001000100010001010001
00100000000000000000000000000000000000000000000000001010100010010000000000000000000000000000000000000000000000100000000100000000000000000001
00100000000000000000000000001010100010010000000010010010000000010000000010100000000000000000000000000000000000100000000100000000000000000001
00100000000000000000000000000010000000010000000000010010000000010000000000100000000000000000000000000000000000100000000100000000000000000001
00100000000000000000000000000010000000010000000000010010000000010000000000100000000000000000000000000000000000100000000100000000000000000001
00100000000000000000000000000010000000010000000000010010000000010000000000100000000000000000000000000000000000100000000100000000000000000001
00100000000000000000000000000010000000010000000000010010000000010000000000100000000000000000000000000000000001100100010100000000000000000001
00100000000000000000000000000010000000010000000000010110010001010000000000100000000000000000000000000000000000000000000000000000000000000001
00101000100100000000000000000110010001010000000000010000000000000000000000100000000000000000000000000000000000000000000000000000000000000001
00100000000100000000000000000000000000000000000000010000000000000000000000100000000000000000000000000000000000000000000000000000000000000001
00100000000100000000000000000000000000000000000000010000000000000000000000100000000000000000000000000000000000000000000000000000000000000001
00100000000100000000000000000000000000000000000000010000000000000000000000100000000000000000000000000000000000000000000000000000000000000001
00100000000100000000000000000000000000000000000000010000000000000000000000100000000000000000000000000000000000000000000000000000000000000001
00100000000100000000000010101000100100000000000000010000000000000000000000100000000000000000000000000000000000000000000000000000000000000001
00100100010100000000000000100000000100000000000000010000000000000000000000100000000000000000000000000000000000000000000000000000000000000001
00100000000000000000000000100000000100000000000000010000000000000000000000100000000000000000000000000000000000000000000000000000000000000001
00100000000000000000000000100000000100000000000001010000000000000000000001100000000000000000000000000000000000000000000000000000000000000001
00100000000000000000000000100000000100000000000000000000000000000000000000001010100010010000000000000000000000000000000000000000000000000001
00100000000000000000000000100000000100000000000000000000000000000000000000000010000000010000000000000000000000000000000000000000000000000001
00100000000000000000000001100100010100000000000000000000000000000000000000000010000000010000000000000000000000000000000000000000000000000001
00100000000000000000000000000000000000000000000000000000000000000000000000000010000000010000000000000000000000000000000000000000000000000001
00100000000000000000000000000000000000000000000000000000000000000000000000000010101010001001000000000000000000000000000000000000000000000001
00100000000000000000000000000000000000000000000000000000000000000000000000000010001000010001000000000000000000000000000000000000000000000001
00100000101010001000100010001000100010001000100010001000100010001000100010001000100010001000100010001000100010001000100010001000100010010001
00100000000000001010100010010000000000000000000000000000000000000000000000000000001000000001000000000000000000000000000000000000000000000001
00100000000000000010000000010000000000000000000000000000000000000000000000000000001000000001000000000000000000000000000000000000000000000001
00100000000000000010000000010000000000000000000000000000000000000000000000000000001000000001000000000000000000000000000000000000000000000001
00100000000000000010000000010000000000000000000000000000000000000000000000000000011001000101000000000000000000000000000000000000000000000001
00100000000000000010000000010000000000000000000000000000000000000000000000000000000000000000000000000000000000000000000000000000000000000001
00100000000000000010000000010000000000000000000000000000000000000000000000000000000000000000000000000000000000000000000000000000000000000001
00100000000000000110010001010000000000000000000000000000000000000000000000000000000000000000000000000000000000000000000000000000000000000001
00100000000010101000100100000000000000000000000000000000000000000000000000000000000000000000000000000000000000000000000000000000000000000001
00100000000000100000000100000000000000000000000000000000000000000000000000000000000000000000000000000000000000000000000000000000000000000001
00100000000000100000000100000000000000000000000000000000000000000000000000000000000000000000000000000000000000000000000000000000000000000001
00100000000000100000000100000000000000000000000000000000000000000000000000000000000000000000000000000000000000000000000000000000000000000001
00100000000000100000000100000000000000000000000000000000000000000000000000000000000000000000000000000000000000000000000000000000000000000001
00100000000000100000000100000000000000000000000000000000000000000000000000000000000000000000000000000000000000000000000000000000000000000001
00100000000001100100010100000000000000000000000000000000000000000000000000000000000000000000000000000000000000000000000000000000000000000001
00100000000000000000000000000000000000000000000000000000000000000000000000000000000000000000000000000000000000000000000000000000000000000001
00100000000000000000000000000000000000000000000000000000000000000000000000000000000000000000000000000000000000000000000000000000000000000001
00100000000000000000000000000000000000000000000000000000000000000000000000000000000000000000000000000000000000000000000000000000000000000001
00100000000000000000000000000000000000000000000000000000000000000000000000000000000000000000000000000000000000000000000000000000000000000001
00100000000000000000000000000000000000000000000000000000000000000000000000000000000000000000000000000000000000000000000000000000000000000001
00100000000000000000000000000000000000000000000000000000000000000000000000000000000000000000000000000000000000000000000000000000000000000001
00100000000000000000000000000000000000000000000000000000000000000000000000000000000000000000000000000000000000000000000000000000000000000001
00100000000000000000000000000000000000000000000000000000000000000000000000000000000000000000000000000000000000000000000000000000000000000001
00100000000000000000000000000000000000000000000000000000000000000000000000000000000000000000000000000000000000000000000000000000000000000001
00100000000000000000000000000000000000000000000000000000000000000000000000000000000000000000000000000000000000000000000000000000000000000001
00100000000000000000000000000000000000000000000000000000000000000000000000000000000000000000000000000000000000000000000000000000000000000001
00100000000000000000000000000000000000000000000000000000000000000000000000000000000000000000000000000000000000000000000000000000000000000001
00100000000000000000000000000000000000000000000000000000000000000000000000000000000000000000000000000000000000000000000000000000000000000001
01100100010001000100010001000100010001000100010001000100010001000100010001000100010001000100010001000100010001000100010001000100010001000101
