10101000100010001000100010001000100010001000100010001000100010001000100010001000100010001000100010001000100010001000100010001000100010001000100010001000100010001000100010001000100010001001
00100000000000000000000000000000000000000000000000000000000000000000000000000000000000000000000000000000000000000000000000000000000000000000000000000000000000000000000000000000000000000001
00100000000000000000000000000000100100000000000000000000000000000000000000000000000000000000000000000000000000001010000000000000000000000000000000000000000000000000000000000000000000000001
00100000000000000000000000000000000100000000000000000000000000000000000000000000000000000000000000000000000000000010000000001010100010011010100010010000000000000000000000000000000000000001
00100000011001000100010001000100010001000100010001000100010001000100010001000100010001000100010001000100010001000100010001000100010001000100010001010000000000000000000000000000000000000001
00100000000000000000000000000000000100000000100100000000000000000000000000000000000000000000000000000000000000000010000000001010000000010010000000010000000000000000000000000000000000000001
00100000000000000000000000000000000100000000000100000000000000000000000000000000000000000000000000000000000000000010000000000010000000010010000000010000000000000000000000000000000000000001
00100000000000000000011001000100010001000100010001000100010001000100010001000100010001000100010001000100010001000100010001000100010001000100010001000100010001000100010100000000000000000001
00100000000000000000000000000000000100000000000100000000000000000000000000000000000000000000000000000000000000000010000000000010000000010010000000010000000000000000000000000000000000000001
00100000000000000000000000000000000100000000000100000000000000000000000000000000000000000000000000000000000000000010000000000010010001010110010001010000000000000000000000000000000000000001
00100000000000000000000000000000000100000000000100000000000000000000000000000000000000000000000000000000000000000010000000000010000000000000000000000000000000000000000000000000000000000001
00100000000000000000000000000000000100000000000100000000000000000000000000000000000000000000000000000000000000000010000000000010000000000000000000000000000000000000000000000000000000000001
00100000000000000000000000000000000100000000000100000000000000000000000000000000000000000000000000000000000000000010000000000010000000000000000000000000000000000000000000000000000000000001
00100000000000000000000000000000000100000000000100000000000000000000000000000000000000000000000000000000000000000010000000000010000000000000000000000000000000000000000000000000000000000001
00100000000000000000000000000000000100000000000100000000000000000000000000000000000000000000000000000000000000000010000000000010000000000000000000000000000000000000000000000000000000000001
00100000000000000000000000000000000100000000000100000000000000000000000000000000000000000000000000000000000000000010000000000010000000000000000000000000000000000000000000000000000000000001
00100000000000000000000000000000000100000000000100000000000000000000000000000000000000000000000000000000000000000010000000000010000000000000000000000000000000000000000000000000000000000001
00100000000000000000000000000000000100000000000100000000000000000000000000000000000000000000000000000000000000000010000000000010000000000000000000000000000000000000000000000000000000000001
00100000000000000000000000000000000100000000000100000000000000000000000000000000000000000000000000000000000000000010000000000010000000000000000000000000000000000000000000000000000000000001
00100000000000000000000000000000000100000000000100000000000000000000000000000000000000000000000000000000000000000010000000000010000000000000000000000000000000000000000000000000000000000001
00100000000000000000000000000000000100000000000100000000000000000000000000000000000000000000000000000000000000000010000000000010000000000000000000000000000000000000000000000000000000000001
00100000000000000000000000000000000100000000000100000000000000000000000000000000000000000000000000000000000000000010000000000010000000000000000000000000000000000000000000000000000000000001
00100000000000000000000000000000000100000000000100000000000000000000000000000000000000000000000000000000000000001001000010100010000000000000000000000000000000000000000000000000000000000001
00100000000000000000000000000000000100000000000100000000000000000000000000000000000000000000000000000000000000000001000000100010000000000000000000000000000000000000000000000000000000000001
00100000000000000000000000000000000100000000000100000000000000000000000000000000000000000000000000000000000000000001000000100010000000000000000000000000000000000000000000000000000000000001
00100000000000000000000000000000000100000000000100000000000000000000000000000000000000000000000000000000000000000001000000100010000000000000000000000000000000000000000000000000000000000001
00100000000000000000000000000000000100000000000100000000000000000000000000000000000000000000000000000000000000000001000000100010000000000000000000000000000000000000000000000000000000000001
00100000000000000000000000000000000100000000000100000000000000000000000000000000000000000000000000000000000000000001000000100010000000000000000000000000000000000000000000000000000000000001
00100000000000000000000000000000000100000000000100000000000000000000000000000000000000000000000000000000000010101000100010001000100010001001000000000000000000000000000000000000000000000001
00100000000000000000000000000000000110101000100100000000000000000000000000000000000000000000000000000000000001100100101010001000100010001000100100000000000000000000000000000000000000000001
00100000101010001000100010001000100010001000100010001000100010001000100010001000100010001000100010001000100010001000100010001000100010001000100010010000000000000000000000000000000000000001
00100000000000000000000000000000000000100000000100000000000000000000000000000000000000000000000000000000000000000001011001000100010001000100010100000000000000000000000000000000000000000001
00100000000000000000000000000000000000100000000100000000000000000000000000000000000000000000000000000000000000000101000001100010000000000000000000000000000000000000000000000000000000000001
00100000000000000000000000000000000000100000000100000000000000000000000000000000000000000000000000000000000000000000000000000110000000000000000000000000000000000000000000000000000000000001
00100000000000000000000000000000000000100000000100000000000000000000000000000000000000000000000000000000000000000000000000000000000000000000000000000000000000000000000000000000000000000001
00100000000000000000101010001000100010001000100010001000100010001000100010001000100010001000100010001000100010001000100010001000100010001000100010001000100010001000100100000000000000000001
00100000000000000000000000000000000000000000000000000000000000000000000000000000000000000000000000000000000000000000000000000000000000000000000000000000000000000000000000000000000000000001
00100000000000000000000000000000000000000000000000000000000000000000000000000000000000000000000000000000000000000000000000000000000000000000000000000000000000000000000000000000000000000001
00100000000000000000000000000000000000000000000000000000000000000000000000000000000000000000000000000000000000000000000000000000000000000000000000000000000000000000000000000000000000000001
00100000000000000000000000000000000000000000000000000000000000000000000000000000000000000000000000000000000000000000000000000000000000000000000000000000000000000000000000000000000000000001
00100000000000000000000000000000000000000000000000000000000000000000000000000000000000000000000000000000000000000000000000000000000000000000000000000000000000000000000000000000000000000001
01100100010001000100010001000100010001000100010001000100010001000100010001000100010001000100010001000100010001000100010001000100010001000100010001000100010001000100010001000100010001000101
