10101000100010001000100010001000100010001000100010001000100010001000100010001000100010001000100010001000100010001000100010001000100010001000100010001000100010001000100010001000100010001000100010001000100010001001
00100000000000000000000000000000000000000000000000000000000000000000000000000000000000000000000000000000000000000000000000000000000000000000101010001001000000000000000000000000000000000000000000000000000000000001
00100000000000000000000000000000000000000000000000000000000000000000000000000000000000000000000000000000000000000000000000000000000000000000001000000001000000000000000000000000000000000000000000000000000000000001
00100000000000000000000000000000000000000000000000000000000000000000000000000000000000000000000000000000000000000000000000000000000000000000001000000001000000000000000000000000000000000000000000000000000000000001
00100000000000000000000000000000000000000000000000000000000000000000000000000000000000000000000000000000000000000000000000000000000000000000001000000001000000000000000000000000000000000000000000000000000000000001
00100000000000000000000000000000000000000000000000000000000000000000000000000000000000000000000000000000000000000000101010001001000000000000001000000001000000000000000000000000000000000000000000000000000000000001
00100000000000000110010001000100010001000100010001000100010001000100010001000100010001000100010001010000000000000000001000000001000000000000001000000001000000000000000000000000000000000000000000000000000000000001
00100000000000000000000000000000000000000000000000001001000000010000000000001010101010010000000000000000000000000000001000000001000000000000011001000101000000000000000000000000000000000000000000000000000000000001
00100000000000000000000000000000000000000000000000000001000000010000000000000010001000010000000000000000000000000000001000000001000000000000000000000000000000000000000000000000000000000000000000000000000000000001
00100000000000000000000000000000000000000000000000000001000000010000000000000010001000010000000000000000000000000000001000001010100010010000000000000000000000000000000000000000000000000000000000000000000000000001
00100000000000000000000000000000000000000000000000000001000000010000000000000010001000010000000000000000000000000000001000000010000000010000000000000000000000000000000000000000000000000000000000000000000000000001
00100000000000000000000000000000000000000000000000000001000000010000000000000010001000010000000000000000000000000000011001000010000000010000000000000000000000000000000000000000000000000000000000000000000000000001
00100000000000000000000000000000000000000000000000000001010001010000000000000010001000010000000000000000000000000000000000000010000000010000000000000000000000000000000000000000000000000000000000000000000000000001
00100000000000000000000000000000000000000000000000000001000000000000000000001001001001010000000000000000101000000000000000000010000000010000000000000000000000000000000000000000000000000000000000000000000000000001
00100000000000000000000000000000000000000000000000000001000000001010100010010001001000000000000000000000001000000000000000000010000000010000000000000000000000000000000000000000000000000000000000000000000000000001
00100000000000000000000000000000000000000000000000000001000000000010000000010001001000000000000000000000001000000000000000000110010001010000000000000000000000000000000000000000000000000000000000000000000000000001
00100000000000000000000000000000000000000000000000000001000000000010000000010001001000000000000000000000001000000000000000000000000000000000000000000000000000000000000000000000000000000000000000000000000000000001
00100000000000000000000000000000000000000000000000000001000000000010000000010001001000000000000000000000001000000000000000000000000000000000000000000000000000000000000000000000000000000000000000000000000000000001
00100000000000001010100010001000100010001000100010001000100010001000100010001000100010001000100010010000001000000000000000000000000000000000000000000000000000000000000000000000000000000000000000000000000000000001
00100000000000000000000000000000000000000000000000000001000000000010000000010001001000000000000000000000001000000000000000000000000000000000000000000000000000000000000000000000000000000000000000000000000000000001
00100000000000000000000000000000000000000000000000000001000000000110010001010001001000000000000000000000001000000000000000000000000000000000000000000000000000000000000000000000000000000000000000000000000000000001
00100000000000000000000000000000000000000000000000000001000000000000000000000001001000000000000000000000001000000000000000000000000000000000000000000000000000000000000000000000000000000000000000000000000000000001
00100000000000000000000000000000000000000000000000000101000000000000000000000001011000000000000000000000001000000000000000000000000000000000000000000000000000000000000000000000000000000000000000000000000000000001
00100000000000000000000000000000000000000000000000000000000000000000000000000001000000000000000000000000001000000000000000000000000000000000000000000000000000000000000000000000000000000000000000000000000000000001
00100000000000000000000000000000000000000000000000000000000000000000000000000001000000000000000000000000001000000000000000000000000000000000000000000000000000000000000000000000000000000000000000000000000000000001
00100000000000000000000000000000000000000000000000000000000000000000000000000001000000000000000000000000001000000000000000000000000000000000000000000000000000000000000000000000000000000000000000000000000000000001
00100000000000000000000000000000000000000000000000000000000000000000000000000001000000000000000000000000001000000000000000000000000000000000000000000000000000000000000000000000000000000000000000000000000000000001
00100000000000000000000000000000000000000000000000000000000000000000000000000001000000000000000000000000001000000000000000000000000000000000000000000000000000000000000000000000000000000000000000000000000000000001
00100000000000000000000000000000000000000000000000000000000000000000000000000101000000000000000000000000011000000000000000000000000000000000000000000000000000000000000000000000000000000000000000000000000000000001
00100000000000000000000000000000000000000000000000000000000000000000000000000000000000000000000000000000000000000000000000000000000000000000000000000000000000000000000000000000000000000000000000000000000000000001
00100000000000000000000000000000000000000000000000000000000000000000000000000000000000000000000000000000000000000000101010001000100010001000100010010000000000000000000000000000000000000000000000000000000000000001
00100000000000000000000000000000000000000000000000000000000000000000000000000000000000000000000000000000000000000000011001000100010001000100010001010000000000000000000000000000000000000000000000000000000000000001
00100000000000000000000000000000000000000000000000000000000000000000000000000000000000000000000000000000000000000000000000000000000000000000000000000000000000000000000000000000000000000000000000000000000000000001
00100000000000000000000000000000000000000000000000000000000000000000000000000000000000000000000000000000000000000000000000000000000000000000000000000000000000000000000000000000000000000000000000000000000000000001
00100000000000000000000000000000000000000000000000000000000000000000000000000000000000000000000000000000000000000000000000000000000000000000000000000000000000000000000000000000000000000000000000000000000000000001
00100000000000000000000000000000000000000000000000000000000000000000000000000000000000000000000000000000000000000000000000000000000000000000000000000000000000000000000000000000000000000000000000000000000000000001
01100100010001000100010001000100010001000100010001000100010001000100010001000100010001000100010001000100010001000100010001000100010001000100010001000100010001000100010001000100010001000100010001000100010001000101
