1010100010001000100010001000100010001000100010001000100010001000100010001000100010001000100010001000100010001000100010001000100010001000100010001000100010001001
0010000000000000000000100000000100000000000000000000000000000000000000000000000000000000000000000000000000000000000000000000000010101000100100000000000000000001
0010010001000100010001000100010001000100010001000100010001000100010001000100010001000100010001000100010001010000000000000000000000100000000100000000000000000001
0010011001000100010001000100010001000100010001000100010001000100010001000100010001000100010001000100010001000100010001000100010001000100010001010000000000000001
0010000000000000000000100000000100000001000000000000000000000000000000000000000000000010000000000000000000000000000000000000000000100000000100000000000000000001
0010000000000000000000100000000100000001000000000000000000000000000000000000000000000010000000000000000000000000000000000000000000100000000100000000000000000001
0010000000000000000001100100010100000001000000000000000000000000000000000000000000000010000000000000000000000000000000000000000000100000000100000000000000000001
0010000000000000000000000000000000000001000000000000000000000000000000000000000000000010000000000000000000000000000000000000000001100100010100000000000000000001
0010000000000000000000000110010001000100010001000100010001000100010001000100010001000100010001010000000000000000000000000000000000000000000000000000000000000001
0010000000000000000000000000000000000001000000000000000000000000000000000000000000000010000000000000000000000000000000000000000000000000000000000000000000000001
0010000000000000000000000000000000000001000000000000000000000000000000000000000000000010000000000000000000000000000000000000000000000000000000000000000000000001
0010000000000000000000000000000000000001000010101000100010001000100010010000000000000010000000000000000000000000000000000000000000000000000000000000000000000001
0010000000000000000000000000000000000001000000100000000000000000000000010000000000000010000000000000000000000000000000000000000000000000000000000000000000000001
0010000000000000000000000000000000000001000001100100010001000100010001010000000000000010000000000000000000000000000000000000000000000000000000000000000000000001
0010000000000000000000000000000000000001000000000000000000000000000000000000000000000010000000000000000000000000000000000000000000000000000000000000000000000001
0010000000000000000000000000000000000001000000000000000000000000000000000000000000000010000000000000000000000000000000000000000000000000000000000000000000000001
0010000000000000000000000000000000000001000000000000000001100100010001000100010001000100010001000100010001000100010001000100010001000100010001010000000000000001
0010000000000000000000001010100010001000100010001000100010000110010001000100010001000100010010010000000000001010000000000000000000000000000000000000000000000001
0010000000000000000000000000000000000001000000000000000000000000000000000000000000000010000000010000000000000010000000000000000000000000000000000000000000000001
0010000000000000000000000000000000000001000000000000000000000000000000000000000000000010000000010000000000000010000000000000000000000000000000000000000000000001
0010100010001000100010001000100010001000100010001000100010001000100010000110010001000100010001000100010001000100010001000100010001010000000000000000000000000001
0010000000000000000000000000000000000001000000000000000000000000000000000000000000000010000000010000000000000010000000000000000000000000000000000000000000000001
0010000000000000000000001010100010010001000000000000000000000000000000000000000000000010000000010000000000000010000000000000000000000000000000000000000000000001
0010000000000000000000000010000000010101000000000000000000000000000000000000000000000110000000010000000000000010000010010000000000000000000000000000000000000001
0010000000000000000000000010000000010000000000000000000000000000000000000000000000000000000000011010100010010010000000010000000000000000000000000000000000000001
0010000000000000000000000010000000010000000000000000000000000000000000000000000000000000000000010010000000010010000000010000000000000000000000000000000000000001
0010000000000000000000000010000000010000000000000000000000000000000000001010101010001001100010001000100010001000100010001000100010010000000000000000000000000001
0010000000000000000000000010000000010000000000000000000000000000000000000000001000000001000000010010000000010010000000010000000000000000000000000000000000000001
0010000000000000000000000110010001010000000000000000000000000000000000000000001000000001000000010010000000010010000000010000000000000000000000000000000000000001
0010101010001000100010001000100010001000100010001000100010101000100010001000100010001000100010001000100010001000100010001000100010001000100010010000000000000001
0010000000000000000000000000000000000000000000000000000000000000000000000000001000000001000000000110010001010000000000010000000000000000000000000000000000000001
0010000000000000000000000000000000000000000000000000000000000000000000000000001000000001000000000000000000000000000010101000100100000000000000000000000000000001
0010000000000000000000000000000000000000000000000000000000000000000000000000011001000101000000000000000000000000000000100000000100000000000000000000000000000001
0010000000000000000000000000000000000000000000000000000000000000000000000000000000000000000000000000000000000000000000100000000100000000000000000000000000000001
0010000000000000000000000000000000000000000000000000000000000000000000000000000000000000000000000000000000000000000000100000000100000000000000000000000000000001
0010000000000000000000000000000000000000000000000000000000000000000000000000000000000000000000000000000000000000000000100000000100000000000000000000000000000001
0010000000000000000000000000000000000000000000000000000000000000000000000000000000000000000000000000000000000000000000100000000100000000000000000000000000000001
0010000000000000000000000000000000000000000000000000000000000000000000000000000000000000000000000000000000000000000001100100010100000000000000000000000000000001
0010000000000000000000000000000000000000000000000000000000000000000000000000000000000000000000000000000000000000000000010000000000000000000000000000000000000001
0010000000000000000000000000000000000000000000000000000000000000000000000000000000000000000000000000000000000000000000010000000000000000000000000000000000000001
0010000000000000000000000000000000000000000000000000000000000000000000000000000000000000000000000000000000000000000000010000000000000000000000000000000000000001
0010000000000000000000000000000000000000000000000000000000000000000000000000000000000000000000000000000000000000000001010000000000000000000000000000000000000001
0010000000000000000000000000000000000000000000000000000000000000000000000000000000000000000000000000000000000000000000000000000000000000000000000000000000000001
0010000000000000000000000000000000000000000000000000000000000000000000000000000000000000000000000000000000000000000000000000000000000000000000000000000000000001
0010000000000000000000000000000000000000000000000000000000000000000000000000000000000000000000000000000000000000000000000000000000000000000000000000000000000001
0010000000000000000000000000000000000000000000000000000000000000000000000000000000000000000000000000000000000000000000000000000000000000000000000000000000000001
0010000000000000000000000000000000000000000000000000000000000000000000000000000000000000000000000000000000000000000000000000000000000000000000000000000000000001
0010000000000000000000000000000000000000000000000000000000000000000000000000000000000000000000000000000000000000000000000000000000000000000000000000000000000001
0010000000000000000000000000000000000000000000000000000000000000000000000000000000000000000000000000000000000000000000000000000000000000000000000000000000000001
0110010001000100010001000100010001000100010001000100010001000100010001000100010001000100010001000100010001000100010001000100010001000100010001000100010001000101
