10101000100010001000100010001000100010001000100010001000100010001000100010001000100010001000100010001000100010001000100010001000100010001000100010001000100010001000100010001001
00100000000000000000000000000000000000000000000000000000000000000000000000000000000000000000000000000000000000000000000000000000000000000000000000000000000000000000000000000001
00100000000000000000000000000000000000000000000000000000000000000000000000000000000000000000000000000000000000000000000000000000000000000000000000000000000000000000000000000001
00100000000000000000000000000000000010010000000000001010100010010000000010100000000000000000000000000000000000000000000000000000000000000000000000000000000000000000000000000001
00101010100010010000000000000000000000010000000000000010000000010000000000100000000000000000000000000000000000000000000000000000000000000000000000000000000000000000000000000001
00100010000000010000000000000000000000010000000000000010000000010000000000100000000000000000000000000000000000000000000000000000000000000000000000000000000000000000000000000001
00100010000000010000000000000000000000010000000000000010000000010000000000100000000000000000000000000000000000000000000000000000000000000000000000000000000000000000000000000001
00100010000000010000000000000000000000010000000000000010000000010000000000100000000000000000000000000000000000000000000000000000000000000000000000000000000000000000000000000001
00100010000000010000000000000000000000010000000000000010000000010000000000100000000000000000000000000000000000000000000000000000000000000000000000000000000000000000000000000001
00100010000000010000000000000000000000010000000000000110010001010000000000100000000000000000000000000000000000000000000000000000000000000000000000000000000000000000000000000001
00100110010001010000000000000000000000010000000000000000000000001001000000100000000000000000000000000000000000000000000000001010000000000000000000000000000000000000000000000001
00100000000000000000000000000000000000010000000000000000000000000001000000100000000000000000000000000000000000000000000000000010000000000000000000000000000000000000000000000001
00100000000000000000000000000000000000010000000000000000000000000001000000100000000000000000000000000000000000000000000000000010000000000000000000000000000000000000000000000001
00100000000000000000000000000000000000010000000000000000000000000001000000100000000000000000000000000000000000000000000000000010000000000000000000000000000000000000000000000001
00100000000000000000000000000000000000010000000000000000000000000001000000100000000000000000000000000000000000000000000000000010000000000000000000000000000000000000000000000001
00100000000000000000000000000000000000010000000000000000000000000001000000100000000000000000000000000000000000000000000000000010000000000000000000000000000000000000000000000001
00100000000000000000000000000000000000010000000000000000000000000001000000100000000000000000000000000000000000000000000000000010000000000000000000000000000000000000000000000001
00100000000000000000000000000000000000010000000000000000000000000001000000100000000000000000000000000000000000000000000000000010000000000000000000000000000000000000000000000001
00100000000000000000000000000000000000010000000000000000000000000001101010001001000000000000000000000000000000000000000000000010000000000000000000000000000000000000000000000001
00100000000000000000000000000000000000010000000000000000000000000001001000100001000000000000000000000000000000000000000000000010000000000000000000000000000000000000000000000001
00100000000000000000000000000000000001010000000000000000000000000001001001100001000000000000000000000000000000000000000000000010000000000000000000000000000000000000000000000001
00100000000000000000000000000000000000000000000000000000000000000001001000000001000000000000000000000000000000000000000000000010000000000000000000000000000000000000000000000001
00100000000000000000000000000000000000000000000000000000000000000001001000000001000000001010100010001000100010001001000000000010000000000000000000000000000000000000000000000001
00100000000000000000000000000000000000000000000000000000000000001010100010010001000000000010000000000000000000000001000000000010000000000000000000000000000000000000000000000001
00100000000000000000000000000000000000000000000000000000000000000010011000010101000000000110010001000100010001000101000000000010000000000000000000000000000000000000000000000001
00100000000000000000000000000000000000000000000000000000000000000010000000010000000000000000000000000000000000000000000000000010000000000000000000000000000000000000000000000001
00100000000000000000000000000000000000000000000000000000000000000010000000010000000000000000000000000000000000000000000000000010000000000000000000000000000000000000000000000001
00100000000000000000000000000000000000000000000000000000000000000010000000010000000000000000000000000000000000000000000000000010000000000000000000000000000000000000000000000001
00100000000000000000000000000000000000000000000000000000000000000010000000010000000000000000000000000000000000000000000000000010000000000000000000000000000000000000000000000001
00100000000000000000000000000000000000000000000000000000000000000110010001010000000000000000000000000000000000000000000000000010000000000000000000000000000000000000000000000001
00100000000000000000000000000000000000000000000000000000000000000001000000000000000000000000000000000000000000000000000000000010000000000000000000000000000000000000000000000001
00100000000000000000000000000000000000000000000000000000000000000001000000000000000000000000000000000000000000000000000000000010000000000000000010101001000000000000000000000001
00100000000000000000000000000000000000000000000000000000000000000001000000000000000000000000000000000000000000000000000000000010000000000000000000100001000000000000000000000001
00100000000000000000000000000000000000000000000000000000000000000101000000000000000000000000000000000000000000000000000000000110000000000000000000100001000000000000000000000001
00100000000000000000000000000000000000000000000000000000000000000000000000000000000000000000000000000000000000000000000000000000000000000000000000100001000000000000000000000001
00100000000000000000000000000000000000000000000000000000000000000000000000000000000000000000000000000000000000000000000000000000000000000000000000100001000000000000000000000001
00100000000000000000000000000000000000000000000000000000000000000000000000000000000000000000000000000000000000000000000000000000000000000000000000100001000000000000000000000001
00100000000000000000000000000000000000000000000000000000000000000000000000000000000000000000000000000000000000000000000000000000000000000000000000100001000000000000000000000001
00100000000000000000000000000000000000000000000000000000000000000000000000000000000000000000000000000000000000000000000000000000000000000000000001100101000000000000000000000001
00100000000000000000000000000000000000000000000000000000000000000000000000000000000000000000000000000000000000000000000000000000000000000000000000000000000000000000000000000001
00100000000000000000000000000000000000000000000000000000000000000000000000000000000000000000000000000000000000000000000000000000000000000000000000000000000000000000000000000001
00100000000000000000000000000000000000000000000000000000000000000000000000000000000000000000000000000000000000000000000000000000000000000000000000000000000000000000000000000001
00100000000000000000000000000000000000000000000000000000000000000000000000000000000000000000000000000000000000000000000000000000000000000000000000000000000000000000000000000001
00100000000000000000000000000000000000000000000000000000000000000000000000000000000000000000000000000000000000000000000000000000000000000000000000000000000000000000000000000001
01100100010001000100010001000100010001000100010001000100010001000100010001000100010001000100010001000100010001000100010001000100010001000100010001000100010001000100010001000101
