10101000100010001000100010001000100010001000100010001000100010001000100010001000100010001000100010001000100010001000100010001000100010001000100010001000100010001001
00100000000000000000000000000000000000000000000000000000000000000000000000000000000000000000000000000000000000000000000000000000000000000000000000000000000000000001
00100100010001000100010001000100010001000100010001000100010100000000000000000000000000000000000000000000000000001010000000000000000000000000000000000000000000000001
00100110010001000100010001000100000100000000000000000000000000000000000000000000000000000000000000000000000000000010000000000000000000000000000000000000000000000001
00100000000000000000000000000000000100000000000000000000000000000000000000000000000000000000000000000000000000000010000000000000000000000000000000000000000000000001
00100000000000000000000000001010100010010000100100000000000000000000000000000000000000000000000000000000000000001010000000000000000000000000000000000000000000000001
00100000000000000000000000000010000100010000000100000000000000000000000000000000000000000000000000000000000000000010000000000000000000000000000000000000000000000001
00100000000000000000000000000010000100010000000100000000000000000000000000000000000000000000000000000000000000000010000000000000000000000000000000000000000000000001
00101000100010001000100010001000100010001000100010001000100100000000000000000000000000000000000000000000000000000010000000000000000000000000000000000000000000000001
00100000000000000000000000000010000100010000000100000000000000000000000000000000000000000000000000000000000000000010000000000000000000000000000000000000000000000001
00100000000000000000000000000010000100010000000100000000000000000000000000000000000000000000000000000000000000000010000000000000000000000000000000000000000000000001
00100000000000000000000000000110010001010000000100000000000000000000000000000000000000000000000000000000000000000010000000000000000000000000000000000000000000000001
00100000000000000000000000000000000100000000000100000000000000000000000000000000000000000000000000000000000000000010000000000000000000000000000000000000000000000001
00100000000000000000000000000000000100000000000100000000000000000000000000000000000000000000000000000000000000000010000000000000000000000000000000000000000000000001
00100000000000000000000000000000000100000000000100000000000000000000000000000000000000000000000000000000000000000010000000001010100010010000000000000000000000000001
00100000000000000000000000000000000100000000000100000000000000000000000000000000000000000000000000000000000000000010000000000010000000010000000000000000000000000001
00100000000000000000000000000000000100000000000100000000000000000000000000000000000000000000000000000000000000000010000000000010000000010000000000000000000000000001
00100000000000000000000000000000000100000000000100000000000000000000000000000000000000000000000000000000000000000010000000000010000000010000000000000000000000000001
00100000000000000000000000000000000100000000000100000000000000000000000000000000000000000000000000000000000000000010000000000010000000010000000000000000000000000001
00100000000000000000000000000000000100000000000100000000000000000000000000000000000000000000000000000000000000000010000000001010100010010000000000000000000000000001
00100000000000000000000000000000000100000000000100000000000000000000000000000000000000000000000000000000000000000010000000000010010000010000000000000000000000000001
00100000000000000000000000000000000100000000000100000000000000000000000000000000000000000000000000000000000000000010000000000010000000010000000000000000000000000001
00100000000000000000000000000000000100000000000100000000000000000000000000000000000000000000000000000000000000000010000000000010000000010000000000000000000000000001
00100000000000000000000000000000000100000000000100000000000000000000000000000000000000000000000000000000000000000010000000000010000000010000000000000000000000000001
00100000000000000000000000000000000100000000000100000000000000000000000000000000000000000000000000000000000000000010000000000010000000010000000000000000000000000001
00100000000000000000000000000000000100000000000100000000000000000000000000000000000000000000000000000000000000000010000000000110010001010000000000000000000000000001
00100000000000000000000000000000000100000000000100000000000000000000000000000000000000000000000000000000000000000010000000000000000000000000000000000000000000000001
00100000101010001001000000000000000100000000000100000000000000000000000000000000000000000000000000000000000000000010000000000000000000000000000000000000000000000001
00100000001000000001000000000000000100000000000100000000000000000000000000000000000000000000000000000000000000000010000000000000000000000000000000000000000000000001
00100000001000000001000000000000000100000000000100000000000000000000000000000000000000000000000000000000000000000010000000000000000000000000000000000000000000000001
00100000001000000001000000000000010100000000010100000000000000000000000000000000000000000000000000000000000000000110000000000000000000000000000000000000000000000001
00101000100100000001000000000000000000000000000000000000000000000000000000000000000000000000000000000000000000000000000000000000000000000000000000000000000000000001
00100000000100000001000000000000000000000000000000000000000000000000000000000000000000000000000000000000000000000000000000000000000000000000000000000000000000000001
00100000000101000101000000000000000000000000000000000000000000000000000000000000000000000000000000000000000000000000000000000000000000000000000000000000000000000001
00100000000100000000000000000000000000000000000000000000000000000000000000000000000000000000000000000000000000000000000000000000000000000000000000000000000000000001
00100000000100000000000000000000000000000000000000000000000000000000000000000000000000000000000000000000000000000000000000000000000000000000000000000000000000000001
00100000000100000000000000000000000000000000000000000000000000000000000000000000000000000000000000000000000000000000000000000000000000000000000000000000000000000001
00100100010100000000000000000000000000000000000000000000000000000000000000000000000000000000000000000000000000000000000000000000000000000000000000000000000000000001
00100000000000000000000000000000000000000000000000000000000000000000000000000000000000000000000000000000000000000000000000000000000000000000000000000000000000000001
00100000000000000000000000000000000000000000000000000000000000000000000000000000000000000000000000000000000000000000000000000000000000000000000000000000000000000001
00100000000000000000000000000000000000000000000000000000000000000000000000000000000000000000000000000000000000000000000000000000000000000000000000000000000000000001
00100000000000000000000000000000000000000000000000000000000000000000000000000000000000000000000000000000000000000000000000000000000000000000000000000000000000000001
00100000000000000000000000000000000000000000000000000000000000000000000000000000000000000000000000000000000000000000000000000000000000000000000000000000000000000001
00100000000000000000000000000000000000000000000000000000000000000000000000000000000000000000000000000000000000000000000000000000000000000000000000000000000000000001
00100000000000000000000000000000000000000000000000000000000000000000000000000000000000000000000000000000000000000000000000000000000000000000000000000000000000000001
00100000000000000000000000000000000000000000000000000000000000000000000000000000000000000000000000000000000000000000000000000000000000000000000000000000000000000001
00100000000000000000000000000000000000000000000000000000000000000000000000000000000000000000000000000000000000000000000000000000000000000000000000000000000000000001
01100100010001000100010001000100010001000100010001000100010001000100010001000100010001000100010001000100010001000100010001000100010001000100010001000100010001000101
