101010001000100010001000100010001000100010001000100010001000100010001000100010001000100010001000100010001000100010001000100010001000100010001001
001000000000000000000000000000000000000000000000000000000000000000000000000000000000000000000000000000000000000000000000000000000000000000000001
001000000000000000000000000000000000000000000000000000000000000000000000000000000000000000000000000000000000000000000000000000000000000000000001
001000000000000000000000000000000000000000000000000000000000000000000000000000000000000000000000000000000000000000000000000000000000000000000001
001000000000000000000000000000000000000000000000000000000000000000000000000000000000000000000000000000000000000000000000000000000000000000000001
001000000000000000000000000000000000000000001001000000000000000000000000000000000000000000000000000000000000000000000000000000000000000010100001
001000000000000000000000000000000000000000000001000000000000000000000000000000000000000000000000000000000000000000000000000000000000000000100001
001000000000000000000000000000000000000000000001000010010000000000000000000000000000000000000000000000000000000000000000000000000000000000100001
001000000000000000000000000000000000000000000001000000010000000000000000000000000000000000000000000000000000000000000000000000000000000000100001
001000000000000000000000000000000000000000000001000000010000000000000000000000000000000000000000000000000000000000000000000000000000000000100001
001000000000000000000000000000000000000000000001000000010000000000000000000000000000000000000000000000000000000000000000000000000000000000100001
001000000000000000000000000000000000000000000001000000010000000000000000000000000000000000000000000000000000000000000000000000000000000000100001
001000000000000000000000000000000000000000000001000000010000000000000000000000000000000000000000000000000000000000000000000000000000000000100001
001000000000000000000000000000000000000000000001000000010000000000000000000000000000000000000000000000000000000000000000000000000000000000100001
001000000000000000000000000000000000000000000001000000010000000000000000000000000000000000000000000000000000000000000000000000000000000000100001
001000000000000000000000000000000000000000000001000000010000000000000000000000000000000000000000000000000000000000000000000000000000000000100001
001000000000000000000000000000000000000000000001000000010000000000000000000000000000000000000000000000000000000000000000000000000000000000100001
001000000000000000000000000000000000000000000001000000010000000000000000000000000000000000000000000000000000000000000000000000000000000000100001
001000000000000000000000000000000000000000000001000000010000000000000000000000000000000000000000000000000000000000000000000000000000000000100001
001000000000000000000000000000000000000000000001000000010000000000000000000000000000000000000000000000000000000000000000000000000000000000100001
001000000000000000000000000000000000000000000001000000010000000000000000000000000000000000000000000000000000000000000000000000000000000000100001
001000000000000000000000101010001001000000000001000000010000000000000000000000000000000000000000000000000000000000000000000000000000000000100001
001000000000000000000000001000000001000000000001000000010000000000000000000000000110010001000100010001000100010001000100010001000101000000100001
001000000000000000000000001000000001000000000001000000010000000000000000000000000000000000000000000000000000000000000000000000000000000000100001
001000000000000000000000001000000001000000000001000000010000000000000000000000000000000000000000000000000000000000000000000000000000000000100001
001000000000000000000000001000000001000000000001000000010000000000000000000000000000000000000000000000000000000000000000000000000000000000100001
001000000000000000000000001000000001000000000001000000010000000000000000000000001010100010001000100010001000100010001000100010001001000000100001
001000000000000000000000011001000101000000000001000000010000000000000000000000000000000000000000000000000000000000000000000000000000000000100001
001000000000000000000000000000000000000000000001000000010000000000000000000000000000000000000000000000000000000000000000000000000000000000100001
001000000000000010101000100100000000000000000001000000010000000000000000000000000000000000000000000000000000000000000000000000000000000000100001
001000000000000000100000000100000000000000000001000000010000000000000000000000000000000000000000000000000000000000000000000000000000000000100001
001000000000000000100000000100000000000000000001000000010000000000000000000000000000000000000000000000000000000000000000000000000000000000100001
001000000000000000100000000100000000000000000001000000010000000000000000000000000000000000000000000000000000000000000000000000000000000000100001
001000000000000000100000000100000000000000000001000000010000000000000000000000000000000000000000000000000000000000000000000000000000000000100001
001000000000000000100000000100000000000000000001000000010000000000000000000000000000000000000000000000000000000000000000000000000000000000100001
001000000000000001100100010100000000000000000001000000010000000000000000000000000000000000000000000000000000000000000000000000000000000000100001
001000000000000000000000000000000000000000000101000000010000000000000000000000000000000000000000000000000000000000000000000000000000000001100001
001000000000000000000000000000000000000000000000000001010000000000000000000000000000000000000000000000000000000000000000000000000000000000000001
001000000000000000000000000000000000000000000000000000000000000000000000000000000000000000000000000000000000000000000000000000000000000000000001
001000000000000000000000000000000000000000000000000000000000000000000000000000000000000000000000000000000000000000000000000000000000000000000001
001000000000000000000000000000000000000000000000000000000000000000000000000000000000000000000000000000000000000000000000000000000000000000000001
001000000000000000000000000000000000000000000000000000000000000000000000000000000000000000000000000000000000000000000000000000000000000000000001
001000000000000000000000000000000000000000000000000000000000000000000000000000000000000000000000000000000000000000000000000000000000000000000001
001000000000000000000000000000000000000000000000000000000000000000000000000000000000000000000000000000000000000000000000000000000000000000000001
001000000000000000000000000000000000000000000000000000000000000000000000000000000000000000000000000000000000000000000000000000000000000000000001
001000000000000000000000000000000000000000000000000000000000000000000000000000000000000000000000000000000000000000000000000000000000000000000001
001000000000000000000000000000000000000000000000000000000000000000000000000000000000000000000000000000000000000000000000000000000000000000000001
001000000000000000000000000000000000000000000000000000000000000000000000000000000000000000000000000000000000000000000000000000000000000000000001
001000000000000000000000000000000000000000000000000000000000000000000000000000000000000000000000000000000000000000000000000000000000000000000001
001000000000000000000000000000000000000000000000000000000000000000000000000000000000000000000000000000000000000000000000000000000000000000000001
001000000000000000000000000000000000000000000000000000000000000000000000000000000000000000000000000000000000000000000000000000000000000000000001
001000000000000000000000000000000000000000000000000000000000000000000000000000000000000000000000000000000000000000000000000000000000000000000001
001000000000000000000000000000000000000000000000000000000000000000000000000000000000000000000000000000000000000000000000000000000000000000000001
001000000000000000000000000000000000000000000000000000000000000000000000000000000000000000000000000000000000000000000000000000000000000000000001
011001000100010001000100010001000100010001000100010001000100010001000100010001000100010001000100010001000100010001000100010001000100010001000101
