1010100010001000100010001000100010001000100010001000100010001000100010001000100010001000100010001000100010001000100010001000100010001000100010001000100010001001
0010000000001010100010001000100100000000000000000000000000000000000000000000000000000000000000000000000000000000000000000000000000000000000000000000000000000001
0010000000000010000000000000000100000000000000000000000000000000000000000000000000000000000000000000000000000000000000000000000000000000000000000000000000000001
0010000000000010000000000000000100000000000000000000000000000000000000000000000000000000000000000000000000000000000000000000000000000000000000000000000000000001
0010000000000010000000000000000100000000000000000000000000000000000000000000000000000000000000000000000000000000000000001010100010010000000000000000000000000001
0010000000000110010001000100010100000000000000000000000000000000000000000000000000000000000000000000000000000000000000000010000000010000000000000000000000000001
0010000000000000000000000000000000000000000000000000000000000000000000000000000000000000000000000000000000000000000000000010000000010000000000000000000000000001
0010000000000000000000000000000000000000000000000000000000000000000000000000000000000000000000000000000000000000000000000010000000010000000000000000000000000001
0010000000000000000000000000000000000000000000000000000000000000000000000000000000000000000000000000000000000000000000000010000000010000000000000000000000000001
0010000000000000000000000000000000000000000000000000000000000000000000000000000000000000000000000000000000000000000000000010000000010000000000000000000000000001
0010000000000000000000000000000000000000000000000000000000000000000000000000000000000000000000000000000000000000000000000110010001010000000000000000000000000001
0010000000000000000000000000000000000000000000000000000000000000000000000000000000000000000000000000000000000000000000000000000000000000000000000000000000000001
0010000000000000000000000000000000000000000000000000000000000000000000000000000000000000000000000000000000000000000000000000000000000000000000000000000000000001
0010000000000000000000000000000000000000000000000000000000000000000000000000000000000000000000000000000000000000000000000000000000000000000000000000000000000001
0010000000000000000000000000000000000000000000000000000000000000000000000000000000000000000000000000000000000000000000000000000000000000000000000000000000000001
0010000000000000000000000000000000000000000000000000000000000000000000000000000000000000000000000000000000000000000000000000000000000000000000000000000000000001
0010000000000000000000000000000000000000101010001001000000000000000000000000000000000000100100000000000000000000000000001010000000000000000000000000000000000001
0010000000000000000000000000000000000000001000000001000000000000000000000000000000000000000100000000000000000000000000000010000000000000000000000000000000000001
0010000000000000000000000000000000000000001000000001000000000000000000000000000000000000000100001001000000000000000000000010000000000000000000000000000010100001
0010000000000000000000000000000000000000001000000001000000000000000000000000000000000000000100000001000000000000000000000010000000000000000000000000000000100001
0010000000000000000000000000000000000000001000000001000000000000000000000000000000000000000100000001000000000000000000000010000000000000000000000000000000100001
0010000000000000000000000000000000000000001000000001000000000000000000000000000000000000000100000001000000000000000000000010000000000000000000000000000000100001
0010000000000000000000000000000000000000011001000101000000000000000000000000000000000000000100000001000000000000000000000010000000000000000000000000000000100001
0010000000000000000000000000000000000000000000000000000000000000000000000000000000000000000100000001000000000000000000000010000000000000000000000000000000100001
0010000000000000000000000000000000000000000000000000000000000000000000000000000000000000000100000001000000000000000000000010000000000000000000000000000000100001
0010000000000000000000000000000000000000000000000000000000000000000000000000000000000000000100000001000000000000000000000010000000000000000000000000000000100001
0010000000000000000000000000000000000000000000000000000000000000000000000000000000000000000100000001000000000000000000000010000000000000000000000000000000100001
0010000000000000000000000000000000000000000000000000000000000000000000000000000000000000000100000001000000000000000000000010000000000000000000000000000000100001
0010000000000000000000000000000000000000000000000000000000000000000000000000000000000000000100000001000000000000000000000010000000000000000000000000000000100001
0010000000000000000000000000000000000000000000000000000000000000000000000000000000000000000100000001000000000000000000000010000000000000000000000000000000100001
0010000000000000000000000000000000000000000000000000000000000000000000000000101010001001000100000001000000000000000000000010000000000000000000000000000000100001
0010000000000000000000000000000000000000000000000000000000000000000000000000001000000001000100000001000000000000000000000010000000000000000000000000000000100001
0010000000000000000000000000000000000000000000000000000000000000000000000000001000000001010100000001000000000000000000000110000000000000000000000000000000100001
0010000000000000000000000000000000000000000000000000000000000000000000000000001000000001000000000001000000000000000000000000000000000000000000000000000000100001
0010000000000000000000000000000000000000000000000000000000000000000000000000001000000001000000000001000000000000000000000000000000000000000000000000000000100001
0010000000000000000000000000000000000000000000000000000000000000000000000000001000000001000000000001000000000000000000000000000000000000000000000000000000100001
0010000000000000000000000000000000000000000000000000000000000000000000000000011001000101000000000001000000000000000000000000000000000000000000000000000000100001
0010000000000000000000000000000000000000000000000000000000000000000000000000000000000000000000000001000000000000000000000000000000000000000000000000000000100001
0010000000000000000000000000000000000000000000000000000000000000000000000000000000000000000000000001000000000000000000000000000000000000000000000000000000100001
0010000000000000000000000000000000000000000000000000000000000000000000000000000000000000000000000001000000000000000000000000000000000000000000000000000000100001
0010000000000000000000000000000000000000000000000000000000000000000000000000000000000000000000000101000000000000000000000000000000000000000000000000000001100001
0010000000000000000000000000000000000000000000000000000000000000000000000000000000000000000000000000000000000000000000000000000000000000000000000000000000000001
0010000000000000000000000000000000000000000000000000000000000000000000000000000000000000000000000000000000000000000000000000000000000000000000000000000000000001
0010000000000000000000000000000000000000000000000000000000000000000000000000000000000000000000000000000000000000000000000000000000000000000000000000000000000001
0010000000000000000000000000000000000000000000000000000000000000000000000000000000000000000000000000000000000000000000000000000000000000000000000000000000000001
0010000000000000000000000000000000000000000000000000000000000000000000000000000000000000000000000000000000000000000000000000000000000000000000000000000000000001
0010000000000000000000000000000000000000000000000000000000000000000000000000000000000000000000000000000000000000000000000000000000000000000000000000000000000001
0010000000000000000000000000000000000000000000000000000000000000000000000000000000000000000000000000000000000000000000000000000000000000000000000000000000000001
0010000000000000000000000000000000000000000000000000000000000000000000000000000000000000000000000000000000000000000000000000000000000000000000000000000000000001
0110010001000100010001000100010001000100010001000100010001000100010001000100010001000100010001000100010001000100010001000100010001000100010001000100010001000101
