101010001000100010001000100010001000100010001000100010001000100010001000100010001000100010001000100010001000100010001000100010001000100010001000100010001000100010001001
001000000000000000000000000010010000000000000000000000000000000000000000000000000000000000000000000000000000000000000000000000000000000010100000000000000000000000000001
001000000000000000000000000000010000000000000000000000000000000000000000000000000000000000000000000000000000000000000000000000000000000000100000000000000000000000000001
001000000000000000000000000000010000000000000000000000000000000000000000000000000000000000000000000000000000000000000000000000000000000000100000000000000000000000000001
001000000110010001000100010001000100010001000100010001000101000000000000000000000000000000000000000000000000000000000000000000000000000000100000000000000000000000000001
001000000000000000000000000000010000000000000000001000000001000000000000000000000000000000000000000000000000000000000000000000000000000000100000000000000000000000000001
001000000000000000000000000000010000000000000000001000000001000000000000000000000000000000000000000000000000000000000000000000000000000000100000000000000000000000000001
001000000000000000000000000000010000000000000000001000000001000000000000000000000000000000000000000000000000000000000000000000000000000000100000000000000000000000000001
001000001010100010001000100010001000100010001000100010001001000000000000000000000000000000000000000000000000000000000000000000000000000000100000000000000000000000000001
001000000000000000000000000000010000000000000000001000000001100100000000000000000000000000000000000000000000000000000000000000000000000000100000000000000000000000000001
001000000000000000000000000000010000000000000000011001000101000100000000000000000000000000000000000000000000000000000000000000000000000000100000000000000000000000000001
001000000000000000000000000000010000000000000000000000000000000100000000000000000000000000000000000000000000000000000000000000000000000000100000000000000000000000000001
001000000000000000000000000000010000000000000000000000000000000100000000000000000000000000000000000000000000000000000000000000000000000000100000000000000000000000000001
001000000000000000000000000000010000000000000000000000000000000100000000000000000000000000000000000000000000000000000000000000000000000000100000000000000000000000000001
001000000000000000000000000000010000000000000000000000000000000100000000000000000000000000000000000000000000000000000000000000000000000000100000000000000000000000000001
001000000000000000000000000000010000000000000000000000000000000100000000000000000000000000000000000000000000000000000000000000000000000000100000000000000000000000000001
001000000000000000000000000000010000000000000000000000000000000100000000000000000000000000000000000000000000000000000000000000000000000000100000000000000000000000000001
001000000000000000000000000000010000000000000000000000000000000100000000000000000000000000000000000000000000000000000000000000000000000000100000000000000000000000000001
001000000000000000000000000000010000000000000000000000000000000100000000000000000000000000000000000000000000000000000000000000000000000000100000000000000000000000000001
001000000000000000000000000000010000000000000000000000000000000100000000000000000000000000000000000000000000000000000000000000000000000000100000000000000000000000000001
001000000000000000000000000000010000000000000000000000000000000100000000000000000000000000000000000000000000000000000000000000000000000000100000000000000000000000000001
001000000000000000000000000000010000000000000000000000000000000100000000000000000000000000000000000000000000000000000000000000000000000000100000000000000000000000000001
001000000000000000000000000000010000000000000000000000000000000100000000000000000000000000000000000000000000000000000000000000000000000000100000000000000000000000000001
001000000000000000000000000000010000000000000000000000000000000100000000000000000000000000000000000000000000000000000000000000000000000000100000000000000000000000000001
001000000000000000000000000000010000000000000000000000000000000100000000000000000000000000000000000000000000000000000000000000000000000000100000000000000000000000000001
001000000000000000000000000000010000000000000000000000000000000100000000000000000000000000000000000000000000000000000000000000000000000000100000000000000000000000000001
001000000000000000000000000000010000000000000000000000000000000100000000000000000000000000000000000000000000000000000000000000000000000000100000000000000000000000000001
001000000000000000000000000000010000000000000000000000000000000100000000000000000000000000000000000000000000000000000000000000000000000000100000000000000000000000000001
001000000000000000000000000000010000000000000000000000000000000100000000000000000000000000000000000000000000000000000000000000000000000000100000000000000000000000000001
001000000000000000000000000000010000000000000000000000000000000100000000000000000000000000000000000000000000000000000000000000000000000000100000000000000000000000000001
001000000000000000000000000000010000000000000000000000000000000100000000000000000000000000000000000000000000000000000000000000000000000000100000000000000000000000000001
001000000000000000000000000000010000000000000000000000000000000100000000000000000000000000000000000000000000000000000000000000000000000000100000000000000000000000000001
001000000000000000000000000000010000000000000000000000000000000100000000000000000000000000000000000000000000000000000000000000000000000000100000000000000000000000000001
001000000000000000000000000000010000000000000000000000000000000100000000000000000000000000000000000000000000000000000000000000000000000000100000000000000000000000000001
001000000000000000000000000000010000000000000000000000000000000100000000000000000000000000000000000000000000000000000000000000000000000000100000000000000000000000000001
001010001001000000000000000000010000000000000000000000000000000100000000000000000000000000000000000000000000000000000000000000000000000000100000000000000000000000000001
001000000001000000000000000001010000000000000000000000000000000100000000000000000000000000000000000000000000000000000000000000000000000001100000000000000000000000000001
001000000001000000000000000000000000000000000000000000000000000100000000000000000000000000000000000000000000000000000000000000000000000000000000000000000000000000000001
001000000001000000000000000000000000000000000000000000000000000100000000000000000000000000000000101010001001000000000000000000000000000000000000000000000000000000000001
001000000001000000000000000000000000000000000000000000000000000100000000000000000000000000000000001000000001000000000000000000000000000000000000000000000000000000000001
001000000001000000000000000000000000000000000000000000000000000100000000000000000000000000000000001000000001000000000000000000000000000000000000000000000000000000000001
001001000101000000000000000000000000000000000000000000000000000100000000000000000000000000000000001000000001000000000000000000000000000000000000000000000000000000000001
001000000000000000000000000000000000000000000000000000000000000100000000000000000000000000000000001000000001000000000000000000000000000000000000000000000000000000000001
001000000000000000000000000000000000000000000000000000000000010100000000000000000000000000000000001000000001000000000000000000000000000000000000000000000000000000000001
001000000000000000000000000000000000000000000000000000000000000000000000000000000000000000000000011001000101000000000000000000000000000000000000000000000000000000000001
001000000000000000000000000000000000000000000000000000000000000000000000000000000000000000000000000000000000000000000000000000000000000000000000000000000000000000000001
011001000100010001000100010001000100010001000100010001000100010001000100010001000100010001000100010001000100010001000100010001000100010001000100010001000100010001000101
