1010100010001000100010001000100010001000100010001000100010001000100010001000100010001000100010001000100010001000100010001000100010001000100010001000100010001000100010001000100010001000100010001001
0010000000000000000000000001000000000000000000000000000000000000000000000000000000000000000000000000000000000000000000100000000000000000000000000000000000000000000000000000000000000000000000000001
0010010001000100010001000100010001000100010001000100010001000100010001000100010001000100010001000100010001000100010001011010100010010000000000000000000000000000000000000000000000000000000000000001
0010000000000000000000000001000000000000000000000000000000000000000000000000000000000000000000000000000000000000000000100010000000010000000000000000000000000000000000000000000000000000000000000001
0010000001100100010001000100010001000100010001000100010001000100010001000100010001000100010001000100010001000100010100100010000000010000000000000000000000000000000000000000000000000000000000000001
0010000000000000000000000001000000000000000000000000000000000000000000000000000000000000000000000000000000000000000000100010000000010000000000000000000000000000000000000000000000000000000000000001
0010000000000000000000000001000000000000000000000000000000000000000000000000000000000000000000000000000000000000000000100010000000010000000000000000000000000000000000000000000000000000000000000001
0010000000000000000000000001000000000000000000000000000000000000000000000000000000000000000000000000000000000000000000100010000000010000000000000000000000000000000000000000000000000000000000000001
0010000000000000000000000001000000000000000000000000000000000000000000000000000000000000000000000000000000000000000000100110010001010000000000000000000000000000000000000000000000000000000000000001
0010000000000000000000000001000000000000000000000000000000000000000000000000000000000000000000000000000000000000000000100000000000000000000000000000000000000000000000000000000000000000000000000001
0010000000000000000000000001000000000000000000000000000000000000000000000000000000000000000000000000000000001010100010010000000000000000000000000000000000000000000000000000000000000000000000000001
0010000000000000000000000001000000000000000000000000000000000000000000000000000000000000000000000000000000000010000000010000000000000000000000000000000000000000000000000000000000000000000000000001
0010000000000000000000000001000000000000000000000000000000000000000000000000000000000000000000000000000000000010000000010000000000000000000000000000000000000000000000000000000000000000000000000001
0010000000000000000000000001000000000000000000000000000000000000000000000000100100000000101000000000000000000010000000010000000000000000000000000000000000000000000000000000000000000000000000000001
0010000000000000000000000001000000000000000000000000000000000000000000000000000100000000001000000000000000000010000000010000000000000000000000000000000000000000000000000000000000000000000000000001
0010000000000000000000000001000000000000000000000000000000000000000000000000000100000000001000000000000000000010000000010000000000000000000000000000000000000000000000000000000000000000000000000001
0010000000000000000000000001000000000000000000000000000000000000000000000000000100000000001000000000000000000110010001010000000000000000000000000000000000000000000000000000000000000000000000000001
0010000000000000000000000001000000000000000000000000000000000000000000000000000100000000001000000000000000000000000000100000000000000000000000000000000000000000000000000000000000000000000000000001
0010000000000000000000000001000000000000000000000000000000000000000000000000000100000000001000000000000000000000000000100000000000000000000000000000000000000000000000000000000000000000000000000001
0010000000000000000000000001000000000000000000000000000000000000000000000000000100000000001000000000100100000000000000100000000000000000000010100000000000000000000000000000000000000000000000000001
0010000000000000000000000001000000000000000000000000000000000000000000000000000100000000001000000000101010010000000000100000000000000000000000100000000000000000000000000000000000000000000000000001
0010000000000000000000000001000000000000000000000000000000000000000000000000000100000000001000000000001000010000000000100000000000000000000000100000000000000000000000000000000000000000000000000001
0010000010101000100010001000100010001000100010001000100010001000100010001000100010001000100010001000100010001000100100100000000000000000000000100000000000000000000000000000000000000000000000000001
0010100010001000100010001000100010001000100010001000100010001000100010001000100010001000100010001000100010001000100010010000000000000000000000100000000000000000000000000000000000000000000000000001
0010000000000000000000000001000000000000000000000000000000000000000000000000010100000000011000000000001000010000000000100000000000000000000000100000000000000000000000000000000000000000000000000001
0010000000000000000000000001000000000000000000000000000000000000000000000000000000000000000000000000001000010000000000100000000000000000000000100000000000000000000000000000000000000000000000000001
0010000000000000000000000001000000000000000000000000000000000000000000000000000000000000000000000110010001000100010001000100010001000100010001000100010001000100010001000100010001000101000000000001
0010000000000000000000000001000000000000000000000000000000000000000000000000000000000000000000000000011001010000000000100000000000000000000000100000000000000000000000000000000000000000000000000001
0010000000000000000000000001000000000000000000000000000000000000000000000000000000000000000000000000000100001010100010010000000000000000000000100000000000000000000000000000000000000000000000000001
0010000000000000000000000001000000000000000000000000000000000000000000000000000000000000000000000000000100000010000000010000000000000000000000100000000000000000000000000000000000000000000000000001
0010000000000000000000000001000000000000000000000000000000000000000000000000000000000000000000000000000100000010000000010000000000000000000000100000000000000000000000000000000000000000000000000001
0010000000000000000000000101000000000000000000000000000000000000000000000000000000000000000000000000000100000010000001100100010001000100010001000100010001000100010100000000000000000000000000000001
0010000000000000000000000000000000000000000000000000000000000000000000000000000000000000000000000000000100000010000000010000000000000000000000100000000000000000000000000000000000000000000000000001
0010000000000000000000000000000000000000000000000000000000000000000000000000000000000000000000000000000100000010000000010000000000000000000000100000000000000000000000000000000000000000000000000001
0010000000000000000000000000000000000000000000000000000000000000000000000000000000000000000000000000000100000110010010101000100010001000100010001000100010001000100100000000000000000000000000000001
0010000000000000000000000000000000000000000000000000000000000000000000000000000000000000000000000000000100000000000000000000000000000000000000100000000000000000000000000000000000000000000000000001
0010000000000000000000000000000000000000000000000000000000000000000000000000000000000000000000000000000100000000000000000000000000000000000000100000000000000000000000000000000000000000000000000001
0010000000000000000000000000000000000000000000000000000000000000000000000000000000000000000000000000010100000000000000000000000000000000000001100000000000000000000000000000000000000000000000000001
0010000000000000000000000000000000000000000000000000000000000000000000000000000000000000000000000000000000000000000000000000000000000000000000000000000000000000000000000000000000000000000000000001
0110010001000100010001000100010001000100010001000100010001000100010001000100010001000100010001000100010001000100010001000100010001000100010001000100010001000100010001000100010001000100010001000101
