10101000100010001000100010001000100010001000100010001000100010001000100010001000100010001000100010001000100010001000100010001000100010001000100010001001
00100000000000000000000000000000000000000000000000000000000000000000000000000000000000000000000000000000000000000000000000000000000000000000000000000001
00100000000000000000000000000000000000000000000000000000000000000000000000000000000000000000000000000000000000000000000000000000000000000000000000000001
00100000000000000000000000000000000000000000000000000000000000000000000000000000000000000000000000000000000000000000000000000000000000000000000000000001
00100000000000000000000000000000000000000000000000000000000000000000000000000000000000000000000000000000000000000000000000000000000000000000000000000001
00100000000000000000000000000000000000000000000000000000000000000000000000000000000000000000000000000000000000000000000000000000000000000000000000000001
00100000000000000000000000000000000000000000000000000000000000000000000000000000000000000000000000000000000000000000000000000000000000000000000000000001
00100000000000000000000000000000000000000000000000000000000000000000000000000000000000000000000000000000000000000000000000000000000000000000000000000001
00100000000000000000000000000000000000000000000000000000000000000000000000000000000000000000000000000000000000000000000000000000000000000000000000000001
00100000000000000000000000000000000000000000000000000000000000000000000000000000000000000000000000000000000000000000000000000000000000000000000000000001
00100000000000000000000000000000000000000000000000000000000000000000000000000000000000000000000000000000000000000000000000000000000000000000000000000001
00100000000000000000000000000000000000000000000000000000000000000000000000000000000000000000000000000000000000000000000000000000000000000000000000000001
00100000000000000000000000000000000000000000000000000000000000000000000010010000101000000000000000000000000000000000000000000000000000000000000000000001
00100000000000000000000000000000000000000000000000000000000000000000000000010000001000000000000000000000000000000000000000000000000000000000000000000001
00100000000000000000000000000000000000000000000000000000000000000000000000010000001000000000000000000000000000000000000000000000000000000000000000000001
00100000000000000000000000000000000000000000000000000000000000000000000000010000001010010000101000000000000000000000000000000000000000000000000000000001
00100000000000000000000000000000000000000000000000000000000000000000000000010000001000010000001000000000000000000000000000000000000000000000000000000001
00100000000000000000000000000000000000000000000000000000000000000000000000010000001000010000001000000000000000000000000000000000000000000000000000000001
00100000000000000000000000000000000000000000000000000000000000000000000000010000001000010000001010010000000000000000000000001010000000000000000000000001
00100000000000000000000000000000000000000000000000000000000000000000000000010000001000010000001000010000000000000000000000000010000000000000000000000001
00100000000000000000000000000000000000000000000000000000000000000000000000010000001000010000001000010000000000000000000000000010000000000000000000000001
00100000000000000000000000000000000000000000000000000000000000000000000000010110010001000100010001000100010001000100010001010010000000000000000000000001
00100000000000000000000000000000000000000000000000000000000000000000000001010000011000010000001000010000000000000000000000000010000000000000000000000001
00100000000000000000000000000000000000000000000000000000000000000000000000000000000000010000001000010000000000000000000000000010000000000000000000000001
00100000000000000000000000001010100010010000000000000000000000000000000000001010100010001000100010001000100010001000100010010010000000000000000000000001
00100000000000000000000000000010000000010000000000000000000000000000000000000000000001010000011000010000000000000000000000000010000000000000000000000001
00100000000000000000000000000010000000010000000000000000000000000000000000000000000000000000000000010000000000000000000000000010000000000000000000000001
00100000000000000000000000000010000000010000000000000000000010101000100100000000000000000000000000010000000000000000000000000010000000000000000000000001
00100000000000000000000000000010000000010000000000000000000000100000000100000000000000000000000000010000000000000000000000000010000000000000000000000001
00100000000000000000000000000010000000010000000000000000000000100000000100000000000000000000000000010000000000000000000000000010000000000000000000000001
00100000000000000000000000000110010001010000000000000000000000100000000100000000000000000000000000010000000000000000000000000010000000000000000000000001
00100000000000000000000000000000000000000000000000000000000000100000000100000000000000000000000000010000000000000000000000000010000000000000000000000001
00100000000000000000000000000000000000000000000000000000000000100000000100000000000000000000000000010000000000000000000000000010000000000000000000000001
00100000000000000000000000000000000000000000000000000000000001100100010100000000000000000000000001010000000000000000000000000110000000000000000000000001
00100000000000000000000000000000000000000000000000000000000000000000000000000000000000000000000000000000000000000000000000000000000000000000000000000001
00100000000000000000000000000000000000000000000000000000000000000000000000000000000000000000000000000000000000000000000000000000000000000000000000000001
00100000000000000000000000000000000000000000000000000000000000000000000000000000000000000000000000000000000000000000000000000000000000000000000000000001
00100000000000000000000000000000000000000000000000000000000000000000000000000000000000000000000000000000000000000000000000000000000000000000000000000001
00100000000000000000000000000000000000000000000000000000000000000000000000000000000000000000000000000000000000000000000000000000000000000000000000000001
00100000000000000000000000000000000000000000000000000000000000000000000000000000000000000000000000000000000000000000000000000000000000000000000000000001
00100000000000000000000000000000000000000000000000000000000000000000000000000000000000000000000000000000000000000000000000000000000000000000000000000001
00100000000000000000000000000000000000000000000000000000000000000000000000000000000000000000000000000000000000000000000000000000000000000000000000000001
00100000000000000000000000000000000000000000000000000000000000000000000000000000000000000000000000000000000000000000000000000000000000000000000000000001
00100000000000000000000000000000000000000000000000000000000000000000000000000000000000000000000000000000000000000000000000000000000000000000000000000001
00100000000000000000000000000000000000000000000000000000000000000000000000000000000000000000000000000000000000000000000000000000000000000000000000000001
00100000000000000000000000000000000000000000000000000000000000000000000000000000000000000000000000000000000000000000000000000000000000000000000000000001
00100000000000000000000000000000000000000000000000000000000000000000000000000000000000000000000000000000000000000000000000000000000000000000000000000001
00100000000000000000000000000000000000000000000000000000000000000000000000000000000000000000000000000000000000000000000000000000000000000000000000000001
00100000000000000000000000000000000000000000000000000000000000000000000000000000000000000000000000000000000000000000000000000000000000000000000000000001
00100000000000000000000000000000000000000000000000000000000000000000000000000000000000000000000000000000000000000000000000000000000000000000000000000001
00100000000000000000000000000000000000000000000000000000000000000000000000000000000000000000000000000000000000000000000000000000000000000000000000000001
01100100010001000100010001000100010001000100010001000100010001000100010001000100010001000100010001000100010001000100010001000100010001000100010001000101
