10101000100010001000100010001000100010001000100010001000100010001000100010001000100010001000100010001000100010001000100010001000100010001000100010001001
00100000000000000000000000000000000000000000000000000000000000000000000000000000000000000000000000000000000000000000000000000000000000000000000000000001
00100000000000000000000000000000000000000000000000000000000000000000000000000000000000000000000000000000000000000000000000000000000000000000000000000001
00100000000000000000000000000000000000000000000000000000000000000000000000000000000000000000000000000000000000000000000000000000000000000000000000000001
00100000011001000100010001000100010001000100010001000100010001000100010001000100010001000100010001000100010001000100010001000101000000000000000000000001
00100000000000000000000000000000000000000000000000000000000000000000000000000000000000000000000000000000000000000000000000000000000000000000000000000001
00100000000000000000000000000000000000000000000000000000000000000000000000000000000000000000000000000000000000000000000000000000000000000000000000000001
00100000000000000000000000000000000000000000000000000000000000000000000000000000000000000000000000000000000000000000000000000000000000000000000000000001
00100000000000000000000000000000000000000000000000000000000000000000000000000000000000000000000000000000000000000000000000000000000000000000000000000001
00100000000000000000000000000000000000000000000000000000000000000000000000000000000000000000000000000000000000000000000000000000000000000000000000000001
00100000000000000000000000000000000000000000000000000000000000000000000000000000000000000000000000000000000000000000000000000000000000000000000000000001
00100000000000000000000000000000000000000000000000000000000000000000000000000000000000000000000000000000000000000000000000000000000000000000000000000001
00100000000000000000000000000000000000000000000000000000000000000000000000000000000000000000000000000000000000000000000000000000000000000000000000000001
00100000000000000000000000000000000000000000000000000000000000000000000000001001000000000000000000000000000000000000000000000000000000000000000000000001
00100000000000000000000000000000000000000000000000000000000000000000000000000001000000000000000000000000000000000000000000000000000000000000000000000001
00100000000000000000000000000000000000000000000000000000000000000000000000000001000010010000000000001010000000000000000000000000000000000000000000000001
00100000000000000000000000000000000000000000000000000000000000000000000000000001000000010000000000000010000000000000000000000000000000000000000000000001
00100000000000000000000000000000000000000000000000000000000000000000000000000001000000010000000000000010000000000000000000000000000000000000000000000001
00100000000000000000000000000000000000000000000000000000000010101000100100000001000000010000000000000010000000000000000000000000000000000000000000000001
00100000000000000000000000000000000000000000000000000000000000100000000100000001000000010000000000001001000000000000000000000000000000001010000000000001
00100000000000000000000000000000000000000000000000000000000000100000000100000001000000010000000000000001000000000000000000000000000000000010000000000001
00100000000000000000000000000000000000000000000000000000000000100000000100000001000000010000101010001001000000000000000000000000000000000010000000000001
00100000000000000000000000000000000000000000000000000000000000100000000100000001000000010000001000000001000000000000000000000000000000000010000000000001
00100000000000000000000000000000000000000000000000000000000000100000000100000001000000010000001000000001000000000000000000000000000000000010000000000001
00100000000000000000000000000000000000000000000000000000101010001001010100000001000000010000001000000001000000000000000000000000000000000010000000000001
00100000101010001000100010001000100010001000100010001000100010001000100010001000100010001000100010001000100010001000100010001001000000000010000000000001
00100000000000000000000000000000000000000000000000000000001000000001000000000001000000010000001000000001000000000000000000000000000000000010000000000001
00100000000000000000000000000000000000000000000000000000001000000001000000000001000001010000011001000101000000000000000000000000000000000010000000000001
00100000000000000000000000000000000000000000000000000000001000000001000000000001000000000000000000000001000000000000000000000000000000000010000000000001
00100000000000000000000000000000000000000000000000000000001000000001000000000001000000000000000000000001000000000000000000000000000000000010000000000001
00100000000000000000000000000000000000000000000000000000011001000101000000000001000000000000000000000001000000000000000000000000000000000010000000000001
00100000000000000000000000000000000000000000000000000000000000000000000000000001000000000000000000000001000000000000000000000000000000000010000000000001
00100000000000000000000000000000000000000000000000000000000000000000000000000001000000000000000000000001000000000000000000000000000000000010000000000001
00100000000000000000000000000000000000000000000000000000000000000000000000000001000000000000000000000001000000000000000000000000000000000010000000000001
00100000000000000000000000000000000000000000000000000000000000000000000000000001000000000000000000000001000000000000000000000000000010101000100100000001
00100000000000000000000000000000000000000000000000000000000000000000000000000001000000000000000000000001000000000000000000000000000000100010000100000001
00100000000000000000000000000000000000000000000000000000000000000000000000000001000000000000000000000101000000000000000000000000000000100110000100000001
00100000000000000000000000000000000000000000000000000000000000000000000000000001000000000000000000000000000000000000000000000000000000100000000100000001
00100000000000000000000000000000000000000000000000000000000000000000000000000001000000000000000000000000000000000000000000000000000000100000000100000001
00100000000000000000000000000000000000000000000000000000000000000000000000000101000000000000000000000000000000000000000000000000000000100000000100000001
00100000000000000000000000000000000000000000000000000000000000000000000000000000000000000000000000000000000000000000000000000000000001100100010100000001
00100000000000000000000000000000000000000000000000000000000000000000000000000000000000000000000000000000000000000000000000000000000000000000000000000001
00100000000000000000000000000000000000000000000000000000000000000000000000000000000000000000000000000000000000000000101010001001000000000000000000000001
00100000000000000000000000000000000000000000000000000000000000000000000000000000000000000000000000000000000000000000001000000001000000000000000000000001
00100000000000000000000000000000000000000000000000000000000000000000000000000000000000000000000000000000000000000000001000000001000000000000000000000001
00100000000000000000000000000000000000000000000000000000000000000000000000000000000000000000000000000000000000000000001000000001000000000000000000000001
00100000000000000000000000000000000000000000000000000000000000000000000000000000000000000000000000000000000000000000001000000001000000000000000000000001
00100000000000000000000000000000000000000000000000000000000000000000000000000000000000000000000000000000000000000000001000000001000000000000000000000001
00100000000000000000000000000000000000000000000000000000000000000000000000000000000000000000000000000000000000000000011001000101000000000000000000000001
00100000000000000000000000000000000000000000000000000000000000000000000000000000000000000000000000000000000000000000000000000000000000000000000000000001
00100000000000000000000000000000000000000000000000000000000000000000000000000000000000000000000000000000000000000000000000000000000000000000000000000001
01100100010001000100010001000100010001000100010001000100010001000100010001000100010001000100010001000100010001000100010001000100010001000100010001000101
