10101000100010001000100010001000100010001000100010001000100010001000100010001000100010001000100010001000100010001000100010001000100010001000100010001000100010001001
00100000000000000000000000001001000000000000000000000000000000000000000000000000000000000000000000000000000000000000000000000000000000001010000000000000000000000001
00100000000000000000000000000001000000000000000000000000000000000000000000000000000000000000000000000000000000000000000000000000000000000010000000000000000000000001
00100000000000000000000000000001000000000000000000000000000000000000000000000000000000000000000000000000000000000000000000000000000000000010000000000000000000000001
00100000000000000000000000000001000000000000000000000000000000000000000000000000000000000000000000000000000000000000000000000000000000000010000000000000000000000001
00100000000000000000000000000001000000000000000000000000000000000000000000000000000000000000000000000000000000000000000000000000000000000010000000000000000000000001
00100000000000000000000000000001000000000000000010010000000000000000000000000000000000000000000000000000000000000000000000000000000000000010000000000000000000000001
00100000000000000000000000000001000000000000000000010000000000000000000000000000000000000000000000000000000000000000000000000000000000000010000000000000000000000001
00100000000000000000000000000001000000000000000000010000000000000000000000000000000000000000000000000000000000000000000000000000000000000010000000000000000000000001
00100000000000000000000000000001000000000000000000010000000000000000000000000000000000000000000000000000000000000000000000000000000000000010000000000000000000000001
00100000000000000000000000000001000000000000000000010000000000000000000000000000000000000000000000000000000000000000000000000000000000000010000000000000000000000001
00100000000000000000000000000001000000000000000000010000000000000000000000000000000000000000000000000000000000000000000000000000000000000010000000000000000000000001
00100000000000000000000000000001000000000000000000010000000000000000000000000000000000000000000000000000000000000000000000000000000000000010000000000000000000000001
00100000000000000000000000000001000000000000000000010000000000000000000000000000000000000000000000000000000000000000000000000000000000000010000000000000000000000001
00100000000000000000000000000001000000000000000001100100010001000100010001000100010001000100010001000100010001010000000000000000000000000010000000000000000000000001
00100000000000000000000000000001000000000000000000000000000000000000000000000000000100000000000000000010000000000000000000000000000000000010000000000000000000000001
00100000000000000000000000000001000000000000000000000000000000000000000000000000000100000000000000000010000000000000000000000000000000000010000000000000000000000001
00100000000000000000000000000001000000000000000000000000000000000000000000000000000100000000000000000010000000000000000000000000000000000010000000000000000000000001
00100000000000000000000000000001000000000000000000000000000000000000000000000000000100000000000000000010000000000000000000000000000000000010000000000000000000000001
00100000000000000000000000000001000000000000000000000000000000000000000000000000000100000000000000001001000000000000000000000000000000000010000000000000000010100001
00100000000000000000000000000001000000000000000000000000000000000000000000000000000100000000000000000001000000000000000000000000000000000010000000000000000000100001
00100000000000000000000000000001000000000000000010101000100010001000100010001000100010001000100010001000100010010000000000000000000000000010000000000000000000100001
00100000000000000000000000000001000000000000000000000000000000000000000000000000000100000000000000000001000000000000000000000000000000000010000000000000000000100001
00100000000000000000000000000001000000000000000000000000000000000000000000000000000100000000000000000001000000000000000000000000000000000010000000000000000000100001
00100000000000000000000000000001000000000000000000000000000000000000000000000000000100000000000000000001000000000000000000000000000000000010000000000000000000100001
00100000000000000000000000000001000000000000000000000000000000000000000000000000000100000000000000000001000000000000000000000000000000000010000000000000000000100001
00100000000000000000000000000001000000000000000000000000000000000000000000000000000100000000000000000001000000000000000000000000000000000010000000000000000000100001
00100000000000000000000000000001000000000000000000000000000000000000000000000000010100000000000000000001000000000000000000000000000000000010000000000000000000100001
00100000000000000000000000000001000000000000000000000000000000000000000000000000000000000000000000000001000000000000000000000000000000000010000000000000000000100001
00100000000000000000000000000001000000000000000000000000000000000000000000000000000000000000000000000001000000000000000000000000000000000010000000000000000000100001
00100000000000000000000000000001000000000000000000000000000000000000000000000000000000000000000000000001000000000000000000000000000000000010000000000000000000100001
00100000000000000000000000000001000000000000000000000000000000000000000000000000000000000000000000000001000000000000000000000000000000000010101010001001000000100001
00100000000000000000000000000001000000000000000000000000000000000000000000000000000000000000000000000001000000000000000000000000000000000010001000000001000000100001
00100000000000000000000000000001000000000000000000000000000000000000000000000000000000000000000000000001000000000000000000000000000000000010001000000001000000100001
00100000000000000000000000000001000000000000000000000000000000000000000000000000000000000000000000000001000000000000000000000000000000000010001000000001000000100001
00100000000000000000000000000001000000000000000000000000000000000000000000000000000000000000000000000001000000000000000000000000000000000010001000000001000000100001
00100000000000000000000000000101000000000000000000000000000000000000000000000000000000000000000000000001000000000000000000000000000000000110001000000001000000100001
00100000000000000000000000000000000000000000000000000000000000000000000000000000000000000000000000000001000000000000000000000000000000000000011001000101000000100001
00100000000000000000000000000000000000000000000000000000000000000000000000000000000000000000000000000001000000000000000000000000000000000000000000000000000000100001
00100000000000000000000000000000000000000000000000000000000000000000000000000000000000000000000000000001000000000000000000000000000000000000000000000000000000100001
00100000000000000000000000000000000000000000000000000000000000000000000000000000000000000000000000000001000000000000000000000000000000000000000000000000000000100001
00100000000000000000000000000000000000000000000000000000000000000000000000000000000000000000000000000101000000000000000000000000000000000000000000000000000001100001
00100000000000000000000000000000000000000000000000000000000000000000000000000000000000000000000000000000000000000000000000000000000000000000000000000000000000000001
00100000000000000000000000000000000000000000000000000000000000000000000000000000000000000000000000000000000000000000000000000000000000000000000000000000000000000001
00100000000000000000000000000000000000000000000000000000000000000000000000000000000000000000000000000000000000000000000000000000000000000000000000000000000000000001
00100000000000000000000000000000000000000000000000000000000000000000000000000000000000000000000000000000000000000000000000000000000000000000000000000000000000000001
00100000000000000000000000000000000000000000000000000000000000000000000000000000000000000000000000000000000000000000000000000000000000000000000000000000000000000001
01100100010001000100010001000100010001000100010001000100010001000100010001000100010001000100010001000100010001000100010001000100010001000100010001000100010001000101
