1010100010001000100010001000100010001000100010001000100010001000100010001000100010001000100010001000100010001000100010001000100010001000100010001000100010001001
0010000000000000000000000000000000000000000000000000000000000000000000000000000000000000000000000000000000000000000000000000000000000000000000000000000000000001
0010000000000000000000000000000000000000000000000000000000000000000000000000000000000000000000000000000000000000000000000000000000000000000000000000000000000001
0010000000000000000000000000000000000000000000000000000000000000000000000000000000000000000000000000000000000000000000000000000000000000000000000000000000000001
0010000000000000000000000000000000000000000000000000000000000000000000000000000000000000000000000000000000000000000000000000000000000000000000000000000000000001
0010000000000000000000000000000000000000000010010000000000000000000000000000000000000000000000000000000000000000000000000000000000000000000010100000000000000001
0010000000000000000000000000000000000000000000010000000000000000000000000000000000000000000000000000000000000000000000000000000000000000000000100000000000000001
0010000000000000000000000000000000000000000000010000100100000000000000000000000000000000000000000000000000000000101000000000000000000000000000100000000000000001
0010000000000000000000000000000000000000000000010000000100000000000000000000000000000000000000000000000000000000001000000000000000000000000000100000000000000001
0010000000000000000000000000000000000000000000010000000100000000000000000000000000000000000000000000000000000000001000000000000000000000000000100000000000000001
0010000000000000000000000000000000000000000000010000000100000000100100000000000000000000000000000000000000000000001000000000000000000000000000101010000000000001
0010000000000000000000000000000000000000000000010000000100000000000100000000000010101000100100000000000000000000001000000000000000000000000000100010000000000001
0010000000000000000000000000000000000000000000010000000100000000000100000000000000100000000100000000000000000000001000000000000000000000000000101010100010010001
0010000000000000000000000000000000000000000000010000000100000000000100000000000000100000000100000000000000000000001000000000000000000000000000100010000000010001
0010000000000000000000000000000000000000000000010000000100000000000100000000000000100000000100000000000000000000001000000000000000000000000000100010000000010001
0010000000000000000000000000000000000000000000010000000100000000000100000000000000100000000100000000000000000000001000000000000000000000000000100010000000010001
0010000000000000000000000000000000000000000000010000000100000000000100000000000000100000100100000000000000000000001000000000000000001010000000100010000000010001
0010000000000000000000000000000000000000000000010000000100000000000100000000000001100100000100000000000000000000001000000000000000000010000000100010000000010001
0010000000000000000000000000000000000000000000010000000100000000000100000000000000000000000100000000000000000000001000000000000000000010000000100110010001010001
0010000000000000000000000000000000000000000000010000000100000000000100000000000000000000000100000000000000000000001000000000000000000010000000100010000000000001
0010000000000000000000000000000000000000000000010000000100000000000100000000000000000000000100000000000000000000001000000000000000000010000000100010000000000001
0010000000000000000000000000000000000000000000010000000100000000000100000000000000000000000100000000000000000000001000000000000000000010101010001001000000000001
0010000000000000000000000000000000000000000000010000000100000000000100000000000000000000000100000000000000000000001000000000000000000010001000100001000000000001
0010000000000000000000000000000000000000000000010000000100000000000100000000000000000000000100000000000000000000001000000000101010001001001000100001000000000001
0010000000000000000000000000000000000000000000010000000100000000000100000000000000000000000100000000000000000000001000001001001010100001001000100001000000000001
0010000000000000000000000000000000000000000000010000000100000000000100000000000000000000000100000000000000000000001000000001001000100001001000100001000000000001
0010000000000000000000000000000000000000000000010000000100000000000100000000000000000000000100000000000000000000001000000001001000100001001000100001000000000001
0010000000000000000000000000000000000000000000010000000100000000000100000000000000000000000100000000000000000000001000000001001000100001011001000101000000000001
0010000000000000000000000000000000000000000000010000000100000000000100000000000000000000000100000000000000000000001000000001001000100001000000100010000000000001
0010000000000000000000000000000000000000000000010000000100000000000100000000000000000000000100000000000000000000001000000001011000100101000000100010000000000001
0010000000000000000000000000000000000000000000010000010100000000000100000000000000000000000100000000000000000000011000000001000000100010000000100010000000000001
0010000000000000000000000000000000000000000000010000000000000000000100000000000000000000000100000000000000000000000000000001000000100010000000100010000000000001
0010000000000000000000000000000000000000000000010000000000000000000100000000000000000000000100000000000000000000000000000001000000100010000000100010000000000001
0010000000000000000000000000000000000000000000010000000000000000000100000000000000000000000100000000000000000000000000000001000000100010000000100010000000000001
0010000000000000000000000000000000000000000000010000000000000000000100000000000000000000000100000000000000000000000000000101000001100010000000100010000000000001
0010000000000000000000000000000000000000000000010000000000000000000100000000000000000000010100000000000000000000000000000000000000000110000000100010000000000001
0010000000000000000000000000000000000000000000010000000000000000000100000000000000000000000000000000000000000000000000000000000000000000000000100010000000000001
0010000000000000000000000000000000000000000001010000000000000000000100000000000000000000000000000000000000000000000000000000000000000000000001100010000000000001
0010000000000000000000000000000000000000000000000000000000000000010100000000000000000000000000000000000000000000000000000000000000000000000000000110000000000001
0010000000000000000000000000000000000000000000000000000000000000000000000000000000000000000000000000000000000000000000000000000000000000000000000000000000000001
0010000000000000000000000000000000000000000000000000000000000000000000000000101010001001000000000000000000000000000000000000000000000000000000000000000000000001
0010000000000000000000000000000000000000000000000000000000000000000000000000001000000001000000000000000000000000000000000000000000000000000000000000000000000001
0010000000000000000000000000000000000000000000000000000000000000000000000000001000000001000000000000000000000000000000000000000000000000000000000000000000000001
0010000000000000000000000000000000000000000000000000000000000000000000000000001000000001000000000000000000000000000000000000000000000000000000000000000000000001
0010000000000000000000000000000000000000000000000000000000000000000000000000001000000001000000000000000000000000000000000000000000000000000000000000000000000001
0010000000000000000000000000000000000000000000000000000000000000000000000000001000000001000000000000000000000000000000000000000000000000000000000000000000000001
0010000000000000000000000000000000000000000000000000000000000000000000000000011001000101000000000000000000000000000000000000000000000000000000000000000000000001
0010000000000000000000000000000000000000000000000000000000000000000000000000000000000000000000000000000000000000000000000000000000000000000000000000000000000001
0010000000000000000000000000000000000000000000000000000000000000000000000000000000000000000000000000000000000000000000000000000000000000000000000000000000000001
0110010001000100010001000100010001000100010001000100010001000100010001000100010001000100010001000100010001000100010001000100010001000100010001000100010001000101
