101010001000100010001000100010001000100010001000100010001000100010001000100010001000100010001000100010001000100010001000100010001000100010001000100010001000100010001000100010001001
001000000000000000000000000000100000000100000000000000000000000000000000000000000000000000000000000000000000000000000000000000000000000000000000000000000000000000000000000000000001
001000000000000000000000000000100000000100001010100010010000000000000000000000000000000000000000000000000000000000000000000000000000000000000000000000000000000000000000000000000001
001000000000000000000000000000100000000100000010000000010000000000000000000000000000000000000000000000000000000000000000000000000000000000000000000000000000000000000000000000000001
001000000000000000000000000000100000000100000010000000010000000000000000000000000000000000000000000000000000000000000000000000000000000000000000000000000000000000000000000000000001
001000000000000000000000000000100000000100000010000000010000000000000000000000000000000000000000000000000000000000000000000000000000000000000000000000000000000010101000100100000001
001000000000000000000000000001100100010100000010000000010000000000000000000000000000000000000000000000000000000000000000000000000000000000000000000000000000000000100000000100000001
001000000000000000000000000000000000000000000010000010010000000000000000000010100000000000000000000000000000000000000000000000000000000000000000000000000000000000100000000100000001
001000000000000000000000000000000000000000000110010000010000000000000000000000100000000000000000000000000000000000000000000000000000000000000000000000000000000000100000000100000001
001000000000000000000000000000000000000000000000000000010000000000000000000000100000000000000000000000000000000000000000000000000000000000000000000000000000000000100000000100000001
001000000000000000000000000000000000000000000000000000010000000000000000000000100000000000000000000000000000000000000000000000000000000000000000000000000000000000100000000100000001
001000000000000000000000000000000000000000000000000000010000000000000000000000100000000000000000000000000000000000000000000000000000000000000000000000000000000001100100010100000001
001000000000000000000000000000000000000000000000000000010000000000000000100100100000000000000000000000000000000000000000101000000000000000000000000000000000000000000000000000000001
001000000000000000000000000000000000000000000000000000010000000000000000000100100000000000000000000000000000000000000000001000000000000000000000000000000000000000000000000000000001
001000000000000000000000000000000000000000000000000000010000000000000000000100101001000000000000000000000000000000001010100010010000000000000000000000000000101000000000000000000001
001000000000000000000000000000000000000000000000000000010000000000000000000100100001000000000000000000000000000000000010001000010000000000000000000000000000001000000000000000000001
001000000000000000000000000000000000000000000000000000010000000000000000000100100001000000000000000000000000000000000010001000010000000000000000000000000000001000000000000000000001
001000000000000000000000000000000000000000000000000000010000011001000100010001000100010001000100010001000100010001000100010001000101000000000000000010101000100100000000000000000001
001000000000000000000000000000000000000000000000000000010000000000000000000100100001000000000000000000000000000000000010001000010000000000000000000000100000000100000000000000000001
001000000000000000000000000000000000000000000000000000010000000000000000000100100001000000000000000000000000000000000010001000010000000000000000000000100000000100000000000000000001
001000000000000000000000000000000000000000000000000000010000000000000000000100100001000000000000000000000000000000000110010001010000000000000000000000100000000100000000000000000001
001000000000000000000000000000000000000000000000000001010000000000000000000101100001000000000000000000000000000000000000001000000000000000000000000000100000000100000000000000000001
001000000000000000000000000000000000000000000000000000000000000000000000000100000001000000000000000000000000000000000000001000000000000000000000000000100000000100000000000000000001
001000000000000000000000000000000000000000000000000000000000000000000000000100000001000000000000000000000000000000000000001000000000000000000000000001100100010100000000000000000001
001000000000000000000000000000000000000000000000000000000000000000000000000100000001000000000000000000000000000000000000001000000000000000000000000000000000001000000000000000000001
001000000000000000000000000000000000000000000000000000000000000000000000000100000001000000000000000000000000000000000000001000000000000000000000000000000000001000000000000000000001
001000000000000000000000000000000000000000000000000000000000101010001000100010001000100010001000100010001000100010001000100010001001000000000000000000000000001000000000000000000001
001000000000000000000000000000000000000000000000000000000000000000000000000100000001000000000000000000000000000000000000001000000000000000000000000000000000001000000000000000000001
001000000000000000000000000000000000000000000000000000000000000000000000000100000001000000000000000000000000000000000000001000000000000000000000000000000000001000000000000000000001
001000000000000000000000000000000000000000000000000000000000000000000000000100000001000000000000000000000000000000000000001000000000000000000000000000000000001000000000000000000001
001000000000000000000000000000000000000000000000000000000000000000000000000100000001000000000000000000000000000000000000001010101000100010001000100100000000001000000000000000000001
001000000000000000000000000000000000000000000000000000000000000000000000000100000001000000000000000000000000101010001001001000100000000000000000000100000000001000000000000000000001
001000000000000000000000000000000000000000000000000000000000000000000000010100000001000000000000000000000000001000000001011000100000000000000000000100000000001000000000000000000001
001000000000000000000000000000000000000000000000000000000000000000000000000000000001000000000000000000000000001000000001000001100100010001000100010100000000001000000000000000000001
001000000000000000000000000000000000000000000000000000000000000000000000000000000001000000000000000000000000001000000001000000000000000000000000000000000000001000000000000000000001
001000000000000000000000000000000000000000000000000000000000000000000000000000000001000000000000000000000000001000000001000000000000000000000000000000000000001000000000000000000001
001000000000000000000000000000000000000000000000000000000000000000000000000000000001000000000000000000000000001000000001000000000000000000000000000000000000001000000000000000000001
001000000000000000000000000000000000000000000000000000000000000000000000000000000001000000000000000000000000011001000101000000000000000000000000000000000000001000000000000000000001
001000000000000000000000000000000000000000000000000000000000000000000000000000000001000000000000000000000000000000000000000000000000000000000000000000000000001000000000000000000001
001000000000000000000000000000000000000000000000000000000000000000000000000000000001000000000000000000000000000000000000000000000000000000000000000000000000001000000000000000000001
001000000000000000000000000000000000000000000000000000000000000000000000000000000001000000000000000000000000000000000000000000000000000000000000000000000000001000000000000000000001
001000000000000000000000000000000000000000000000000000000000000000000000000000000101000000000000000000000000000000000000000000000000000000000000000000000000011000000000000000000001
001000000000000000000000000000000000000000000000000000000000000000000000000000000000000000000000000000000000000000000000000000000000000000000000000000000000000000000000000000000001
011001000100010001000100010001000100010001000100010001000100010001000100010001000100010001000100010001000100010001000100010001000100010001000100010001000100010001000100010001000101
