10101000100010001000100010001000100010001000100010001000100010001000100010001000100010001000100010001000100010001000100010001000100010001001
00100000000000000000000000000000000000000000000000000000000000000000000000000000000000000000000000000000000000000000000000000000000000000001
00100000000000000000000000000000000000000000000000000000000000000000000000000000000000000000000000000000000000000000000000000000000000000001
00100000000000000000000000000000000010010000000000000000000000000000000000000000000000000000101000000000000000000000000000000000000000000001
00100000000000000000000000000000000000010000000000000000000000000000000000000000000000000000001000000000000000000000000000000000000000000001
00100000000000000000000000000000000000010000000000000000000000000000000000000000000000000000001000001010100010010000000000000000000000000001
00101010100010010000000000000000000000010000000000000000000000000000000000000000000000000000001000000010000000010000000000000000000000000001
00100010000000010000000000000000000000010000000000000000000000000000000000000000000000000000001000000010000000010000000000000000000000000001
00100010000000010000000000000000000000010000000000000000000000000000000000000000000000000000001000000010000000010000000000000000000000000001
00100010000000010000000000000000000000010000000000000000000000000000000000000000000000000000001000000010000000010000000000000000000000000001
00100010000000010000000000000000000000010000000000000000000000000000000000000000000000000000001000000010000000010000000000000000000000000001
00100010000000010000000000000000000000010000000000000000000000000000000000000000000000000000001000000110010001010000000000000000000000000001
00100110010001010000000000000000000000010000000000000000000000000000000000000000000000000000001000000000000000000000000000000000000000000001
00100000000000000000000000000000000000010000000010101000100100000000000000000000000000000000001000000000000000000000000000000000000000000001
00100000000000000000000000000000000000010000000000100000000100000000000000000000000000000000001000000000000000000000000000000000000000000001
00100000000000000000000000000000000000010000000000100000000100000000000000000000000000000000001000000000000000001010100010010000000000000001
00100000000000000000000000000000000000010000000000100000000100000000000000000000000000000000001000000000000000000010000000010000000000000001
00100000000000000000000000000000000000010000000000100000000100000000000000000000000000000000001000000000000000000010000000010000000000000001
00100000000000000000000000000000000000010000000000100000000100000000000000000000000000000000001000000000000000000010000000010000000000000001
00100000000000000000000000000000000000010000000001100100010100000000000000000000000000000000001000000000000000000010000000010000000000000001
00100000000000000000000000000000000000010000000000000000000000000000000000000000000000000000001000000000000000000010000000010000000000000001
00100000000000000000000000000000000000010000000000000000000000000000000000000000000000000000001000000000000000000110101010001001000000000001
00100000000000000000000000000000000000010000000000000000000000000000000000000000000000000000001000000000000000000000001000000001000000000001
00100000000000000000000000000000000000010000000000000000000000000000000000000000000000000000001000000000000000000000001000000001000000000001
00100000000000000000000000000000000000010000000000000000000000000000000000000000000000000000001000000000000000000000001000000001000000000001
00100000000000000000000000000000000001010000000000000000000000000000000000000000000000000000011000000000000000000000001000000001000000000001
00100000000000000000000000000000000010101000100100000000000000000000000000000000000000000000000000000000000000000000001000000001000000000001
00100000000000000000000000000000000000100000000100000000000000000000000000000000000000000000000000000000000000000000011001000101000000000001
00100000000000000000000000000000000000100000000100000000000000000000000000000000000000000000000000000000000000000000000000000000000000000001
00100000000000000000000000000000000000100000000100000000101010001001000000000000000000000000000000000000000000000000000000000000000000000001
00100000101010001001000000000000000000100000000100000000001010101000100100000000000000000000000000000000000000000000000000000000000000000001
00100000001000000001000000000000000000100000000100000000001000100001000100000000000000000000000000000000000000000000000000000000000000000001
00100000001000000001000000000000000001100100010100000000001000100001000100000000000000000000000000000000000000000000000000000000000000000001
00100000001000000001000000000000000000000000000000000000001000100001000100000000000000000000000000000000000000000000000000000000000000000001
00100000001000000001000000000000000000000000000000000000001000100001000100000000000000000000000000000000000000000000000000000000000000000001
00100000001000000001000000000000000000000000000000000000011000100101000100000000000000000000000000000000000000000000000000000000000000000001
00100000011001000101000000000000000000000000000000000000000001100100010100000000000000000000000000000000000000000000000000000000000000000001
00100000000000000000000000000000000000000000000000000000000000000000000000000000000000000000000000000000000000000000000000000000000000000001
00100000000000000000000000000000000000000000000000000000000000000000000000000000000000000000000000000000000000000000000000000000000000000001
00100000000000000000000000000000000000000000000000000000000000000000000000000000000000000000000000000000000000000000000000000000000000000001
00100000000000000000000000000000000000000000000000000000000000000000000000000000000000000000000000000000000000000000000000000000000000000001
00100000000000000000000000000000000000000000000000000000000000000000000000000000000000000000000000000000000000000000000000000000000000000001
00100000000000000000000000000000000000000000000000000000000000000000000000000000000000000000000000000000000000000000000000000000000000000001
00100000000000000000000000000000000000000000000000000000000000000000000000000000000000000000000000000000000000000000000000000000000000000001
00100000000000000000000000000000000000000000000000000000000000000000000000000000000000000000000000000000000000000000000000000000000000000001
00100000000000000000000000000000000000000000000000000000000000000000000000000000000000000000000000000000000000000000000000000000000000000001
00100000000000000000000000000000000000000000000000000000000000000000000000000000000000000000000000000000000000000000000000000000000000000001
00100000000000000000000000000000000000000000000000000000000000000000000000000000000000000000000000000000000000000000000000000000000000000001
00100000000000000000000000000000000000000000000000000000000000000000000000000000000000000000000000000000000000000000000000000000000000000001
00100000000000000000000000000000000000000000000000000000000000000000000000000000000000000000000000000000000000000000000000000000000000000001
00100000000000000000000000000000000000000000000000000000000000000000000000000000000000000000000000000000000000000000000000000000000000000001
00100000000000000000000000000000000000000000000000000000000000000000000000000000000000000000000000000000000000000000000000000000000000000001
00100000000000000000000000000000000000000000000000000000000000000000000000000000000000000000000000000000000000000000000000000000000000000001
00100000000000000000000000000000000000000000000000000000000000000000000000000000000000000000000000000000000000000000000000000000000000000001
00100000000000000000000000000000000000000000000000000000000000000000000000000000000000000000000000000000000000000000000000000000000000000001
00100000000000000000000000000000000000000000000000000000000000000000000000000000000000000000000000000000000000000000000000000000000000000001
01100100010001000100010001000100010001000100010001000100010001000100010001000100010001000100010001000100010001000100010001000100010001000101
