10101000100010001000100010001000100010001000100010001000100010001000100010001000100010001000100010001000100010001000100010001000100010001000100010001000100010001000100010001001
00100000000000000000000000000000000000000000000000000000000000000000000000000000000000000000000000000000000000000000000000000000000000000000000000000000000000000000000000000001
00100100010001000100010001000100010001000100010001000100010001000100010001000100010001000100010001000100010001000100010001010000000000000000000000000000000000000000000000000001
00100000000000000000000000000000000000000000000000000000000000000000000000000000000000000000000000000000000000000000000000000000000000000000000000000000000000000000000000000001
00100000000000000000000000000000000000000000000000000000000000000000000000000000000000000000000000000000000000000000000000000000000000000000000000000000000000000000000000000001
00100000000000000000000000000000000000000000000000000000000000000000000000000000000000000000000000000000000000000000000000000000000000000000000000000000000000000000000000000001
00100000000000000000000000000000000000000000000000000000000000000000000000000000000000000000000000000000000000000000000000000000000000000000000000000000000000000000000000000001
00100000000000000000000000000000000000000000000000001001000000000000000000000000000000000000000000000000000000000000000000000000101000000000000000000000000000000000000000000001
00100000000000000000000000000000000000000000000000000001000000000000000000000000000000000000000000000000000000000000000000000000001000000000000000000000000000000000000000000001
00100000000000000000000000000000000000000000000000000001000010010000101000000000000000000000000010101000100100000000000000000000001000000000000000000000000000000000000000000001
00100000000000000000000000000000000000000000000000000001000000011001001000000000000000000000000000100000000100000000000000000000001000001010000000000000000000000000000000000001
00100000000000000000000000000000000000000000000000000001000000010001001000000000000000000000000000100000000100000000000000000000001000000010000000000000000000000000000000000001
00100000000000000000000000000000000000000000000000000001000000010001001000000000000000000000000000100000000100000000000000000000001000000010000000000000000000000000000000000001
00100000000000000000000000000000000000000000000000000001000000010001001000000000000000000000000000100000000100000000000000000000001000000010000000000000000000000000000000000001
00100000000000000000000000000000000000000000000000000001000000010001001000000000000000000000000000100000000100000000000000000000001000000010000000000000000000000000000000000001
00100000000000000000000000000000000000000000000000000001000000010001001000000000000000000000000001100100010100000000000000000000001000000010000000000000000000000000000000000001
00100000000000000000000000000000000000000000000000000001000000011010100010010000000000000000000000000000000000000000000000000000001000000010000000000000000000000000000000000001
00100000000000000000000000000000000000000000000000000001000000010010001000010000000000000000000000000000000000000000000000000000001000000010000000000000000000000000000000000001
00100000000000000000000000000000000000000000000000001010100010010010001000010000000000000000000000000000000000000000000000000000001000000010000000000000000000000000000000000001
00100000000000000000000000000000000000000000000000000010000000010010011000010000000000000000000000001001000000000000000000000000001000000010000010100000000000000000000000000001
00100000000000000000000000000000000000000000000000000010000000010010000000010000000000000000000000000001000000000000000000000000001000000010000000100000000000000000000000000001
00100000000000000000000000000000000000000000000000000010000000010010000000010000000000000000000000000001000000000000000000000000001000000010000000100000000000000000000000000001
00100000000000000000000000000000000000000000000000000010000000010110010001010000000000000000000000000001000000000000000000000000001000000010000000100000000000000000000000000001
00100000000000000000000000000000000000000000000000000010000000010001000000000000000000000000000000000001000000000000000000000000001000000010000000100000000000000000000000000001
00101000100010001000100010001000100010001000100010001000100010001000100010001000100010001000100010001000100010001000100010010000001000000010000000100000000000000000000000000001
00100000000000000000000000000000000000000000000000000001101010001001000000000000000000000000000000000001000000000000000000000000001000000010000000100000000000000000000000000001
00100000000000000000000000000000000000000000000000000001001000000001000000000000000000000000000000000001000000000000000000000000001000000010000000100000000000000000000000000001
00100000000000000000000000000000000000000000000000000001001000000001000000000000000000000000000000000001000000000000000000000000001000000010000000100000000000000000000000000001
00100000000000000000000000000000000000000000000000000001001000000001000000000000000000000000000000000001000000000000000000000000001000000010000000100000000000000000000000000001
00100000000000000000000000000000000000000000000000000001001000000001000000000000000000000000000000000001000000000000000000000000001000000010100100100000000000001010000000000001
00100000000000000000000000000000000000000000000000000001001000000001000010101000100100000000000000000001000000000000000000000000001000000010000100100000000000000010000000000001
00100000000000000000000000000000000000000000000000000001011001000101000000100000000100000000000000000001000000000000000000000000001000000010000100101001101000000010000000000001
00100000000000000000000000000000000000000000000000000001000000000001000000100000000100000000000000000001000000000000000000000000001000000010000100100001001000000010000000000001
00100000000000000000000000000000000000000000000000000001000000000001000000100000000100000000000000000001000000000000000000000000001000000010000100100001001000000010000000000001
00100000000000000000000000000000000000000000000000000101000000000001000000100000000100000000000000000001000000000000000000000000011010101000100010001000100010001001000000000001
00100000000000000000000000000000000000000000101010001001000000000001000000100000000100000000000000000001000000000000000000000000000001100100010001000100010001000101000000000001
00100000000000000000000000000000000000000000001010101000100100000101000001100100010100000000000000000001000000000000000000000000000000000110000100100001001000000010000000000001
00100000000000000000000000000000000000000000001000100001000100000000000000000000000000000000000000000001000000000000000000000000000000000000000100100001001000000010000000000001
00100000000000000000000000000000000000000000001000100001000100000000000000000000000000000000000000000101000000000000000000000000000000000000000101100001001000000010000000000001
00100000000000000000000000000000000000000000001000100001000100000000000000000000000000000000000000000000000000000000000000000000000000000000000100000001001000000010000000000001
00100000000000000000000000000000000000000000001000100001000100000000000000000000000000000000000000000000000000000000000000000000000000000000000100000101011000000010000000000001
00100000000000000000000000000000000000000000011000100101000100000000000000000000000000000000000000000000000000000000000000000000000000000000000100000000000000000010000000000001
00100000000000000000000000000000000000000000000001100100010100000000000000000000000000000000000000000000000000000000000000000000000000000000010100000000000000000110000000000001
00100000000000000000000000000000000000000000000000000000000000000000000000000000000000000000000000000000000000000000000000000000000000000000000000000000000000000000000000000001
01100100010001000100010001000100010001000100010001000100010001000100010001000100010001000100010001000100010001000100010001000100010001000100010001000100010001000100010001000101
