10101000100010001000100010001000100010001000100010001000100010001000100010001000100010001000100010001000100010001000100010001000100010001000100010001000100010001001
00100000000000000000000000000000000000000000000000000000000000000000000000000000000000000000000000000000000000000000000000000000000000000000000000000000000000000001
00100000000000000000000000000000000000000000000000000000000000000000000000000000000000000000000000000000000000000000000000000000000000000000000000000000000000000001
00100000000000000000000000000000000000000000000000000000000000000000000000000000000000000000000000000000000000000000000000000000000000000000000000000000000000000001
00100000000000000000000000000000000000000000000000000000000000000000000000000000000000000000000000000000000000000000000000000000000000000000000000000000000000000001
00100000000000000000000000000000000000000000100100000000000000000000000000000000000000000000000000000000000000000000000000000000000000000000000000000000000000000001
00100000000000000000000000000000000000000000000100000000000000000000000000000000000000000000000000000000000000000000000000000000000000000000000000000000000000000001
00100000000000000000000000000000000000000000000100000000000000000000000000000000000000000000000000000000000000000000000000000000000000000000000000000000000000000001
00100000000000000000000000000000000000000000000100000000000000000000000000000000000000000000000000000000000000000000000000000000000000000000000000000000000000000001
00100000000000000000000000000000000000000000000100000000000000000000000000000000000000000000000000000000000000000000000000000000000000000000000000000000000000000001
00100000000000000000000000000000000000000000000100000000000000000000000000000000000000000000000000000000000000000000000000000000000000000000000000000000000000000001
00100000000000000000000000000000000000000000000100000000000000000000100100000000000000000000000000000000000000000000000000000000000000000000000000000000000010100001
00100000000000000000000000000000000000000000000110101000100100000000000100000000000000000000000000000000000000000000000000000000000000000000000000000000000000100001
00100000000000000000000000000000000000000000010100100000000100000000000100000000000000000000000000000000000000000000000000000000000000000000000000000000000000100001
00100000000000000000000000000000000000000000000000100000000100000000000100000000000000000000000000000000000000000000000000000000000000000000000000000000000000100001
00100000000000000000000000000000000000000000000000100000000100000000000100000000000000000000000000000000000000000000000000000000000000000000000000000000000000100001
00100000000000000000000000000000000000000000000000100000000100000000000100000000000000000000000000000000000000000000000000000000000000000000000000000000000000100001
00100000000000000000000000000000000000000000000000100000000100000000000100000000000000000000000000000000000000000000000000000000000000000000000000000000000000100001
00100000000000000000000000000000000000000000000001100100010100000000000100000000000000000000000000000000000000000000000000000000000000000000000000000000000000100001
00100000000000000000000000000000000000000000000000000000000000000000000100000000000000000000000000000000000000000000000000000000000000000000000000000000000000100001
00100000000000000000000000000000000000000000000000000000000000000000000100000000000000000000000000000000000000000000000000000000000000000000000000000000000000100001
00100000000000000000000000000000000000000000000000000000000000000000000100000000000000000000000000000000000000000000000000000000000000000000000000000000000000100001
00100000000000000000000000000000000000000000000000000000000000000000000100000000000000000000000000000000000000000000000000000000000000000000000000000000000000100001
00100000000000000000000000000000000000000000000000000000000000000000000100000000000000000000000000000000000000000000000000000000000000000000000000000000000000100001
00100000000000000000000000000000000000000000000000000000000000000000000100000000000000000000000000000000000000000000000000000000000000000000000000000000000000100001
00100000000000000000000000000000000000000000000000000000000000000000000100000000000000000000000000000000000000000000000000000000000000000000000000000000000000100001
00100000000000000000000000000000000000000000000000000000000000000000000100000000000000000000000000000000000000000000000000000000100100001010000000000000000000100001
00100000000000000000000000000000000000000000000000000000000000000000000100000000000000000000000000000000000000000000000000000000000100000010000000000000000000100001
00100000000000000000000000000000000000000000000000000000000000000000000100000000000000000000000000000000000000000000000000000000000100000010000000000000000000100001
00100000000000000000000000000000000000000000000000000000000000000000000100000000000000000000000000000000000000000000000000000000000100000010000000000000000000100001
00100000000000000000000000000000000000000000000000000000000000000000000100000000000000000000000000000000000000000000000000000000000100000010000000000000000000100001
00100000000000000000000000000000000000000000000000000000000000000000000100000000000000000000000000000000000000000000000000000000000100000010000000000000000000100001
00100000000000000000000000000000000000000000000000000000000000000000000100000000000000000000000000000000000000000000000000000000000100000010000000000000000000100001
00100000000000000000000000000000000000000000000000000000000000000000000100000000000000000000000000000000000000000000000000000000101010001000100010001000100010010001
00100000000000000000000000000000000000000000000000000000000000000000000100000000000000000000000000000000000000000000000000000000011001000100010001000100010001010001
00100000000000000000000000000000000000000000000000000000000000000000000100000000000000000000000000000000000000000000000000000000000100000010000000000000000000100001
00100000000000000000000000000000000000000000000000000000000000000000000100000000000000000000000000000000000000000000000000000000010100000110000000000000000000100001
00100000000000000000000000000000000000000000000000000000000000000000000100000000000000000000000000000000000000000000000000000000000000000000000000000000000000100001
00100000000000000000000000000000000000000000000000000000000000000000000100000000000000000000000000000000000000000000000000000000000000000000000000000000000000100001
00100000000000000000000000000000000000000000000000000000000000000000000100000000000000000000000000000000000000000000000000000000000000000000000000000000000000100001
00100000000000000000000000000000000000000000000000000000000000000000000100000000000000000000000000000000000000000000000000000000000000000000000000000000000000100001
00100000000000000000000000000000000000000000000000000000000000000000010100000000000000000000000000000000000000000000000000000000000000000000000000000000000001100001
00100000000000000000000000000000000000000000000000000000000000000000000000000000000000000000000000000000000000000000000000000000000000000000000000000000000000000001
00100000000000000000000000000000000000000000000000000000000000000000000000000000000000000000000000000000000000000000000000000000000000000000000000000000000000000001
00100000000000000000000000000000000000000000000000000000000000000000000000000000000000000000000000000000000000000000000000000000000000000000000000000000000000000001
00100000000000000000000000000000000000000000000000000000000000000000000000000000000000000000000000000000000000000000000000000000000000000000000000000000000000000001
00100000000000000000000000000000000000000000000000000000000000000000000000000000000000000000000000000000000000000000000000000000000000000000000000000000000000000001
01100100010001000100010001000100010001000100010001000100010001000100010001000100010001000100010001000100010001000100010001000100010001000100010001000100010001000101
