1010100010001000100010001000100010001000100010001000100010001000100010001000100010001000100010001000100010001000100010001000100010001000100010001001
0010000000000000000000000000100100000000000000000000000000000000000000000000000000000000000000000000000000000000000000000000000000000000000000000001
0010000000000000000000000000000100000000000000000000000000000000000000000000000000000000000000000000000000000000000000000000000000000000000000000001
0010000000000000000000000000000100000000000000000000000000000000000000000000000000000000000000000000000000000000000000000000000000000000000000000001
0010000000000000000000000000000100000000000000000000000000000000000000000000000000000000000000000000000000000000000000000000000000000000000000000001
0010000000000000000000000000000100000000000000000000000000000000000000000000000000000000000000000000000000000000000000000000000000000000000000000001
0010000000000000000000000000000100000000000000000000000000000000000000000000000000000000000000000000000000000000000000000000000000000000000000000001
0010000000000000000000000000000100000000000000000000000000000000000000000000000000000000000000000000000000000000000000000000000000000000000000000001
0010000000000000000000000000000100000000000000000000000000000000000000000000000000000000000000000000000000000000000000000000000000000000000000000001
0010000000000000000000000000010100000000000000000000000000000000000000000000000000000000000000000000000000000000000000000000000000000000000000000001
0010000000000000000000000000000000000000000000000000000000000000000000000000000000000000000000000000000000000000000000000000000000000000000000000001
0010000000000000000000000000000000000000000000000000000000000000000000000000000000000000000000000000000000000000000000000000000000000000000000000001
0010000000000000000000000000000000000000000000000000000000000000000000001001000000000000000000000000000000000000000000001010000000000000000000000001
0010000000000000000000000000000000000000000000000000000000000000000000000001000000000000000000000000000000000000000000000010000000000000000000000001
0010000000000000000000000000000000000000000000000000000000000000000000000001000000000000000000000000000000000000000000000010000000000000000000000001
0010000000000000000000000000000000000000000000000000000000000000000000000001000000000000000000000000000000000000000000000010000000000000000000000001
0010000000000000000000000000000000000000000000000000000000000000000000000001000000000000000000000000000000000000000000000010000000000000000000000001
0010000000000000000000000000000000000000000000000000000000000000000000000001000000000000000000000000000000000000000000000010000000000000000000000001
0010000000000000000000000000000000000000000000000000000000000000000000000001000000000000000000000000000000000000000000000010000000000000000000000001
0010000000000000000000000000000000000000000000000000000000000000000000000001101010001001000000000000100100000000101000000010000000000000000000000001
0010000000000000000000000000000000000000000000000000000000000000000000000001001000001010100010010000000100000000001000000010000000000000000000000001
0010000000000000000000000000000000000000000000000000000000000000000000000001001000000010000000010000000100000000001000000010000000000000000000000001
0010000000000000000000000000000000000000000000000000000000000000000000000001001000000010000000010000000100000000001000000010000000000000000000000001
0010000000000000000000000000000000000000000000000000000000000000000000000001001000000010000000010000000100000000001000000010000000000000000000000001
0010000000000000000000000000000000000000000000000000000000000000000000000001001000000010000000010000000100000000001000000010000000000000000000000001
0010000000000000000000000000000000000000000000000000000000000000000000000001011001000010000000010000000100000000001000000010100110100000000000000001
0010000000000000000000000000000000000000000000000000000000000000000000000001000000000110010001010000000100000000001000000010000100100000000000000001
0010000000000000000000000000000000000000000000000000000000000000000000000001000000000000000000000000000100000000001000000010000100100000000000000001
0010000000000000000000000000000000000000000000000000000000000000000000000001000000000000000000000000000100000000001000000010000100100000000000000001
0010000000000000000000000000000000000000000000000000000000000000000000000001000000000000000000000000000100000000001000000010000100100000000000000001
0010000000000000000000000000000000000000000000000000000000000000000000000001000000000000000000000000010100000000011000000010000100100000000000000001
0010000000000000000000000000000000000000000000000000000000000000000000000001000000000000000000000000000000000000000000000010000100100000000000000001
0010000000000000000000000000000000000000000000000000000000000000000000000101000000000000000000000000000000000000000000000110000100100000000000000001
0010000000000000000000000000000000000000000000000000000000000000000000000000000000000000000000000000000000000000000000000000000100100000000000000001
0010000000000000000000000000000000000000000000000000000000000000000000000000000000000000000000000000000000000000000000000000010101100000000000000001
0010000000000000000000000000000000000000000000000000000000000000000000000000000000000000000000000000000000000000000000000000000000000000000000000001
0010000000000000000000000000000000000000000000000000000000000000000000000000000000000000000000000000000000000000000000000000000000000000000000000001
0010000000000000000000000000000000000000000000000000000000000000000000000000000000000000000000000000000000000000000000000000000000000000000000000001
0010000000000000000000000000000000000000000000000000000000000000000000000000000000000000000000000000000000000000000000000000000000000000000000000001
0010000000000000000000000000000000000000000000000000000000000000000000000000000000000000000000000000000000000000000000000000000000000000000000000001
0010000000000000000000000000000000000000000000000000000000000000000000000000000000000000000000000000000000000000000000000000000000000000000000000001
0010000000000000000000000000000000000000000000000000000000000000000000000000000000000000000000000000000000000000000000000000000000000000000000000001
0010000000000000000000000000000000000000000000000000000000000000000000000000000000000000000000000000000000000000000000000000000000000000000000000001
0010000000000000000000000000000000000000000000000000000000000000000000000000000000000000000000000000000000000000000000000000000000000000000000000001
0010000000000000000000000000000000000000000000000000000000000000000000000000000000000000000000000000000000000000000000000000000000000000000000000001
0010000000000000000000000000000000000000000000000000000000000000000000000000000000000000000000000000000000000000000000000000000000000000000000000001
0010000000000000000000000000000000000000000000000000000000000000000000000000000000000000000000000000000000000000000000000000000000000000000000000001
0010000000000000000000000000000000000000000000000000000000000000000000000000000000000000000000000000000000000000000000000000000000000000000000000001
0010000000000000000000000000000000000000000000000000000000000000000000000000000000000000000000000000000000000000000000000000000000000000000000000001
0010000000000000000000000000000000000000000000000000000000000000000000000000000000000000000000000000000000000000000000000000000000000000000000000001
0010000000000000000000000000000000000000000000000000000000000000000000000000000000000000000000000000000000000000000000000000000000000000000000000001
0010000000000000000000000000000000000000000000000000000000000000000000000000000000000000000000000000000000000000000000000000000000000000000000000001
0110010001000100010001000100010001000100010001000100010001000100010001000100010001000100010001000100010001000100010001000100010001000100010001000101
