1010100010001000100010001000100010001000100010001000100010001000100010001000100010001000100010001000100010001000100010001000100010001000100010001000100010001000100010001001
0010000000000000000000000000000000000000000000000000000000000000000000000000000000000000000000000000000000000000000000000000000000000000000000000000000000000000000000000001
0010000000000000000000000000000000000000000000000000000000000000000000000000000000000000000000000000000000000000000000000000000000000000000000000000000000000000000000000001
0010011001000100010001000100010001000100010001000100010001000100010001000100010001000100010100000000000000000000000000000000000000000000000000000000000000000000000000000001
0010000000000000000000000000000000000000000000000000000000000000000000000000000000000000000000000000000000000000000000000000000000000000000000000000000000000000000000000001
0010000000000000000000000000000000000000000010010000000000000000000000001010000000000000000000000000000000000000000000000000000000000000000000000000000000000000000000000001
0010000000000000000000000000000000000000000000011001000000000000000000000010000000000000000010100000000000000000000000000000000000000000000000000000000000000000000000000001
0010000000000000000000000000000000000000000000010001000000000000000000000010000000000000000000100000000000000000000000000000000000000000000000000000000000000000000000000001
0010000000000000000000000000000000000000000000010001000000000000000000000010000010101000100100100000000000000000000000000000000000000000000000000000000000000000000000000001
0010000000000000000000000000000000000000000000010001000000000000000000000010000000100000000100100000000000000000000000000000000000000000000000000000000000000000000000000001
0010000000000000000000000000000000000000000000010001000000000000000000000010000000100000000100100000000000000000000000000000000000000000000000000000000000000000000000000001
0010000000000000000000000000000000000000000000010001000000000000000000000010000000100000000100100000000000000000000000000000000000000000000000000000000000000000000000000001
0010000000000000000000000000000000000000000000010001000000000000000000000010000000100000000100100000000000000000000000000000000000000000000000000000000000000000000000000001
0010000000000000000000000000000000001010100010010001000000000000000000000010000000100000000100100000000000000000000000000000000000000000000000000000000000000000000000000001
0010000000000000000000000000000000000010000000010001000000000000000000000010000001100100010100100000000000000000000000000000000000000000000000000000000000000000000000000001
0010000000000000000000000000000000000010000000010001000000000000000000000010000000000000000000100000000000000000000000000000000000000000000000000000000000000000000000000001
0010101010001000100010001000100010001000100010001000100010001000100010001000100010001000100100100000000000000000000000000000000000000000000000000000000000000000000000000001
0010000000000000000000000000000000000010000000010001000000000000000000000010000000000000000000100000000000000000000000000000000000000000000000000000000000000000000000000001
0010000000000000000000000000000000000010000000010001000000000000000000000010000000000000000000100000000000000000000000000000000000000000000000000000000000000000000000000001
0010000000000000000000000000000000000110010001010001000000000000000000000010000000000000000000100000000000000000000000000000000000000000000000000000000000000000000000000001
0010000000000000000000000000000000000000000001010001000000000000000000000110000000000000000000100000000000000000000000000000000000000000000000000000000000000000000000000001
0010000000000000000000000000000000000000000000000001000000000000000000000000000000000000000000100000000000000000000000000000000000000000000000000000000000000000000000000001
0010000000000000000000000000000000000000000000000001000000000000000000000000000000000000000000100000000000000000000000000000000000000000000000000000000000000000000000000001
0010000000000000000000000000000000000000000000000001000000000000000000000000000000000000000000100000000000000000000000000000000000000000000000000000000000000000000000000001
0010000000000000000000000000000000000000000000000001000000000000000000000000000000000000000010101000100010001000100010001001000000000000000000000000000000000000000000000001
0010000000000000000000000000000000000000000000000101000000000000000000000000000000000000000001100100101010001001010001000101000000000000000000000000000000000000000000000001
0010000000000000000000000000000000000000000000000000000000000000000000000000000000000000000000000000001000000001000000000000000000000000000000000000000000000000000000000001
0010000000000000000000000000000000000000000000000000000000000000000000000000000000000000000000000000001000000001000000000000000000000000000000000000000000000000000000000001
0010000000000000000000000000000000000000000000000000000000000000000000000000000000000000000000000000001000000001000000000000000000000000000000000000000000000000000000000001
0010000000000000000000000000000000000000000000000000000000000000000000000000000000000000000000000000001000000001000000000000000000000000000000000000000000000000000000000001
0010000000000000000000000000000000000000000000000000000000000000000000000000000000000000000000000000001000000001000000000000000000000000000000000000000000000000000000000001
0010000000000000000000000000000000000000000000000000000000000000000000000000000000000000000000000000011001000101000000000000000000000000000000000000000000000000000000000001
0010000000000000000000000000000000000000000000000000000000000000000000000000000000000000000000000000000000000000000000000000000000000000000000000000000000000000000000000001
0010000000000000000000000000000000000000000000000000000000000000000000000000000000000000000000000000000000000000000000000000000000000000000000000000000000000000000000000001
0010000000000000000000000000000000000000000000000000000000000000000000000000000000000000000000000000000000000000000000000000000000000000000000000000000000000000000000000001
0010000000000000000000000000000000000000000000000000000000000000000000000000000000000000000000000000000000000000000000000000000000000000000000000000000000000000000000000001
0010000000000000000000000000000000000000000000000000000000000000000000000000000000000000000000000000000000000000000000000000000000000000000000000000000000000000000000000001
0010000000000000000000000000000000000000000000000000000000000000000000000000000000000000000000000000000000000000000000000000000000000000000000000000000000000000000000000001
0010000000000000000000000000000000000000000000000000000000000000000000000000000000000000000000000000000000000000000000000000000000000000000000000000000000000000000000000001
0010000000000000000000000000000000000000000000000000000000000000000000000000000000000000000000000000000000000000000000000000000000000000000000000000000000000000000000000001
0010000000000000000000000000000000000000000000000000000000000000000000000000000000000000000000000000000000000000000000000000000000000000000000000000000000000000000000000001
0010000000000000000000000000000000000000000000000000000000000000000000000000000000000000000000000000000000000000000000000000000000000000000000000000000000000000000000000001
0010000000000000000000000000000000000000000000000000000000000000000000000000000000000000000000000000000000000000000000000000000000000000000000000000000000000000000000000001
0010000000000000000000000000000000000000000000000000000000000000000000000000000000000000000000000000000000000000000000000000000000000000000000000000000000000000000000000001
0010000000000000000000000000000000000000000000000000000000000000000000000000000000000000000000000000000000000000000000000000000000000000000000000000000000000000000000000001
0110010001000100010001000100010001000100010001000100010001000100010001000100010001000100010001000100010001000100010001000100010001000100010001000100010001000100010001000101
