10101000100010001000100010001000100010001000100010001000100010001000100010001000100010001000100010001000100010001000100010001000100010001000100010001000100010001000100010001000100010001000100010001000100010001001
00100000000000000000000000010000000000000000000000000000000000000000000000100000000000000000000000100000000100000000000000000000000000000000000000000000000000000000000000000000000000000000000000000000000000000001
00100000000000000000000000010000000000000000000000000000000000000000000000100000000000000000000000100000000100000000000000000000000000000000000000000000000000000000000000000000000000000000000000000000000000000001
00100000000000000000000000010000000000000000000000000000000000000000000000100000000000000000000000100000000100000000000000000000000000000000000000000000000000000000000000000000000000000000000000000000000000000001
00100000011001000100010001000100010001000100010001000100010001000100010001010000000000000000000000100000000100000000000000000000000000000000000000000000000000000000000000000000000000000000000000000000000000000001
00100000000001100100010001000100010001000100010001000100010001000100010001000100010001000100010001000100010001010000000000000000000000000000000000000000000000000000000000000000000000000000000000000000000000000001
00100000000000000000000000010000000000000000000100000000000000100000000000100000000000000000000001100100010100000000000000000000000000000000000000000000000000000000000000000000000000000000000000000000000000000001
00100000000000000000000000010000000000000000000100000000000000100000000000100000000000000000000000000000000000000000000000000000000000000000000000000000000000000000000000000000000000000000000000000000000000000001
00100000000000000000000000010000000000000000000100000000100100100000000000100000000000000000000000000000000000000000000000000000000010100000000000000000000000000000000000000000000000000000000000000000000000000001
00100000000000000000000000010000000000000000000100000000000100100000000000100000000000000000000000000000000000000000000000000000000000100000000000000000000000000000000000000000000000000000000000000000000000000001
00100000000000000000000000010000000000000000000100000000000100100000000000100000000000000000000000000000000000000000000000000000000000100000000000000000000000000000000000000000000000000000000000000000000000000001
00100000101010001000100010001000100010001000100010001000100010001000100100100000000000000000000000000000000000000000000000000000000000100000000000000000000000000000000000000000000000000000000000000000000000000001
00100000101010001000100010001000100010001000100010001000100010001000100010010000000000000000000000000000000000000000000000000000000000100000000000000000000000000000000000000000000000000000000000000000000000000001
00100000000000000000000000010000000000000000000100000000000100100000000000100000000000000000000000000000000000000000000000000000000000100000000000000000000000000000000000000000000000000000000000000000000000000001
00100000000000000000000000010000000000000000000100000000000100100000000000100000000000000000000000000000000000000000000000000000000000100000000000000000000000000000000000000000000000000000000000000000000000000001
00100000000000000000000000010000000000000000000100000000000100100000000000100000000000000000000000000000000000000000000000000000000000100000000000000000000000000000000000000000000000000000000000000000000000000001
00100000000000000000000000010000000000000000000100000000000100100000000000100000000000000000000000000000000000000000000000000000000000100000000000000000000000000000000000000000000000000000000000000000000000000001
00100000000000000000000000010000000000000000010100000000000101100000000000100000000000000000000000000000000000000000000000000000000000100000000000000000000000000000000000000000000000000000000000000000000000000001
00100000000000000000000000010000000000000000000000000000000100000000000000100000000000000000000000000000000000000000000000000000000000100000000000000000000000000000000000000000000000000000000000000000000000000001
00100000000000000000000000010000000000000000000000000000000100000000000000100000000000000000000000000000000000000000000000000000000000100000000000000000000000000000000000000000000000000000000000000000000000000001
00100000000000000000000001010000000000000000000000000000000100000000000001100000000000000000000010101000100100000000000000000000000000100000000000000000000000000000000000000000000000000000000000000000000000000001
00100000000010101000100010001000100010001000100010001000100010001000100010001000100010001000100010001000100010010000000000000000000000100000000000000000000000000000000000000000000000000000000000000000000000000001
00100000000000000000000000000000000000000000000000000000000100000000000000000000000000000000000000100000000100000000000000000000000000100000000000000000000000000000000000000000000000000000000000000000000000000001
00100000000000000000000000000000000000000000000000000000000100000000000000000000000000000000000000100000000100000000000000000000000000100000000000000000000000000000000000000000000000000000000000000000000000000001
00100000000000000000000000000000000000000000000000000000000100000000000000000000000000000000000000100000000100000000000000000000000000100000000000000000000000000000000000000000000000000000000000000000000000000001
00100000000000000000000000000000000000000000000000000000000100000000000000000000000000000000000000100000000100000000000000001001101000100000000000000000000000000000000000000000000000000000000000000000000000000001
00100000000000000000000000000000000000000000000000000000000100000000000000000000000000000000000001100100010100000000000000000001001000100000000000000000000000000000000000000000000000000000000000000000000000000001
00100000000000000000000000000000000000000000000000000000000100000000000000000000000000000000000000000000000000000000000000000001001000100000000000000000000000000000000000000000000000000000000000000000000000000001
00100000000000000000000000000000000000000000000000000000000100000000000000000000000000000000000000000000000000000000000000000001001000100000000000000000000000000000000000000000000000000000000000000000000000000001
00100000000000000000000000000000000000000000000000000000000100000000000000000000000000000000000000000000000000000000000000000001001000100000000000000000000000000000000000000000000000000000000000000000000000000001
00100000000000000000000000000000000000000000000000000000000100000000000000000000000000000000000000000000000000000000000000000001001000100000000000000000000000000000000000000000000000000000000000000000000000000001
00100000000000000000000000000000000000000000000000000000000100000000000000000000000000000000000000000000000000000000000000000001001000100000000000000000000000000000000000000000000000000000000000000000000000000001
00100000000000000000000000000000000000000000000000000000000100000000000000000000000000000000000000000000000000000000000000000001001000100000000000000000000000000000000000000000000000000000000000000000000000000001
00100000000000000000000000000000000000000000000000000000000100000000000000000000000000000000000000000000000000000000000000000001001000100000000000000000000000000000000000000000000000000000000000000000000000000001
00100000000000000000000000000000000000000000000000000000000100000000000000000000000000000000000000000000000000000000000000000101011000100000000000000000000000000000000000000000000000000000000000000000000000000001
00100000000000000000000000000000000000000000000000000000010100000000000000000000000000000000000000000000000000000000000000000000000001100000000000000000000000000000000000000000000000000000000000000000000000000001
01100100010001000100010001000100010001000100010001000100010001000100010001000100010001000100010001000100010001000100010001000100010001000100010001000100010001000100010001000100010001000100010001000100010001000101
