1010100010001000100010001000100010001000100010001000100010001000100010001000100010001000100010001000100010001000100010001000100010001000100010001000100010001001
0010000000000000000000000001000000000000000000000000000000000000000000000000000000100000000000000000000000000000000000000000000000000000000000000000000000000001
0010000000000000000000000001000000000000000000000000000000000000000000000000000000100000000000000000000000000000000000000000000000000000000000000000000000000001
0010000000000000000000000001000010101001000000000000000000000000000000000000000000100000000000000000000000000000000000000000000000000000000000000000000000000001
0010000000000000000000000001000000100001000000000000000000000000000000000000000000100000000000000000000000000000000000000000000000000000000000000000000000000001
0010000000000000000000000001000000100001000000000000000000000000000000000000000000100000000000000000000000000000000000000000000000000000000000000000000000000001
0010000000000000000000000001000000100001000000000000000000000000000000000000000000100000000000000000000000000000000000000000000000000000000000000000000000000001
0010000000000000000000000001000000100001000000000000000000000000000000000000000000100000000000000000000000000000000000000000000000000000000000000000000000000001
0010000000000000000000000001000000100001000000000000000000000000000000000000000000100000000000000000000000000000000000000000000000000000000000000000000000000001
0010000000000000000000000001000000100001000000000000000000000000000000000000000000100000000000000000000000000000000000000000000000000000000000000000000000000001
0010000000000000000000000001000001100101000000000000000000000000000000000000000000100000000000000000000000000000000000000000000000000000000000000000000000000001
0010000000000000000000000001000000000000000000000000000000000000000000000000000000100000000000000000000000000000000000000000000000000000000000000000000000000001
0010000000000000000000000001000000000000000000000000000000000000000000000000000000100000000000000000000000000000000000000000000000000000000000000000000000000001
0010000000000000000000000001000000000000000000000000000000000000000000000000000000100000000000000000000000000000000000000000000000000000000000000000000000000001
0010000000000000000000000001000000000000000000000000000000000000000000000000000000100000000000000000000000000000000000000000000000000000000000000000000000000001
0010000000000000000000000001000000000000000000000000000000000000000000000000000000100000000000000000000000000000000000000000000000000000000000000000000000000001
0010000000000000000000000001000000000000000000000000000000000000000000000000000000100000000000000000000000000000000000000000000000000000000000000000000000000001
0010000000000000000000000001000000000000000000000000000000000000000000000000000000100000000000000000000000000000000000000000000000000000000000000000000000000001
0010000000000000000000000001000000000000000000000000000000000000011001000100010001000100010001000100010001000100010001000100010001000100010001000101000000000001
0010000000000000000000000001000000000000000000000000000000000000000000000000000000100000000000000000000000000000000000000000000000000000000000000000000000000001
0010000000000000000000000001000000000000000000000000000000000000000000000000000000100000000000000000000000000000000000000000000000000000000000000000000000000001
0010000000000000000000000001000000000000000000000000000000000000000000000000000000100000000000000000000000000000000000000000000000000000000000000000000000000001
0010000000000000000000000101000000000000000000000000000000000000000000000000000001100000000000000000000000000000000000000000000000000000000000000000000000000001
0010000000000000000000000000000000000000000000000000000000000000000000000000000000000000000000000000000000000000000000000000000000000000000000000000000000000001
0010000000000000000000000000000000000000000000000000000000000000000000000000000000000000000000000000000000000000000000000000000000000000000000000000000000000001
0010000000000000000000000000000000000000000000000000000000000000000000000000000000000000000000000000000000000000000000000000000000000000000000000000000000000001
0010000000000000000000000000000000000000000000000000000000000000000000000000000000000000000000000000000000000000000000000000000000000000000000000000000000000001
0010000000000000000000000000000000000000000000000000000000000000000000000000000000000000000000000000000000000000000000000000000000000000000000000000000000000001
0010000000000000000000000000000000000000000000000000000000000000000000000000000000000000000000000000000000000000000000000000000000000000000000000000000000000001
0010000000000000000000000000000000000000000000000000000000000000000000000000000000000000000000000000000000000000000000000000000000000000000000000000000000000001
0010000000000000000000000000000000000000101010001001000000000000101010001000100010001000100010001000100010001000100010001010100010001000100010001001000000000001
0010000000000000000000000000000000000000001000000001000000000000000000000000101010001001000000000000000000000000000000000010000000000000000000000001000000000001
0010000000000000000000000000000000000000001000000001000000000000000000000000001000000001000000000000000000000000000000000110010001000100010001000101000000000001
0010000000000000000000000000000000000000001000000001000000000000000000000000001000000001000000000000000000000000000000000000000000000000000000000000000000000001
0010000000000000000000000000000000000000001000000001000000000000000000000000001000000001000000000000000000000000000000000000000000000000000000000000000000000001
0010000000000000000000000000000000000000001000000001000000000000000000000000001000000001000000000000000000000000000000000000000000000000000000000000000000000001
0010000000000000000000000000000000000000011001000101000000000000000000000000001000000001000000000000000000000000000000000000000000000000000000000000000000000001
0010000000000000000000000000000000000000000000000000000000000000000000000000011001000101000000000000000000000000000000000000000000000000000000000000000000000001
0010000000000000000000000000000000000000000000000000000000000000000000000000000000000000000000000000000000000000000000000000000000000000000000000000000000000001
0010000000000000000000000000000000000000000000000000000000000000000000000000000000000000000000000000000000000000000000000000000000000000000000000000000000000001
0010000000000000000000000000000000000000000000000000000000000000000000000000000000000000000000000000000000000000000000000000000000000000000000000000000000000001
0010000000000000000000000000000000000000000000000000000000000000000000000000000000000000000000000000000000000000000000000000000000000000000000000000000000000001
0010000000000000000000000000000000000000000000000000000000000000000000000000000000000000000000000000000000000000000000000000000000000000000000000000000000000001
0010000000000000000000000000000000000000000000000000000000000000000000000000000000000000000000000000000000000000000000000000000000000000000000000000000000000001
0010000000000000000000000000000000000000000000000000000000000000000000000000000000000000000000000000000000000000000000000000000000000000000000000000000000000001
0010000000000000000000000000000000000000000000000000000000000000000000000000000000000000000000000000000000000000000000000000000000000000000000000000000000000001
0010000000000000000000000000000000000000000000000000000000000000000000000000000000000000000000000000000000000000000000000000000000000000000000000000000000000001
0010000000000000000000000000000000000000000000000000000000000000000000000000000000000000000000000000000000000000000000000000000000000000000000000000000000000001
0110010001000100010001000100010001000100010001000100010001000100010001000100010001000100010001000100010001000100010001000100010001000100010001000100010001000101
