101010001000100010001000100010001000100010001000100010001000100010001000100010001000100010001000100010001000100010001000100010001000100010001000100010001000100010001000100010001001
001000000000000000000000000000000000000000000000000000000000000000000000000000000000000000000000000000100000000100000000000000000000000000000000000000000000000000000000000000000001
001000000000000000000000000000000000000000000000000000000000000000000000000000000000000000000000000000100000000100000000000000000000000000000000000000000000000000000000000000000001
001000000000000000000000000000000000100100000000000000000000000000000000000000000000000000000000000000100000000110100000000000000000000000000000000000000000000000000000000000000001
001000000000000000000000000000000000000100000000000000000000000000000000000000000000000000000000000000100000000100100000000000000000000000000000000000000000000000000000000000000001
001000000000000000000000000000000000000110101001000000000000000000000000000000000000000000000000000000100000000100100000000000000000000000000000000000000000000000000000000000000001
001000000000000000000000000000000000000100100001000000000000000000000000000000000000000000000000000001100100010100100000000000000000000000000000000000000000000000000000000000000001
001000000000000000000110010001000100010001000100010001000100010001000100010001000100010001000100010001000100010001000100010001000100010100000000000000000000000000000000000000000001
001000000000000000000000000000000000000100100001000000000000000000000000000000000000000000000000000000000000000000100000000000000000000000000000000000000000000000000000000000000001
001000000000000000000000000000000000000100100001000000000000000000000000000000000000000000000000000000000000000000100000000000000000000000000000101010001001000000000000000000000001
001000000000000000000000000000000000000100100001000000000000000000000000000000000000000000000000000000000000000000100000000000000000000000000000001000000001000000000000000000000001
001010001001000000000000000000000000000100100001000000000000000000000000000000000000000000000000000000000000000000100000000000000000000000000000001000000001000000000000000000000001
001000000001101010001001000000000000000101100101000000000000000000000000000000000000000000000000000000000000000000100000000000000000000000000000001000000001000000000000000000000001
001000000001001000000001000000000000000100000000000000000000000000000000000000000000000000000000000000000000000000100000000000000000000000000000001000000001000000000000000000000001
001000000001001000000001000010101000100100000000000000000000000000000000000000000000000000000000000000000000000000100000000000000000000000000000001000000001000000000000000000000001
001000000001001000000001000000100000000100000000000000000000000000000000000000000000000000000000000000000000000000100000000000000000000000000000011001000101000000000000000000000001
001000000001001000000001000000100000000100000000000000000000000000000000000000000000000000000000000000000000000000100000000000000000000000000000000000000000000000000000000000000001
001001000101001000000001000000100000000100000000000000000000000000000000000000000000000000000000000000000000000000100000000000000000000000000000000000000000000000000000000000000001
001000000000011001000101000000100000000100000000000000000000000000000000000000000000000000000000100100000000000000100000000000000000000010100000000000000000000000000000000000000001
001000000000000000000000000000100000000100000000000000000000000000000000000000000000000000000000000100000000000000100000000000000000000000100000000000000000000000000000000000000001
001000000000000000000000000001100100010100000000000000000000000000000000000000000000000000000000000100000000000000100000000000000000000000100000000000000000000000000000000000000001
001000000000000000000000000000000000000100000000000000000000000000000000000000000000000000000000000100000000000000100000000000000000000000101010100010010000000000000000000000000001
001000000000000000000000000000000000000100000000000000000000000000000000000000000000000000000000000100000000000000100000000000000000000000100010000000010000000000000000000000000001
001000000000000000000000000000000000000100000000000000000000000000000000000000000000000000000000000100000000000000100000000000000000000000100010000000010000000000000000000000000001
001000000000000000000000000000000000000100000000000000000000000000000000000000000000000001100100010001000100010001000100010001000100010001000100010100010000000000000000000000000001
001000000000000000000000000000000000000100000000000000000000000000000000000000000000000000000000000100000000000000100000000000000000000000100010000000010000000000000000000000000001
001000000000000000000000000000000000000100000000000000000000000000000000000000000000000000000000000100000000000000100000000000000000000000100010000000010000000000000000000000000001
001000000000000000001010100010001000100010001000100010001000100010001000100010001000100010001000100010001000100010001000100010001000100100100110010001010000000000000000000000000001
001000000000000000000000000000000000000100000000000000000000000000000000000000000000000000000000000100000000000000100000000000000000000000100000000000000000000000000000000000000001
001000000000000000000000000000000000000100000000000000000000000000000000000000000000000000000000000100000000000000100000000000000000000000100000000000000000000000000000000000000001
001000000000000000000000000000000000010100000000000000000000000000000000000000000000000010101000100010001000100010001000100010001000100010001000100100000000000000000000000000000001
001000000000000000000000000000000000000000000000000000000000000000000000000000000000000000000000000100000000000000000000000000000000000000100000000000000000000000000000000000000001
001000000000000000000000000000000000000000000000000000000000000000000000000000000000000000000000000100000000000000000000000000000000000000100000000000000000000000000000000000000001
001000000000000000000000000000000000000000000000000000000000000000000000000000000000000000000000000100000000000000000000000000000000000000100000000000000000000000000000000000000001
001000000000000000000000000000000000000000000000000000000000000000000000000000000000000000000000000100000000000000000000000000000000000000100000000000000000000000000000000000000001
001000000000000000000000000000000000000000000000000000000000000000000000000000000000000000000000000100000000000000000000000000000000000000100000000000000000000000000000000000000001
001000000000000000000000000000000000000000000000000000000000000000000000000000000000000000000000010100000000000000000000000000000000000001100000000000000000000000000000000000000001
001000000000000000000000000000000000000000000000000000000000000000000000000000000000000000000000000000000000000000000000000000000000000000000000000000000000000000000000000000000001
001000000000000000000000000000000000000000000000000000000000000000000000000000000000000000000000000000000000000000000000000000000000000000000000000000000000000000000000000000000001
001000000000000000000000000000000000000000000000000000000000000000000000000000000000000000000000000000000000000000000000000000000000000000000000000000000000000000000000000000000001
001000000000000000000000000000000000000000000000000000000000000000000000000000000000000000000000000000000000000000000000000000000000000000000000000000000000000000000000000000000001
001000000000000000000000000000000000000000000000000000000000000000000000000000000000000000000000000000000000000000000000000000000000000000000000000000000000000000000000000000000001
001000000000000000000000000000000000000000000000000000000000000000000000000000000000000000000000000000000000000000000000000000000000000000000000000000000000000000000000000000000001
011001000100010001000100010001000100010001000100010001000100010001000100010001000100010001000100010001000100010001000100010001000100010001000100010001000100010001000100010001000101
