10101000100010001000100010001000100010001000100010001000100010001000100010001000100010001000100010001000100010001000100010001000100010001000100010001000100010001000100010001001
00100000000000000000000000000000000000000000000000000000000000000000000000000000000000000000000000000000000000000000000000000000000000000000000000000000000000000000000000000001
00100000000000000000000000000000100100000000000000000000000000000000000000001010000000000000000000000000000000000000000000000000000000000000000000000000000000000000000000000001
00100000000000000000000000000000000100000000000000000000000000000000000000000010000000000000000000000000000000000000000000000000000000000000000000000000000000000000000000000001
00100000000000000000000000000000000100001001000000000000000000000000000000000010000000000000000000000000000010100000000000000000000000000000000000000000000000000000000000000001
00100000000000000000000000000000000100000001000000000000000000000000000000000010000000000000000000000000000000100000000000000000000000000000000000000000000000000000000000000001
00100000000000000000000000000000000100000001000000000000000000000000000000000010000000000000000000000000000000100000000000000000000000000000000000000000000000000000000000000001
00100000000000000000000000000000000100000001000000000000000000000000000000000010000000000000000000000000000000100000000000000000000000000000000000000000000000000000000000000001
00100000000000000000000000000000000100000001000000000000000000000000000000000010000000000000000000000000000000100000000000000000000000000000000000000000000000000000000000000001
00100000000000000000000000000000000100000001000000000000000010010000000000000010000000000000000000000000000000101010000000000000000000000000000000000000000000000000000000000001
00100000000000000000000000000000000100000001000000000000000000010000000000000010000000000000000000000000000000100010000000000000000000000000000000000000000000000000000000000001
00100000000000000000000000000000000100000001000000000000000000010000000000000010000000000000000000000000000000100010000000000000000000000000000000000000000000000000000000000001
00100000000000000000000000000000000100000110010001000100010001000100010001000100010001000100010001000100010001000100010001000100010001000100010001000101000000000000000000000001
00100000000000000000000000000000000100000001000000000000000000010000000000000010000000000000000000000000000000100010000000000000000000000000000000000000000000000000000000000001
00100000000000000000000000000000000100000001000000000000000000010000000000000010100100000000000000000000000000101010000000000000000000000000000000000000000000000000000000000001
00100000000000000000000000000000000100000001000000000000000000010000000000000010000100000000000000000000000000100010000000000000000000000000000000000000000000000000000000000001
00100000000000000000000000000000000100000001000000000000000000010000000000000010000100000000000000000000000000100010000000000000000000000000000000000000000000000000000000000001
00100000000000000000000000000000000100000001000000000000000000010000000000000010000100000000000000000000000000100010000000000000000000000000000000000000000000000000000000000001
00100000000000000000000000000000000100000001000000000000000000010000000000000010000100000000000000000000000000100010000000000000000000000000000000000000000000000000000000000001
00100000000000000000000000000000000100000001000000000000000000010000000000000010000100000000000000001001000000100010000000000000000000000000101000000000000000000000000000000001
00100000000000000000000000000000000100000001000000000000000000010000000000000010000100000000000000000001000000100010000000000000000000000000001000000000000000000000000000000001
00100000000000000000000000000000010100000001000000000000000000010000000000000110000100000000000000000001000000100010000000000000000000000000001000000000000000000000000000000001
00100000000000000000000000000000000000000001000000000000000000010000000000000000000100000000000000000001000000100010000000000000000000000000001000000000000000000000000000000001
00100000000000000000000000000000000000000001000000000000000000010000000000000000000100000000000000000001000000100010000000000000000000000000001000000000000000000000000000000001
00100000000000000000000000000000000000000001000000000000000000010000000000000000000100000000000000000001000000100010000000000000000000000000001000000000000000000000000000000001
00100000000000000000000000000000000000000001000000000000000000010000000000000000000100000000000000000001000000100010000000000000000000000000001000000000000000000000000000000001
00100000000000000000000000000000000000000001000000000000000000010000000000000000000100000000000000000001000000100010000000000000000000000000001000000000000000000000000000000001
00100000000000000000000000000000000000000001000000000000000000010000000000000000000100000000000000000001000000100010000000000000000000000000001000000000000000000000000000000001
00100000000000000000000000000000000000000001000000000000000000010000000000000000000100000000000000000001000000100010000000000000000000000000001000000000000000000000000000000001
00100000000000000000000000000000000000000101000000001010100010010000000000000000000100000000000000000001000001100010000000000000000000000000001000000000000000000000000000000001
00100000000000000000000000000000000000000000000000000010000000010000000000000000010100000000000000000001000000000110000000000000000000000000001000000000000000000000000000000001
00100000000000000000000000000000000000001010100010001000100010001000100010001000100010001000100010001000100010001000100010001000100010001000100010001001000000000000000000000001
00100000000000000000000000000000000000000000000000000010000000010000000000000000000000000000000000000001000000000000000000000000000000000000001000000000000000000000000000000001
00100000000000000000000000000000000000000000000000000010000000010000000000000000000000000000000000000001000000000000000000000000000000000000001000000000000000000000000000000001
00100000000000000000000000000000000000000000000000000010000000010000000000000000000000000000000000001010100010010000000000000000000000000000001000000000000000000000000000000001
00100000000000000000000000000000000000000000000000000110010001010000000000000000000000000000000000000010000000010000000000000000000000000000001000000000000000000000000000000001
00100000000000000000000000000000000000000000000000000000000000000000000000000000000000000000000000000010000000010000000000000000000000000000001000000000000000000000000000000001
00100000000000000000000000000000000000000000000000000000000000000000000000000000000000000000000000000010000000010000000000000000000000000000011000000000000000000000000000000001
00100000000000000000000000000000000000000000000000000000000000000000000000000000000000000000000000000010000000010000000000000000000000000000000000000000000000000000000000000001
00100000000000000000000000000000000000000000000000000000000000000000000000000000000000000000000000000010000000010000000000000000000000000000000000000000000000000000000000000001
00100000000000000000000000000000000000000000000000000000000000000000000000000000000000000000000000000110010001010000000000000000000000000000000000000000000000000000000000000001
00100000000000000000000000000000000000000000000000000000000000000000000000000000000000000000000000000000000000000000000000000000000000000000000000000000000000000000000000000001
00100000000000000000000000000000000000000000000000000000000000000000000000000000000000000000000000000000000000000000000000000000000000000000000000000000000000000000000000000001
00100000000000000000000000000000000000000000000000000000000000000000000000000000000000000000000000000000000000000000000000000000000000000000000000000000000000000000000000000001
01100100010001000100010001000100010001000100010001000100010001000100010001000100010001000100010001000100010001000100010001000100010001000100010001000100010001000100010001000101
