101010001000100010001000100010001000100010001000100010001000100010001000100010001000100010001000100010001000100010001000100010001000100010001000100010001000100010001000100010001001
001000000000000000000000000000000000000000000000001000000001000000000000000000000000000000000000000000000000000000000000000000000000000000000000000000000000000000000000000000000001
001000000000000000000000000000001001000000000000001000000001000000000000000000000000000000000000000000000000000000000000000000001010000000000000000000000000000000000000000000000001
001000000000000000000000000000000001000000000000001000000001000000000000000000000000000000000000000000000000000000000000000000000010000000000000000000000000000000000000000000000001
001000000000000000000000000000000001000000000000001000000001000000000000000000000000000000000000000000000000000000000000000000000010000000000000000000000000000000000000000000000001
001000000000000000000000000000000001000000000000001000000001000000000000000000000000000000000000000000000000000000000000000000000010000000000000000000000000000000000000000000000001
001000000000000000000000000000000001000000000000011001000101000000000000000000000000000000000000000000000000000000000000000000000010000000000000000000000000000000000000000000000001
001000000000000000000000000000000001000000000000000000000000000000000000000000000000000000000000000000000000000000000000000000000010000000000000000000000000000000000000000000000001
001000000000000000000000000000000001000000000000000000000000000000000000000000000000000000000000000000000000000000000000000000000010000000000000000000000000000000000000000000000001
001000000000000000000000000000000001000000000000000000000000000000000000000000000000000000000000000000000000000000000000000000000010000000000000000000000000000000000000000000000001
001000000000000000000000000000000001000000000000000000000000000000000000000000000000000000000000000000000000000000000000000000000010000000000000000000000000000000000000000000000001
001000000000000000000000000000000001000000000000000000000000000000001001000000000000000000000000000000000000000000000000101000000010000000000000000000000000000000000000000000000001
001000000000000000000000000000000001000000000000000000000000000000000001000000000000000000000000000000000000000000000000001000000010000000000000000000000000000000000000000000000001
001000000000000000000000000000000001000000000000000000000000000000000001000000000000000000000000000000000000000000000000001000000010000000000000000000000000000000000000000000000001
001000000000000000000000101010001001000000000000000000000000000000000001000000000000000000000000000000000000000000000000001000000010000000000000000000000000000000000000000000000001
001000000000000000000000001000000001000000000000000000000000000000000001000000000000000000000000000000000000000000000000001000000010000000000000000000000000000000000000000000000001
001000000000000000000000001000000001000000000000000000000000000010101000100010001000100010010000000000000000000000000000001000000010000000000000000000000000000000000000000000000001
001000000000000000000000001000000001000000000000000000000000000000100001000000000000000000011001101000000000000000000000001000000010000000000000000000000000000000000000000000000001
001000000000000000000000001000000001000000000000000000000000000001100100010001000100010001010001001000000000000000000000001000000010000000000000000000000000000000000000000000000001
001000000000000000000000001000000001000000000000000000000000000000000001000000000000000000000001001000000000000000000000001000000010000000000000000000000000000000000000000000000001
001000000000000000000000011001000101000000000000000000000000000000000001000000000000000000000001001000000000000000000000001000000010000000000000000000000000000000000000000000000001
001000000000000000000000000000000001000000000000000000000000000000000001000000000000000000000001001000000000000000000000001000000010000000000000000000000000000000000000000000000001
001000000000000000000000000000000001000000000000000000000000000000000001000000000000000000000001001000000000000000000000001000000010000000000000000000000000000000000000000000000001
001000000000000000000000000000000001000000000000000000000000000000000001000000000000000000000001001000000000000000000000001000000010000000000000000000000000000000000000000000000001
001000000000000000000000000000000001000000000000000000000000000000000001000000000000000000000001001000000000000000000000001000000010000000000000000000000000000000000000000000000001
001000000000000000000000000000000001000000000000000000000000000000000001000000000000000000000001001000000000000000000000001000000010000000000000000000000000000000000000000000000001
001000000000000000000000000000000001000000000000000000000000000000000001000000000000000000000101011000000000000000000000001000000010000000000000000000000000000000000000000000000001
001000000000000000000000000000000001000000000000000000001010100010010001000000000000000000000000000000000000000000000000001000000010000000000000000000000000000000000000000000000001
001000000000000000000000000000000001000000000000000000000010000000010001000000000000000000000000000000000000000000000000001000000010000000000000000000000000000000000000000000000001
001000000000000000000000000000000001000000000000000000000010000000010001000000000000000000000000000000000000011001000100010001000100010001000101000000000000000000000000000000000001
001000000000000000000000000000000001000000000000000000000010000000010001000000000000000000000000000000000000000000000000001000000010000010101000100100000000000000000000000000000001
001000000000000000000000000000000001000000000000000000000010000000010001000000000000000000000000000000000000000000000000001000000010000000100000000100000000000000000000000000000001
001000000000000000000000000000000001000000000000000000000010000000010101000000000000000000000000000000000000000000000000011000000010000000100000000100000000000000000000000000000001
001000000000000000000000000000000001000000000000000000000110010001010000000000000000000000000000000000000000000000000000000000000010000000100000000100000000000000000000000000000001
001000000000000000000000000000000101000000000000000000000000000000000000000000000000000000000000000000000000000000000000000000000110000000100000000100000000000000000000000000000001
001000000000000000000000000000000000000000000000000000000000000000000000000000000000000000000000000000000000000000000000000000000000000000100000000100000000000000000000000000000001
001000000000000000000000000000000000000000000000000000000000000000000000000000000000000000000000000000000000000000000000000000000000000001100100010100000000000000000000000000000001
001000000000000000000000000000000000000000000000000000000000000000000000000000000000000000000000000000000000000000000000000000000000000000000000000000000000000010101000100010010001
001000000000000000000000000000000000000000000000000000000000000000000000000000000000000000000000000000000000000000000000000000000000000000000000000000000000000000100000000000010001
001000000000000000000000000000000000000000000000000000000000000000000000000000000000000000000000000000000000000000000000000000000000000000000000000000000000000000100000000000010001
001000000000000000000000000000000000000000000000000000000000000000000000000000000000000000000000000000000000000000000000000000000000000000000000000000000000000000100000000000010001
001000000000000000000000000000000000000000000000000000000000000000000000000000000000000000000000000000000000000000000000000000000000000000000000000000000000000000100000000000010001
001000000000000000000000000000000000000000000000000000000000000000000000000000000000000000000000000000000000000000000000000000000000000000000000000000000000000001100100010001010001
011001000100010001000100010001000100010001000100010001000100010001000100010001000100010001000100010001000100010001000100010001000100010001000100010001000100010001000100010001000101
