101010001000100010001000100010001000100010001000100010001000100010001000100010001000100010001000100010001000100010001000100010001000100010001001
001000000000000000000000000100000000000000000000000000000000001000000000000000000000000000000000000000000000000000000000000000000000000000000001
001000000000000000000000000100000000000000000000000000000000001000000000000000000000000000000000000000000000000000000000000000000000000000000001
001001100100010001000100010001000100010001000100010001000100010001000100010001000100010001000100010001010000000000000000000000000000000000000001
001000000000000000000000000100000000000000000000000000000000001000000000000000000000000010101000100100000000000000000000000000000000000000000001
001000000000000000000000000100000000000000000000101010001001001000000000000000000000000000100000000100000000000000000000000000000000000000000001
001000000000000000000000000100000000000000000000001000000001001000000000000000000000000000100000000100000000000000000000000010101000100100000001
001000000000000000000000000100000000000000000000001000000001001000000000000000000000000000100000000100000000000000000000000000100000000100000001
001000000000000000000000011001000100010001000100010001000100010001000100010001000100010001000100010001000100010100000000000000100000000100000001
001000000000000000000000000100000000000000000000001000000001001000000000000000000000000000100000000100000000000000000000000000100000000100000001
001000000000000000000000000100000000000000000000001000000001001000000000000000000000000001100100010100000000000000000000000000100000000100000001
001000000000000000000000000100000000000000000000011001000101001000000000000000000000000000000000000000000000000000000000000000100000000100000001
001000000000000000000000000100000000000000000000000000000000001000000000000000000000000000000000000000000000000000000000000001100100010100000001
001000000000000000000000000100000000000000000000000000000000001000000000000000000000000000000000000000000000000000000000000000000000000000000001
001000000000000000000000000100000000000000000000000000000000001000000000000000000000000000000000000000000000000000000000000000000000000000000001
001000000000000000000000000100000000000000000000000000000000001000000000000000000000000000000000000000000000000000000000000000000000000000000001
001000000000000000000000000100000000000000000000000000000000001000000000000000000000000000000000000000000000000000000000000000000000000000000001
001000000000000000000000010100000000000010101000100100000000011000000000000000000000000000000000000000001010100010010000000000000000000000000001
001000000000000000000000000000000000000000100000000100000000000001100100010001000100010001000100010001000100010100010000000000000000000000000001
001010101000100010001000100010001010100010011000100010001000100010001000100010001000100010001000100010010010000000010000000000000000000000000001
001000000000000000000000000000000010000000010000000100000000000000000000000000000000000000000010000000010010000000010000000000000000000000000001
001000000000000000000000101010001000100010001000100010001000100010101000100010001000100010001000100010001000100110100000000000000000000000000001
001000000000000000000000000000000010000000010000000100000000000000000000000000000000000000000010000000010010000100100000000000000000000000000001
001000000000000000000000000000000010000000010100010100000000000000000000000000000000000000000010000000010110000100100000000000000000000000000001
001000000000000000000000000000000010000000010000000000000000000000000000000000000000000000000110010001010000000100100000000000000000000000000001
001000000000000000000000000000000110010001010000000000000000000000000000000000000000000000000000000000000000000100100000000000000000000000000001
001000000000000000000000000000000000000000000000000000000000000000000000000000000000000000000000000000000000000100100000000000000000000000000001
001000000000000000000000000000000000000000000000000000000000000000000000000000000000000000000000000000000000000100100000000000000000000000000001
001000000000000000000000000000000000000000000000000000000000000000000000000000000000000000000000000000000000000100100000000000000000000000000001
001000000000000000000000000000000000000000000000000000000000000000000000000000000000000000000000000000000000000100100000000000000000000000000001
001000000000000000000000000000000000000000000000000000000000000000000000000000000000000000000000000000000000010101100000000000000000000000000001
001000000000000000000000000000000000000000000000000000000000000000000000000000000000000000000000000000000000000000000000000000000000000000000001
001010101000100110101000100100000000000000000000000000000000000000000000000000000000000000000000000000000000000000000000000000000000000000000001
001000100000000100100000000100000000000000000000000000000000000000000000000000000000000000000000000000000000000000000000000000000000000000000001
001000100000000100100000000100000000000000000000000000000000000000000000000000000000000000000000000000000000000000000000000000000000000000000001
001000100000000100100000000100000000000000000000000000000000000000000000000000000000000000000000000000000000000000000000000000000000000000000001
001000100000000100100000000100000000000000000000000000000000000000000000000000000000000000000000000000000000000000000000000000000000000000000001
001000100000000100100000000100000000000000000000000000000000000000000000000000000000000000000000000000001010100010010000000000000000000000000001
001001100100010101100100010100000000000000000000000000000000000000000000000000000000000000000000000000000010000000010000000000000000000000000001
001000000000000000000000000000000000000000000000000000000000000000000000000000000000000000000000000000000010000000010000000000000000000000000001
001000000000000000000000000000000000000000000000000000000000000000000000000000000000000000000000000000000010000000010000000000000000000000000001
001000000000000000000000000000000000000000000000000000000000000000000000000000000000000000000000000000000010000000010000000000000000000000000001
001000000000000000000000000000000000000000000000000000000000000000000000000000000000000000000000000000000010000000010000000000000000000000000001
001000000000000000000000000000000000000000000000000000000000000000000000000000000000000000000000000000000110010001010000000000000000000000000001
001000000000000000000000000000000000000000000000000000000000000000000000000000000000000000000000000000000000000000000000000000000000000000000001
001000000000000000000000000000000000000000000000000000000000000000000000000000000000000000000000000000000000000000000000000000000000000000000001
001000000000000000000000000000000000000000000000000000000000000000000000000000000000000000000000000000000000000000000000000000000000000000000001
001000000000000000000000000000000000000000000000000000000000000000000000000000000000000000000000000000000000000000000000000000000000000000000001
001000000000000000000000000000000000000000000000000000000000000000000000000000000000000000000000000000000000000000000000000000000000000000000001
001000000000000000000000000000000000000000000000000000000000000000000000000000000000000000000000000000000000000000000000000000000000000000000001
001000000000000000000000000000000000000000000000000000000000000000000000000000000000000000000000000000000000000000000000000000000000000000000001
001000000000000000000000000000000000000000000000000000000000000000000000000000000000000000000000000000000000000000000000000000000000000000000001
001000000000000000000000000000000000000000000000000000000000000000000000000000000000000000000000000000000000000000000000000000000000000000000001
001000000000000000000000000000000000000000000000000000000000000000000000000000000000000000000000000000000000000000000000000000000000000000000001
011001000100010001000100010001000100010001000100010001000100010001000100010001000100010001000100010001000100010001000100010001000100010001000101
