1010100010001000100010001000100010001000100010001000100010001000100010001000100010001000100010001000100010001000100010001000100010001000100010001000100010001001
0010000000000000000000000000000000000000000000000000000000000000000000000000000000000000000000000000000000000000000000000000000000000000000000000000000000000001
0010000000000000000000000000000000000000000000000000000000000000000000000000000000000000000000000000000000000000000000000000000000000000000000000000000000000001
0010000000000000000000000000000000000000000000000000000000000000000000000000000000000000000000000000000000000000000000000000000000000000000000000000000000000001
0010000000000000000000000000000000000000000000000000000000000000000000000000000000000000000000000000000000000000000000000000000000000000000000000000000000000001
0010000000000000000000000000000000000000000000000000000000000000000000000000000000000000000000000000000000000000000000000000000000000000000000000000000000000001
0010000000000000000000000000101010001000100010001001000000000000000000000000000000000000000000000000000000000000000000000000000000000000000000000000000000000001
0010000000000000000000000000001000000000000000000001000000000000000000000000000000000000000000000000000000000000000000000000000000000000000000000000000000000001
0010000000000000000000000000001000000000000000000001000000000000000000000000000000000000000000000000000000000000000000000000000000000000000000000000000000000001
0010000000000000000000000000011001000100010001000101000000000000000000000000000000000000000000000000000000000000000000000000000000000000000000000000000000000001
0010000000000000000000000000000000000000000000000000000000000000000000000000000000000000000000000000000000000000000000000000000000000000000000000000000000000001
0010000000000000000000000000000000000000000000000000000000000000000000000000000000000000000000000000000000000000000000000000000000000000000000000000000000000001
0010000000000000000000000000000000000000000000000000000000000000000000001001000000000000000000000000000010100000000000000000000000000000000000000000000000000001
0010000000000000000000000000000000000000000001100100010001000100010001000100010001000101000000000000000000100000000000000000000000000000000000000000000000000001
0010000000000000000000000000000000000000000000000000000000000000000000100001000100000000000000000000000000100000000000000000000000000000000000000000000000000001
0010000000000000000000000000000000000000000010101000100010001000100010001000100010001001000000000000000000100000000000000000000000000000000000000000000000000001
0010000000000000000000000000000000000000000000000000000000000000000000100001000100000000000000000000000000100000000000000000000000000000000000000000000000000001
0010000000000000000000000000101010001001000000000000000000000000000000100001000100000000000000000000000000100000000000000000000000000000000000000000000000000001
0010000000000000000000000000001000000001000000000000000000000000000000100001000100000000000000000000000000100000000000000000000000000000000000000000000000000001
0010000000000000000000000000001000000001000000000000000000000000000001100100010100000000000000000000000000100000000000000000000000000000000000000000000000000001
0010000000000000000000000000001000000001000000000000000000000000000000000001000000000000000010101000100100100000000000000000000000000000000000000000000000000001
0010000000000000000000000000001000000001000000000000000000000000000000000001000000000000000000100000000100100000000000000000000000000000000000000000000000000001
0010000000000000000000000000001000000001000000000000000000000000000000000001000000000000000000100000000100100000000000000000000000000000000000000000000000000001
0010000000000000000000000000011001000101000000000000000000000000000000000001000000000000000000100000000100100000000000000000000000000000000000000000000000000001
0010000000000000000000000000000000000000000000000000000000000000000000000001000000000000000000100000000100100000000000000000000000000000000000000000000000000001
0010000000000000000000000000000000000000000000000000000000000000000000000001000000000000000000100000000100100000000000000000100100000000000000000000000000000001
0010000000000000000000000000000000000000000000000000000000000000000000000001000000000000000001100100010100100000000000000000000100000000000000000000000000000001
0010000000000000000000000000000000000000000000000000000000000000000000000001000000000000000000000000000000100000000000000000000100000000000000000000000000000001
0010000000000000000000000000000000000000000000000000000000000000000000000101000000000000000000000000000001100000000000000000000100000000000000000000000000000001
0010000000000000000000000000000000000000000000000000000000000000000000000000000000000000000000000000000000000000000000000000000100000000000000000000000000000001
0010000000000000000000000000000000000000000000000000000000000000000000000000000000000000000000000000000000000000000000000000000100000000000000000000000000000001
0010000000000000000000000000000000000000000000000000000000000000000000000000000000000000000000000000000000000000000000000000000100000000000000000000000000000001
0010000000000000000000000000000000000000000000000000000000000000000000000000000000000000000000000000000000000000000000000000000100000000000000000000000000000001
0010000000000000000000000000000000000000000000000000000000000000000000000000000000000000000000000000000000000000000000000000000100000000000000000000000000000001
0010000000000000000000000000000000000000000000000000000000000000000000000000000000000000000000000000000000000000000000000000000100000000000000000000000000000001
0010000000000000000000000000000000000000000000000000000000000000000000000000000000000000000000000000000000000000000000000000000100000000000000000000000000000001
0010000000000000000000000000000000000000000000000000000000000000000000000000000000000000000000000000000000000000000000000000000100000000000000000000000000000001
0010000000000000000000000000000000000000000000000000000000000000000000000000000000000000000000000000000000000000000000000000000100000000000000000000000000000001
0010000000000000000000000000000000000000000000000000000000000000000000000000000000000000000000000000000000000000000000000000000100000000000000000000000000000001
0010000000000000000000000000000000000000000000000000000000000000000000000000000000000000000000000000000000000000000000000000000100000000000000000000000000000001
0010000000000000000000000000000000000000000000000000000000000000000000000000000000000000000000000000000000000000000000000000000100000000000000000000000000000001
0010000000000000000000000000000000000000000000000000000000000000000000000000000000000000000000000000000000000000000000000000010100000000000000000000000000000001
0010000000000000000000000000000000000000000000000000000000000000000000000000000000000000000000000000000000000000000000000000000000000000000000000000000000000001
0010000000000000000000000000000000000000000000000000000000000000000000000000000000000000000000000000000000000000000000000000000000000000000000000000000000000001
0010000000000000000000000000000000000000000000000000000000000000000000000000000000000000000000000000000000000000000000000000000000000000000000000000000000000001
0010000000000000000000000000000000000000000000000000000000000000000000000000000000000000000000000000000000000000000000000000000000000000000000000000000000000001
0010000000000000000000000000000000000000000000000000000000000000000000000000000000000000000000000000000000000000000000000000000000000000000000000000000000000001
0010000000000000000000000000000000000000000000000000000000000000000000000000000000000000000000000000000000000000000000000000000000000000000000000000000000000001
0110010001000100010001000100010001000100010001000100010001000100010001000100010001000100010001000100010001000100010001000100010001000100010001000100010001000101
