10101000100010001000100010001000100010001000100010001000100010001000100010001000100010001000100010001000100010001000100010001000100010001000100010001001
00100000001000000000000000010000000000000000000000000000000000000000000000000000001000000000000000000000000000000010000000000000000000000000000000000001
00100000001000000000000000010000000000000000000000000000000000000000000000000000001000000000000000000000000000000010000000000000000000000000000000000001
00100000001000000000000000010000000000000000000000000000000000000000000000000000001000000000000000000000000000000010000000000000000000000000000000000001
00100000011001000100010000010000000000000000000000000000000000000000000000000000001000000000000000000000000000000010000000000000000000000000000000000001
00100000000000000000000000010000000000000000000000000000000000000000000000000000001000000000000000000000000000000010000000000000000000000000000000000001
00100000000000000000000000010000000000000000000000000000000000000000000000000000001000000000000000000000000000000010000000000000000000000000000000000001
00100000000000000000000000010000000000000000000000000000000000000000000000000000001000000000000000000000000000000010000000000000000000000000000000000001
00100000000000000000000001100100010001000100010001000100010001000100010001000100010001000100010001000100010001000100010001000100010100000000000000000001
00100000000000000000000000010000000000000000000000000000000000000000000000000000001000000000000000000000000000000010000000000000000000000000000000000001
00100000000000000000000000010000000000000000000000000000000000000000000000000000001000000000000000000000000000000010000000000000000000000000000000000001
00100000000000000000000000010000000000000000000000000000000000000000000000000000001000000000000000000000000000000010000000000000000000000000000000000001
00100000000000000000000000010000000000000000000000000000000000000000000010010000001000000000000000000000000000000010000000001010000000000000000000000001
00100000000000000000000000010000000000000000000000000000000000000000000000010000001000000000000000000000000000000010000000000010000000000000000000000001
00100000000000000000000000010000000000000000000000000000000000000000000000010000001000000000000000000000000000000010000000000010000000000000000000000001
00101000100100000000000000010000000000000000000000000000000000000000000000010000001000000000000000000000000000000010000000000010000000000000000000000001
00100000000100000000000000010000000000000000000000000000000000000000000000010000001000001001000000001010000000000010000000000010000000000000000000000001
00100000000100000000000000010000000000000000000000000000000000000000000000010000001000000001000000000010000000000010000000000010000000000000000000000001
00100000000100000000000000010000000000000000000000000000000000000000000000010000001000001010100010010010000000000010000000000010000000000000000000000001
00100000000100000000000000010000000000000000000000000000000000000000000000010000001000000010000000010010000000000010000000000010000000000000000000000001
00100000000100000000000000010000000000000000000000000000000000000000000000010000001000000010000000010010000000000010000000000010000000000000000000000001
00100100010100000000000000010000000000000000000000000000000000000000000000010000001000000010000000010010000000000010000000000010000000000000000000000001
00100000000000000000000000010000000000000000000000000000000000000000000000010000011000000010000000010010000000000010000000000010000000000000000000000001
00100000000000000000000000010000000000000000000000000000000000000000000000010000000000000010000000010010000000000010000000000010000000000000000000000001
00100000000000000000000000010000000000000000000000000000000000000000000000010000000000000110010001010010000000000010000010011010000000000000000000000001
00100000000000000000000000010000000000000000000000000000000000000000000000010000000000000001000000000010000000000010000000010010000000000000000000000001
00100000000000000000000010101000100010001000100010001000100010001000100010001000100010001000100010001000100010001000100010001000100100000000000000000001
00100000000000000000000000010000000000000000000000001010100010010000000000010000000000000101000000000110000000000010000000010010000000000000000000000001
00100000000000000000000000010000000000000000000000000010000000010000000000010000000000000000000000000000000000000010000000010010000000000000000000000001
00100000000000000000000000010000000000000000000000000010000000010000000000010000000000000000000000000000000000000010000000010010000000000000000000000001
00100000000000000000000001010000000000000000000000000010000000010000000000010000000000000000000000000000000000000110000000010010000000000000000000000001
00100000000000000000000000000000000000000000000000000010000000010000000000010000000000000000000000000000000000000000000000010010000000000000000000000001
00100000000000000000000000000000000000000000000000000010000000010000000000010000000000000000000000000000000000000000000000010010000000000000000000000001
00100000000000000000000000000000000000000000000000000110010001010000000001010000000000000000000000000000000000000000000001010110000000000000000000000001
00100000000000000000000000000000000000000000000000000000000000000000000000000000000000000000000000000000000000000000000000000000000000000000000000000001
00100000000000000000000000000000000000000000000000000000000000000000000000000000000000000000000000000000000000000000000000000000000000000000000000000001
00100000000000000000000000000000000000000000000000000000000000000000000000000000000000000000000000000000000000000000000000000000000000000000000000000001
00100000000000000000000000000000000000000000000000000000000000000000000000000000000000000000000000000000000000000000000000000000000000000000000000000001
00100000000000000000000000000000000000000000000000000000000000000000000000000000000000000000000000000000000000000000000000000000000000000000000000000001
00100000000000000000000000000000000000000000000000000000000000000000000000000000000000000000000000000000000000000000000000000000000000000000000000000001
00100000000000000000000000000000000000000000000000000000000000000000000000000000000000000000000000000000000000000000000000000000000000000000000000000001
00100000000000000000000000000000000000000000000000000000000000000000000000000000000000000000000000000000000000000000000000000000000000000000000000000001
00100000000000000000000000000000000000000000000000000000000000000000000000000000000000000000000000000000000000000000000000000000000000000000000000000001
00100000000000000000000000000000101010001001000000000000000000000000000000000000000000000000000000000000000000000000000000000000000000000000000000000001
00100000000000000000000000000000001000000001000000000000000000000000000000000000000000000000000000000000000000000000000000000000000000000000000000000001
00100000000000000000000000000000001000000001000000000000000000000000000000000000000000000000000000000000000000000000000000000000000000000000000000000001
00100000000000000000000000000000001000000001000000000000000000000000000000000000000000000000000000000000000000000000000000000000000000000000000000000001
00100000000000000000000000000000001000000001000000000000000000000000000000000000000000000000000000000000000000000000000000000000000000000000000000000001
00100000000000000000000000000000001000000001000000000000000000000000000000000000000000000000000000000000000000000000000000000000000000000000000000000001
00100000000000000000000000000000011001000101000000000000000000000000000000000000000000000000000000000000000000000000000000000000000000000000000000000001
00100000000000000000000000000000000000000000000000000000000000000000000000000000000000000000000000000000000000000000000000000000000000000000000000000001
01100100010001000100010001000100010001000100010001000100010001000100010001000100010001000100010001000100010001000100010001000100010001000100010001000101
