10101000100010001000100010001000100010001000100010001000100010001000100010001000100010001000100010001000100010001000100010001000100010001000100010001000100010001000100010001001
00100000000000000000000000010000000000000000000000000000000000100000000000000000000000000000000000000000000000000000000000000000000000000000000000000000000000000000000000000001
00100000000000000000000000010000100100000000000000000000000000100000000000000000000000000000000000000000000000000000000000000000000000000000000000000000000000000000101000000001
00100110010001000100010001000100010001000100010001000100010001000100010001000100010001000100010001000100010001000100010100000000000000000000000000000000000000000000001000000001
00100010000000010000000000010000000100000000000000000000000000100000000000000000000000000000000000000000000000000000000000000000000000000000000000000000000000000000001000000001
00100010000000010000000000010000000100000000000000000000000000100000000000000000000000000000000000000000000000000000000000000000000000000000000000000000000000000000001000000001
00100010000000010000000000010000000100000000101010001001000000100000000000000000000000000000000000000000000000000000000000000000000000000000000000000000000000000000001000000001
00100010000000010000000000010000000100000000001000000001000000100000000000000000000000000000000000000000000000000000000000000000000000000000000000000000000000000000001000000001
00100010000000010000000000010000000100000000001000000001000000100000000000000000000000000000000000000000000000000000000000000000000000000000000000000000000000000000001000000001
00100110010001010000000000010000000100000000001000000001000000100000000000000000000000000000000000000000000000000000000000000000000000000000000000000000000000000000001000000001
00100000000000000000000000010000000100000000001000000001000000101001000000000000000000001010000000000000000000000000000000000000000000000000000000000000000000000000001000000001
00100000000000000000000000010000000100000000001000000001000000100001000000000000000000000010000000000000000000000000000000000000000000000000000000000000000000000000001000000001
00100000000000000000000000010000000100000000011001000101000000100001000000000000000000000010000000000000000000000000000000000000000000000000000000000000000000000000001000000001
00100000000000000000000000010000000100000000000000000000000000100001000000000000000000000010000000000000000000000000000000000000000000000000000000000000000000000000001000000001
00100000000000000000000000010000000100000000000000000000000000100001000000000000000000000010000000000000000000000000000000000000000000000000000000000000000000000000001000000001
00100000000000000000000000010000000100000000000000000110010001000100010001000100010001000100010001000100010001000100010001000101000000000000000000000000000000000000001000000001
00100000000000000000000000010000000100000000000000000000000000100001000000000000000000000010000000000000000000001010100010010000000000000000000000000000000000000000001000000001
00100000000000000000000001010000000100000000000000000000000001100001000000000000000000000010000000000000000000000010000000010000000000000000000000000000000000000000001000000001
00100000000000000000000000000000000100000000000000000000000000000001000000000000000000000010000000000000000000000010000000010000000000000000000000000000000000000000001000000001
00100000000000000000000000000000000100000000000000000000000000000001000000000000000000000010000000000000000000000010000000010000000000000000000000000000000000000000001000000001
00100000000000000000000000000000000100000000000000000000000000000001000000000000000000000010000000000000100100001010000000010000000000000000000000000000000000000000001000000001
00100000000000000000000000000000000100000000000000000000000000000001000000000000000000000010000000000000000100000010000000010000000000000000000000000000000000000000001000000001
00100000000000000000000000000000000100000000000000000000000000000001000000000000000000000010000000000000000100000010010001010000000000000000000000000000000000000000001000000001
00101010100010001000100010001000100010001000100010001000100010001000100010001000100010001000100010001000100010001000100100000000000000000000000000000000000000000000001000000001
00100000000000000000000000000000000100000000000000000000000000000101000000000000000000000110000000000000000100000010000000000000000000000000000000000000000000000000001000000001
00100000000000000000000000000000000100000000000000001010100010001000100010001000100010001000100010001000100010001000100010001001000000000000000000000000000000000000001000000001
00100000000000000000000000000000000100000000000000000000000000000000000000000000000000000000000000000000000100000010000000000000101010001001000000000000000000000000001000000001
00100000000000000000000000000000000100000000000000000000000000000000000000000000000000000000000000000000000100000010000000000000001000000001000000000000000000000000001000000001
00100000000000000000000000000000000100000000000000000000000000000000000000000000000000000000000000000000000100000010000000000000001000000001000000000000000000000000001000000001
00100000000000000000000000000000000100000000000000000000000000000000000000000000000000000000000000000000000100000010000000000000001000000001000000000000000000000000001000000001
00100000000000000000000000000000000100000000000000000000000000000000000000000000000000000000000000000000010100000110000000000000001000000001000000000000000000000000001000000001
00100000000000000000000000000000000100000000000000000000000000000000000000000000000000000000000000000000000000000000000000000000001000000001000000000000000000000000001000000001
00100000000000000000000000000000000100000000000000000000000000000000000000000000000000000000000000000000000000000000000000000000011001000101000000000000000000000000001000000001
00100000000000000000000000000000000100000000000000000000000000000000000000000000000000000000000000000000000000000000000000000000000000000000000000000000000000000000001000000001
00100000000000000000000000000000000100000000000000000000000000000000000000001010100010010000000000000000000000000000000000000000000000000000000000000000000000000000001000000001
00100000000000000000000000000000000100000000000000000000000000000000000000000010000000010000000000000000000000000000000000000000000000000000000000000000000000000000001000000001
00100000000000000000000000000000000100000000000000000000000000000000000000000010000000010000000000000000000000000000000000000000000000000000000000000000000000000000001000000001
00100000000000000000000000000000000100000000000000000000000000000000000000000010000000010000000000000000000000000000000000000000000000000000000000000000000000000000001000000001
00100000000000000000000000000000000100000000000000000000000000000000000000000010000000010000000000000000000000000000000000000000000000000000000000000000000000000000001000000001
00100000000000000000000000000000000100000000000000000000000000000000000000000010000000010000000000000000000000000000000000000000000000000000000000000000000000000000001000000001
00100000000000000000000000000000000100000000000000000000000000000000000000000110010001010000000000000000000000000000000000000000000000000000000000000000000000000000001000000001
00100000000000000000000000000000000100000000000000000000000000000000000000000000000000000000000000000000000000000000000000000000000000000000000000000000000000000000001000000001
00100000000000000000000000000000000100000000000000000000000000000000000000000000000000000000000000000000000000000000000000000000000000000000000000000000000000000000001000000001
00100000000000000000000000000000010100000000000000000000000000000000000000000000000000000000000000000000000000000000000000000000000000000000000000000000000000000000011000000001
01100100010001000100010001000100010001000100010001000100010001000100010001000100010001000100010001000100010001000100010001000100010001000100010001000100010001000100010001000101
