10101000100010001000100010001000100010001000100010001000100010001000100010001000100010001000100010001000100010001000100010001000100010001000100010001000100010001000100010001001
00100000000000000000000000000000000000000000000000000000000000000000000000000000000000000000000000000000000000000000000000000000000000000000000000000000000000000000000000000001
00100100010001000100010001000100010001000100010001000100010001000100010001000100010001000100010100000000000000000000000000000000000000000000000000000000000000000000000000000001
00100000000000000000000000000000001000000001000000000000000000000000000000000000000000000000000000000000000000000000000000000000000000000000000000000000000000000000000000000001
00100000000000000000000000000000001010101000100100000000000000000000000000000000000000000000000000000000000000000000000000000000000000000000000000000000000000000000000000000001
00100000000000000000000000000000001000100001000100000000000000000000000000000000000000000000000000000000000000000000000000000000000000000000000000000000000000000000000000000001
00100000000000000000000000000000001000100001000100000000000000000000000000000000000000000000000000000000000000000000000000000000000000000000000000000000000000000000000000000001
00100000000000000000000000000000001000100001000100000000000000000000000000000000000000000000000000000000000000000000000000000000000000000000000000000000000000000000000000000001
00100000000000000000000001100100010001000100010001000100010001000100010001000100010001000100010001000100010001000100010001000100010001000100010001010000000000000000000000000001
00100000000000000000000000000000000000100000101010001001000000000000000000000000000000000000000000000000000000000000000000000000000000000000000000000000000000000000000000000001
00100000000000000000000000000000000001100100001000000001000000000000000000000000000000000000000000000000000000000000000000000000000000000000000000000000000000000000000000000001
00100000000000000000000000000000000000000000001000000001000000000000000000000000000000000000000000000000000000000000000000000000000000000000000000000000000000000000000000000001
00100000000000000000000000000000000000000000001000000001101010001000100010010000000000000000000000000000000000000000000000000000000000000000000000000000000010100000000000000001
00100000000000000000000000000000000000000000001000000001001000000000000000010000000000000000000000000000000000000000000000000000000000000000000000000000000000100000000000000001
00100000000000000000000000000000000000000000001000000001001000000000000000010000000000000000000000000000000000000000000000000000000000000000000000000000000000100000000000000001
00100000000000000000000000000000000000000000011001000101001000000000000000010000000000000000000000000000000000000000000000000000000000000000000000000000000000100000000000000001
00100000000000000000000000000000000000000000000000000000011001000100010000010000000000000000000000000000000000000000000000000000000000000000000000000000000000100000000000000001
00101000100010001000100010001000100010001000100010001000100010001000100010001000100010001000100100000000000000000000000000000000000000000000000000000000000000100000000000000001
00100000000000000000000000000000000000000000000000000000000000000000000000010000000000000000000000000000000000000000000000000000000000000000000000000000000000100000000000000001
00100000000000000000000000000000000000000000000000000000000000000000000000010000000000000000000000000000000000000000000000000000000000000000000000000000000000100000000000000001
00100000000000000000000000000000000000000000000000000000000000000000000000010000000000000000000000000000000000000000000000000000000000000000000000000000000000100000000000000001
00100000000000000000000000000000000000000000000000000000000000000000000000010000000000001010100010001000100010010000000000000000000000000000000000000000000000100000000000000001
00100000000000000000000000000000000000000000000000000000000000000000000000010000000000000010000000000000000000010000000000000000000000000000000000000000000000100000000000000001
00100000000000000000000000000000000000000000000000000000000000000000000000010000000000000010000000000000000000010000000000000000000000000000000000000000000000100000000000000001
00100000000000000000000000000000000000000000000000000000000000000000000000010000000000000110010001000100010001010000000000000000000000000000000000000000000000100000000000000001
00100000000000000000000000000000000000000000000000000000000000000000000000010000000000000000000000000000000000000000000000001001000010100000000000000000000000100000000000000001
00100000000000000000000000000000000000000000000000000000000000000000000000010000000000000000000000000000000000000000000000000001000000100000000000000000000000100000000000000001
00101000100100000000000000000000000000000000000000000000000000000000000000010000000000000000000000000110010001000100010001000100010001000100010100000000000000100000000000000001
00100000000100000000000000000000000000000000000000000000000000000000000000010000000000000000000000000000000000000000000000000001000000100000000000000000000000100000000000000001
00100000000100000000000000000000000000000000000000000000000000000000000000010000000000000000000000001010100010001000100010001000100010001000100100000000000000100000000000000001
00100000000100000000000010101000100010001000100010001000100010001000100010001000100010001000100010001000100010001000100010001000100010001000100010010000000000100000000000000001
00100000000100000000000000000000000000000000000000000000000000000000000000010000000000000000000000000000000000000000000000000001000000100000000000000000000000100000000000000001
00100000000100000000000000000000000000000000000000000000000000000000000000010000000000000000000000000000000000000000000000000001000000100000000000000000000000100000000000000001
00100100010100000000000000000000000000000000000000000000000000000000000000010000000000000000000010101000100100000000000000000110010001000100010001000100010001000100010001010001
00100000000000000000000000000000000000000000000000000000000000000000000000010000000000000000000000100000000100000000000000000001000000100000000000000000000000101001101000000001
00100000000000000000000000000000000000000000000000000000000000000000000000010000000000000000000000100000000100000000000000000101000001100000000000000000000000100001001000000001
00100000000000000000000000000000000000000000000000000000000000000000000000010000000000000000000000100000000100000000000000001010100010001000100010001000100010001000100010010001
00100000000000000000000000000000000000000000000000000000000000000000000000010000000000000000000000100000000100000000000000000000000000000000000000000000000000100001001000000001
00100000000000000000000000000000000000000000000000000000000000000000000000010000000000000000000000100000000100000000000000000000000000000000000000000000000000100001001000000001
00100000000000000000000000000000000000000000000000000000000000000000000000010000000000000000000001100100010100000000000000000000000000000000000000000000000000100001001000000001
00100000000000000000000000000000000000000000000000000000000000000000000000010000000000000000000000000000000000000000000000000000000000000000000000000000000000100001001000000001
00100000000000000000000000000000000000000000000000000000000000000000000001010000000000000000000000000000000000000000000000000000000000000000000000000000000001100001001000000001
00100000000000000000000000000000000000000000000000000000000000000000000000000000000000000000000000000000000000000000000000000000000000000000000000000000000000000001001000000001
00100000000000000000000000000000000000000000000000000000000000000000000000000000000000000000000000000000000000000000000000000000000000000000000000000000000000000101011000000001
01100100010001000100010001000100010001000100010001000100010001000100010001000100010001000100010001000100010001000100010001000100010001000100010001000100010001000100010001000101
