10101000100010001000100010001000100010001000100010001000100010001000100010001000100010001000100010001000100010001000100010001000100010001001
00100000000000000000000000000000000000000000000000000000000000000000000000000000000000000000000000000000000000000000000000000000000000000001
00100000000000000000000000000000000000000000000000000000000000000000000000000000000000000000000000000000000000000000000000000000000000000001
00100000000000000000000010101000100010010000000000000000000000000000000000000000000000000000000000000000000000000000000000000000000000000001
00100000000000000000000000100000000000010000000000000000000000000000000000000000000000000000000000000000000000000000000000000000000000000001
00100000000000000000000000100000000000010000000000000000000000000000000000000000000000000000000000000000000000000000000000000000000000000001
00100000000000000000000000100000000000010000000000000000000000000000000000000000000000000000000000000000000000000000000000000000000000000001
00100000000000000000000000100000000000010000000000000000000000000000000000000000000000000000000000000000000000000000000000000000000000000001
00100000000000000000000001100100010001000100010001000100010001000100010001000100010001000100010001000100010001000100010001000100010001010001
00100000000000000000000000000000000000000000000000000000000000000000000000000000000000000000000000000000000000000000000000000000000000000001
00100000000000000000000000000000000000000000000000000000000000000000000000000000000000000000000000000000000000000000000000000000000000000001
00100000000000000000000000000000000000000000000000000000000000000000000000000000000000000000000000000000000000000000000000000000000000000001
00100000000000000000000000000000000000000000000000000000000000000000000000000000000000000000000000000000000000000000000000000000000000000001
00100000000000000000000000000000000000000000000000000000000000000000000000000000000000000000000000000000000000000000000000000000000000000001
00100000000000000000000000000000000000000000000000000000000000000000000000000000000000000000000000000000000000000000000000000000000000000001
00100000000000000000000000000000000000000000000000000000000000000000000000000000000010010000000000000000000010100000000000000000000000000001
00100000000000000000000000000000000000000000000000000000000000000000000000000000000000010000000000000000000000100000000000000000000000000001
00100000000000000000000000000000000000000000000000000000000000000000000000000000000000010000000000000000000000100000000000000000000000000001
00100000000000000000000000000000000000000000000000000000000000000000000000000000000000010000000000000000000000100000000000000000000000000001
00100000000000000000000000000000000000000000000000000000000000000000000000000000000000010000000000000000000000100000000000000000000000000001
00100000000000000000000000000000000000000000000000000000000000000000000000000000000000010000000000000000000000100000000000000000000000000001
00100000000000000000000000000000000000000000000000000000000000000000000000000000000000010000000000000000000000100000000000000000000000000001
00100000000000000000000000000000000000000000000000000000000000000000000000000000000000010000000000000000000000100000000000000000000000000001
00100000000000000000000000000000000000000000000000000000000000000000000000000000000000010000000000000000000000100000000000000000000000000001
00100000000000000000000000000000000000000000000000000000000000000000000000000000000000010000000000000000000000100000000000000000000000000001
00100000000000000000000000000000000000000000000000000000000000000000000000000000000000010000000000000000000000100000000000000000000000000001
00100000000000000000000000000000000000000000000000000000000000000000000000000000000000010000000000000000000000100000000000000000000000000001
00100000000000000000000010101000100010001000100010001000100010001000100010001000100010001000100010001000100010001000100010001000100010010001
00100000000000000000000000000000000000000000000000000000000000000000000000000000000000010000000000000000000000100000000000000000000000000001
00100000000000000000000000000000000000000000000000000000000000000000000000000000000001010000000000000000000001100000000000000000000000000001
00100000000000000000000000000000000000000000000000000000000000000000000000000000000000000000000000000000000000000000000000000000000000000001
00100000000000000000000000000000000000000000000000000000000000000000000000000000000000000000000000000000000000000000000000000000000000000001
00100000000000000000000000000000000000000000000000000000000000000000000000000000000000000000000000000000000000000000000000001010100010010001
00100000000000000000000000000000000010101000100100000000000000000000000000000000000000000000000000000000000000000000000000000010000000010001
00100000000000000000000000000000000000100000000100000000000000000000000000000000000000000000000000000000000000000000000000000010000000010001
00100000000000000000000000000000000000100000000100000000000000000000000000000000000000000000000000000000000000000000000000000010000000010001
00100000000000000000000000000000000000100000000100000000000000000000000000000000000000000000000000000000000000000000000000000010000000010001
00100000000000000000000000000000000000100000000100000000000000000000000000000000000000000000000000000000000000000000000000000010000000010001
00100000000000000000000000000000000000100000000100000000000000000000000000000000000000000000000000000000000000000000000000000110010001010001
00100000000000000000000000000000000001100100010100000000000000000000000000000000000000000000000000000000000000000000000000000000000000000001
00100000000000000000000000000000000000000000000000000000000000000000000000000000000000000000000000000000000000000000000000000000000000000001
00100000000000000000000000000000000000000000000000000000000000000000000000000000000000000000000000000000000000000000000000000000000000000001
00100000000000000000000000000000000000000000000000000000000000000000000000000000000000000000000000000000000000000000000000000000000000000001
00100000000000000000000000000000000000000000000000000000000000000000000000000000000000000000000000000000000000000000000000000000000000000001
00100000000000000000000000000000000000000000000000000000000000000000000000000000000000000000000000000000000000000000000000000000000000000001
00100000000000000000000000000000000000000000000000000000000000000000000000000000000000000000000000000000000000000000000000000000000000000001
00100000000000000000000000000000000000000000000000000000000000000000000000000000000000000000000000000000000000000000000000000000000000000001
00100000000000000000000000000000000000000000000000000000000000000000000000000000000000000000000000000000000000000000000000000000000000000001
00100000000000000000000000000000000000000000000000000000000000000000000000000000000000000000000000000000000000000000000000000000000000000001
00100000000000000000000000000000000000000000000000000000000000000000000000000000000000000000000000000000000000000000000000000000000000000001
00100000000000000000000000000000000000000000000000000000000000000000000000000000000000000000000000000000000000000000000000000000000000000001
00100000000000000000000000000000000000000000000000000000000000000000000000000000000000000000000000000000000000000000000000000000000000000001
00100000000000000000000000000000000000000000000000000000000000000000000000000000000000000000000000000000000000000000000000000000000000000001
00100000000000000000000000000000000000000000000000000000000000000000000000000000000000000000000000000000000000000000000000000000000000000001
00100000000000000000000000000000000000000000000000000000000000000000000000000000000000000000000000000000000000000000000000000000000000000001
00100000000000000000000000000000000000000000000000000000000000000000000000000000000000000000000000000000000000000000000000000000000000000001
01100100010001000100010001000100010001000100010001000100010001000100010001000100010001000100010001000100010001000100010001000100010001000101
