10101000100010001000100010001000100010001000100010001000100010001000100010001000100010001000100010001000100010001000100010001000100010001000100010001000100010001000100010001001
00100000000000000000000000000000000000000000000000000000000000000000000000000000000000000000000000000000000000000000000000000000000000000000000000000000000000000000000000000001
00100100010001000100010001000100010001000100010001000100010001000100010001000100010001000100010001000100010100000000000000000000000000000000000000000000000000000000000000000001
00100000000000000000000000000000000000000000000000000000000000000000000000000000000000000000000000000000000000000000000000000000000000000000000000000000000000000000000000000001
00100000000000000000000000000000000000000000000000000000000000000000000000000000000000000000000000000000000000000000000000000000000000000000000000000000000000000000000000000001
00100000000000000000000000000000000000000000000000000000000000000000000000000000000000000000000000000000000000000000000000000000000000000000000000000000000000000000000000000001
00100000000000000000000000000000000000000000000000000000000000000000000000000000000000000000000000000000000000000000000000000000000000000000000000000000000000000000000000000001
00100000000000000000000000000000000000000000000000001001000010100000000000000000000000000000000000000000000000000000000000000000000000000000000000000000000000000000000000000001
00100000000000000000000001100100010001000100010001000100010001000101000000000000000000000000000000000000000000000000000000000000000000000000000000000000000000000000000000000001
00100000000000000000000000000000000000000000000000000001000000100000000000000000000000000000000000000000000000000000000000000000000000000000000000000000000000000000000000000001
00100000000000000000000010101000100010001000100010001000100010001001000000000000000000000000000000000000000000000000000000000000000000000000000000000000000000000000000000000001
00100000000000000000000000000000000000000000000000000001000000100000000000000000000000000000000000000000000000000000000000000000000000000000000000000000000000000000000000000001
00100000000000000000000000000000000000000000000000000001000000100000000000000000000000000000000000000000000000000000000000000000000000000000000000000000000000000000000000000001
00100000000000000000000000000000000000000000000010101000100100100000000000001001000000000000000000000000000000000000000000000000000000000000000000001010000000000000000000000001
00100000000000000000000000000000000010101000100100100001000100100000000000000001000000000000000000000000000000000000000000000000000000000000000000000010000000000000000000000001
00100000000000000000000000000000000000100000000100100001000100100000000000000001000000000000000000000000000000000000000000000000000000000000000000000010000000000000000000000001
00100000000000000000000000000000000000100000000100100001000100100000000000000001000000000000000000000000000000000000000000000000000000000000000000000010000000000000000000000001
00100000000000000000000000000000000000100000000100100101000101100000000000000001000000000000000000000000000000000000000000000000000000000000000000000010000000000000000000000001
00100000000000000000000000000000000000100000000100100000000100000110010001000100010001000100010001000100010001000100010001000100010110010000000000000010000000000000000000000001
00100000000000000000000000000000000000100000101010001001010100000000000000000001000000000000000000000000000000000000000000000010000000010000000000000010000000000000000000000001
00101000100010001000100010001000100010001000100010001000100010001000100010001000100010001000100010001000100100000000000000000010000000010000000000000010000000000000000000000001
00100000000000000000000000000000000000000000001000000001000000000000000000000001000000000000000000000000000000000000000000000010000000010000000000000010000000000000000000000001
00100000000000000000000000000000000000000000001000000001000000000000000000000001000000000000000000000000000000000000000000000010000000010000000000000010000000000000000000000001
00100000000000000000000000000000000000000000001000000001000000000000000000000001000000000000000000000000000000000000000000000010000000010000000000000010000000000000000000000001
00100000000000000000000000000000000000000000001000000001000000000000000000000001000000000000000000000000000000000000000000000110010001010000000000000010000000000000000000000001
00100000000000000000000000000000000000000000011001000101000000000000000000000001000000000000000000000000000000000000000000000000000000000000000000000010000000000000000000000001
00100000000000000000000000000000000000000000000000000000000000001010100010001000100010001000100010001000100010001000100010001000100100000000000000000010000000000000000000000001
00100000000000000000000000000000000000000000000000000000000000000000000000000001000000000000000000000000000000000000000000000000000000000000000000000010000000000000000000000001
00100000000000000000000000000000000000000000000000000000000000000000000000000001000000000000000000000000000000000000000000000000000000000000000000000010000000000000000000000001
00100000000000000000000000000000000000000000000000000000000000000000000000000001000000000000000000000000000000000000000000000000000000000000000000000010000000000000000000000001
00100000000000000000000000000000000000000000000000000000000000000000000000000001000000000000000000000000000000000000000000000000000000000000000010010010101000000000000000000001
00100000000000000000000000000000000000000000000000000000000000000000000000000001000000000000000000000000000000000000000000000000000000000000000000010010001000000000000000000001
00100000000000000000000000000000000000000000000000000000000000000000000000000001000000000000000000000000000000000000000000000000000000000000000000010010001000000000000000000001
00100000000000000000000000000000000000000000000000000000000000000000000000000001000000000000000000000000000000000000000000000000000000000000000000010010001000000000000000000001
00100000000000000000000000000000000000000000000000000000000000000000000000000001000000000000000000000000000000000000000000000000000000000000000000010010001000000000000000000001
00100000000000000000000000000000000000000000000000000000000000000000000000000001000000000000000000000000000000000000000000000000000000000000000000010010001000000000000000000001
00100000000000000000000000000000000000000000000000000000000000000000000000000001000000000000000000001010100010010000000000000000000000000000000000010010001000000000000000000001
00100000000000000000000000000000000000000000000000000000000000000000000000000001000000000000000000000010000000010000000000000000000000000000000000010010001000000000000000000001
00100000000000000000000000000000000000000000000000000000000000000000000000000001000000000000000000000010000000010000000000000000000000000000000000010010001000000000000000000001
00100000000000000000000000000000000000000000000000000000000000000000000000000101000000000000000000000010000000010000000000000000000000000000000000010110001000000000000000000001
00100000000000000000000000000000000000000000000000000000000000000000000000000000000000000000000000000010000000010000000000000000000000000000000001010000011000000000000000000001
00100000000000000000000000000000000000000000000000000000000000000000000000000000000000000000000000000010000000010000000000000000000000000000000000000000000000000000000000000001
00100000000000000000000000000000000000000000000000000000000000000000000000000000000000000000000000000110010001010000000000000000000000000000000000000000000000000000000000000001
00100000000000000000000000000000000000000000000000000000000000000000000000000000000000000000000000000000000000000000000000000000000000000000000000000000000000000000000000000001
01100100010001000100010001000100010001000100010001000100010001000100010001000100010001000100010001000100010001000100010001000100010001000100010001000100010001000100010001000101
