10101000100010001000100010001000100010001000100010001000100010001000100010001000100010001000100010001000100010001000100010001000100010001000100010001001
00100000000000000000000000000000000000000000000000000000000000000000000000000000000000000000000000000000000000000000000000000000000000000000000000000001
00100100010001000100010001000100010001000100010001000100010001010000000000000000000000000000000000000000000000000000000000000000101000000000000000000001
00100000000000000000000000000000000110010000000000000000000000000000000000000000000000000000000000000000000000000000101000000000001000000000000000000001
00100000000000000000000000000000000100010000000000000000000000000000000000000000000000000000000000000000000000000000001000000000001000000000000000000001
00100000000000000000000000000000000100010000000000000000000000000000000000000000000000000000000000000000000000000000001000000000001000000000000000000001
00100000000000000000000000000000000100010000000000000000000000000000000000000000000000000000000000000000000000000000001000000000001000000000000000000001
00100000000000000000000000000000000100010000000000000000000000000000000000000000000000000000000000000000000000000000001000000000001000000000000000000001
00100000000000000000000000000000000100010000000000000000000000000000000000000000000000000000000000000000000000000000001000000000001000000000000000000001
00101000100010001000100010001000100010001000100010001000100010010000000000000000000000000000000000000000000000000000001000000000001000000000000000000001
00100000000000000000000000000000000100010000000000000000000000000000000000000000000000000000000000000000000000000000001000000000001000000000000000000001
00100000000000000000000000000000000101100100010001000100010001000100010001000100010001000100010001000100010001000100010001000100010001010000000000000001
00100000000000000000000000000000000100010000000000000000000000000010000010010000000000000000000000000000000000000000001010100000001000000000000000000001
00100000000000000000000000000000000100010000011001000100010001000100010001000100010001000101000000000000000000000000001000100000001000000000000000000001
00100000000000000000000000000000000100010000000000000000000000000010000000010000000000000000000000000000000000000000001000100000001000000000000000000001
00100000000000000000000000000000000100010000000000000000000000000010000000010000000000000000000000000000000000000000001000100000001000000000000000000001
00100000000000000000000000000000000100010000101010001000100010001000100010001000100010001001000000000000000000000000001000100000001000000000000000000001
00100000000000000000000000000000000100010000000000000000000001100100010001000100010001000100010001000100010001000101001000100000001000000000000000000001
00100000000000000000000000000000000100010000000000000000000000000000000000011010100010001000100010010000000000000000001000100000001000000000000000000001
00100000000000000000000000000000000100010000000000000000000000000000000000010010000000000000000000010000000000000000001000100000001000000000000000000001
00100000000000000000000000000000000100010000000000000000000000000000000001100100010001000100010001000100010001000100010001000101001000000000000000000001
00100000000000000000000000000000000100010000000000001010100010010000000000010110010001000100010001010000000000000000001000100000001000000000000000000001
00100000000000000000000000000000000100010000000000000010000010101000100010001000100010001000100010001000100010001001001000100000001000000000000000000001
00100000000000000000000000000000000100010000000000000010000000010000000000010000000000000000000000000000000000000000001000100000001000000000000000000001
00100000000000000000000000000000000100010000000000000010000000010000000000010000000000000000000000000000000000000000001000100000001000000000000000000001
00100000000000000000000000000000000100010000000000000010000000010000000010101000100010001000100010001000100010001000100010001001001000000000000000000001
00100000000000000000000000000000000100010000000000000010000000010000000000010000000000000000000000000000000000000000001000100000001000000000000000000001
00100000000000000000000000000000000110101000100010001000100010001000100010001000100010001000100010001000100010001000100010001000100010010000000000000001
00100000000000000000000000000000000100010000000000000000000000000000000010101000100100000000000000000000000000000000001000100000001000000000000000000001
00100000000000000000000000000000000100010000000000000000000000000000000000100000000100000000000000000000000000000000001000100000001000000000000000000001
00100000000000000000000000000000000100010000000000000000000000000000000000100000000100000000000000000000000000000000001000100000001000000000000000000001
00100000000000000000000000000000000101010000000000000000000000000000000000100000000100000000000000000000000000000000011000100000001000000000000000000001
00100000000000000000000000000000000100000000000000000000000000000000000000100000000100000000000000000000000000000000000001100000001000000000000000000001
00100000000000000000000000000000000100000000000000000000000000000000000000100000000100000000000000000000000000000000000000000000001000000000000000000001
00100000000000000000000000000000010100000000000000000000000000000000000001100100010100000000000000000000000000000000000000000000011000000000000000000001
00100000000000000000000000000000000000000000000000000000000000000000000000000000000000000000000000000000000000000000000000000000000000000000000000000001
00100000000000000000000000000000000000000000000000000000000000000000000000000000000000000000000000000000000000000000000000000000000000000000000000000001
00100000000000000000000000000000000000000000000000000000000000000000000000000000000000000000000000000000000000000000000000000000000000000000000000000001
00100000000000000000000000000000000000000000000000000000000000000000000000000000000000000000000000000000000000000000000000000000000000000000000000000001
00100000000000000000000000000000000000000000000000000000000000000000000000000000000000000000000000000000000000000000000000000000000000000000000000000001
00100000000000000000000000000000000000000000000000000000000000000000000000000000000000000000000000000000000000000000000000000000000000000000000000000001
00100000000000000000000000000000000000000000000000000000000000000000000000000000000000000000000000000000000000000000000000000000000000000000000000000001
00100000000000000000000000000000000000000000000000000000000000000000000000000000000000000000000000000000000000000000000000000000000000000000000000000001
00100000000000000000000000000000000000000000000000000000000000000000000000000000000000000000000000000000000000000000000000000000000000000000000000000001
00100000000000000000000000000000000000000000000000000000000000000000000000000000000000000000000000000000000000000000000000000000000000000000000000000001
00100000000000000000000000000000000000000000000000000000000000000000000000000000000000000000000000000000000000000000000000000000000000000000000000000001
00100000000000000000000000000000000000000000000000000000000000000000000000000000000000000000000000000000000000000000000000000000000000000000000000000001
00100000000000000000000000000000000000000000000000000000000000000000000000000000000000000000000000000000000000000000000000000000000000000000000000000001
00100000000000000000000000000000000000000000000000000000000000000000000000000000000000000000000000000000000000000000000000000000000000000000000000000001
00100000000000000000000000000000000000000000000000000000000000000000000000000000000000000000000000000000000000000000000000000000000000000000000000000001
00100000000000000000000000000000000000000000000000000000000000000000000000000000000000000000000000000000000000000000000000000000000000000000000000000001
01100100010001000100010001000100010001000100010001000100010001000100010001000100010001000100010001000100010001000100010001000100010001000100010001000101
