101010001000100010001000100010001000100010001000100010001000100010001000100010001000100010001000100010001000100010001000100010001000100010001000100010001000100010001001
001000000000000000000000000000000000000000000000000000000000000000000000000000000000000000000000000000000000000000000000000000000000000000000000000000000000000000000001
001000000000000000000000000000000000000000000000000000000000000000000000000000000000000000000000000000000000000000000000000000000000000000000000000000000000000000000001
001000000000000000000000000000000000000000000000000000000000000000000000000000000000000000000000000000000000000000000000000000000000000000000000000000000000000000000001
001000000000000000000000000000000000000000000000000000000000000000000000000000000000000000000000000000000000000000000000000000000000000000000000000000000000000000000001
001000000000000000000000000000000000000000000000000000000000000000000000000000000000000000000000000000000000000000000000000000000000000000000000000000000000000000000001
001000000000000000000000000000000000000000000000100100000000000000000000000000000000000000000000000000000000000010100000000000000000000000000000000000000000000000000001
001000000000000000000000000000000000000000000000000100000000000000000000000000000000000000000000000000000000000000100000000000000000000000000000000000000000000000000001
001000000000000000000000000000000000000000000000000100000000000000000000000000000000000000000000000000000000000000100000000000000000000000000000000000000000000000000001
001000000000000000000000000000000000000000000000000100000000000000000000000000000000000000000000000000000000000000100000000000000000000000000000000000000000000000000001
001000000000000000000000000000000000000000000000000100000000000000000000000000000000000000000000000000000000000000100000000000000000000000000000000000000000000000000001
001000000000000000000000000000000000000000000000000100000000000000000000000000000000000000000000000000000000000000100000000000000000000000000000000000000000000000000001
001000000000000000000000000000000000000000000000000100000000000000000000000000000000000000000000000000000000000000100000000000000000000000000000000000000000000000000001
001000000000000000000000000000000000000000000000000100000000000000000000000000000000000000000000000000000000000000100000000000000000000000000000000000000000000000000001
001000000000000000000000000000000000000000000000000100000000000000000000000000000000000000000000000000000000000000100000000000000000000000000000000000000000000000000001
001000000000000000000000000000000000000000000000000100000000000000000000000000000000000000000000000000000000000000100000000000000000000000000000000000000000000000000001
001000000000000000000000000000000000000000000000000100000000000000000000000000000000000000000000000000000000000000100000000000000000000000000000000000000000000000000001
001000000000000000000000000000000000000000000000000100000000000000000000000000000000000000000000000000000000000000100000000000000000000000000000000000000000000000000001
001000000000000000000000000000000000000000000000000100000000000000000000000000000000000000000000000000000000000000100000000000000000000000000000000000000000000000000001
001000000000000000000000000000000000000000000000000100000000000000000000000000000000000000000000000000000000000000100000000000000000000000000000000000000000000000000001
001000000000000000000000000000000000000000000000000100000000000000000000011001000100010001000100010001000100010001000100010001000100010100000000000000000000000000000001
001000000000000000000000000000000000000000000000000100000000000000000000000000000000000000000000000000000000000000100000000000000000000000000000000000000000000000000001
001000000000000000000000000000000000000000000000000100000000000000000000000000000000000000000000000000000000000000100000000000000000000000000000000000000000000000000001
001000000000000000000000000000000000000000000000000100000000000000000000000000000000000000000000000000000000000000101001000000000000000000000000000000000000000000000001
001000000000000000000000000000000000000000000000000100000000000000000000000000000000000000000000000000000000000000100001100100000000000000000000000000000000000010100001
001000000000000000000000000000000000000000000000000100000000000000000000000000000000000000000000000000000000000000100001000100000000000000000000000000000000000000100001
001000000000000000000000000000000000000000000000000100000000000000000000000000000000000000000000000000000000000000100001000100000000000000000000000000000000000000100001
001000000000000000000000000000000000000000000000000100000000000000000000101010001000100010001000100010001000100010001000100010001000100110101000100100000000000000100001
001000000000000000000000000000000000000000000000000100000000000000000000000000000000000000000000000000000000000000100001000100000000000000100000000100000000000000100001
001000000000000000000000000000000000000000000000000100000000000000000000000000000000000000000000000000000000000000100001000100000000000000101001100010011010000000100001
001000000000000000000000000000000000000000000000010100000000000000000000000000000000000000000000000000000000000001100001000100000000000000100001000100010010000000100001
001000000000000000000000000000000000000000000000000000000000000000000000000000000000000000000000000000000000000000000101000100000000000000100001000100010010000000100001
001000000000000000000000000000000000000000000000000000000000000000000000000000000000000000000000000000000000000000000000000100000000000000100001000100010010000000100001
001000000000000000000000000000000000000000000000000000000000000000000000000000000000000000000000000000000000000000000000000100000000000001100001010100010010000000100001
001010101000100100000000000000000000000000000000000000000000000000000000000000000000000000000000000000000000000000000000000100000000000000000001000000010010000000100001
001000100000000100000000000000000000000000000000000000000000000000000000000000000000000000000000000000000000000000000000000100000000000000000001010001010010000000100001
001000100000000100000000000000000000000000000000000000000000000000000000000000000000000000000000000000000000000000000000000100000000000000000001000000000010000000100001
001000100000000100000000000000000000000000000000000000000000000000000000000000000000000000000000000000000000000000000000000100000000000000000001000000000010000000100001
001000100000000100000000000000000000000000000000000000000000000000000000000000000000000000000000000000000000000000000000000100000000000000000001000000000010000000100001
001000100000000100000000000000000000000000000000000000000000000000000000000000000000000000000000000000000000000000000000000100000000000000000001000000000010000000100001
001001100100010100000000000000000000000000000000000000000000000000000000000000000000000000000000000000000000000000000000000100000000000000000101000000000110000000100001
001000000000000000000000000000000000000000000000000000000000000000000000000000000000000000000000000000000000000000000000000100000000000000000000000000000000000000100001
001000000000000000000000000000000000000000000000000000000000000000000000000000000000000000000000000000000000000000000000010100000000000000000000000000000000000001100001
001000000000000000000000000000000000000000000000000000000000000000000000000000000000000000000000000000000000000000000000000000000000000000000000000000000000000000000001
001000000000000000000000000000000000000000000000000000000000000000000000000000000000000000000000000000000000000000000000000000000000000000000000000000000000000000000001
001000000000000000000000000000000000000000000000000000000000000000000000000000000000000000000000000000000000000000000000000000000000000000000000000000000000000000000001
011001000100010001000100010001000100010001000100010001000100010001000100010001000100010001000100010001000100010001000100010001000100010001000100010001000100010001000101
