101010001000100010001000100010001000100010001000100010001000100010001000100010001000100010001000100010001000100010001000100010001000100010001000100010001000100010001000100010001000100010001001
001000000000000000000000000000000000000000000000000000000000000000000000000000000000000000000000000000000000101010001001000000000000000000000000000000000000000000000000000000000000000000000001
001000000000000000000000000000000000000000000000000000000000000000000000000000000000000000000000000000000000001000000001000000000000000000000000000000000000000000000000000000000000000000000001
001000000000000000000000000000000000000000000000000000000000000000000000000000000000000000000000000000000000001000000001000000000000000000000000000000000000000000000000000000000000000000000001
001000000000000000000000000000000000000010010000000000000000101000000000000000000000000000000000000000000000001000000001000000000000000000000000000000000000000000000000000000000000000000000001
001000000000000000000000000000000000000000010000000000000000001000000000000000000000000000000000000000000000001000000001000000000000000000000000000000000000000000000000000000000000000000000001
001000000000000000000000000000000000000000010000000000000000001000000000000000000000000000000000000000000000001000000001000000000000000000000000000000000000000000000000000000000000000000000001
001000000000000000000000000000000000000000010000000010010000001000000000000000001010000000000000000000000000011001000101000000000000000000000000000000000000000000000000000000000000000000000001
001000000000000000000000000000000000000000010000000000010000001000000000000000000010000000000000000000000000000000000000000000000000000000000000000000000000000000000000000000000000000000000001
001000000000000000000000000000001010100010001000100010001000100100000000000000000010000000000000000000000000000000000000000000000000000000000000000000000000000000000000000000000000000000000001
001000000000000000000000000000000110010001000100010001000100010001000100010001000100010001000100010001000100010001000101000000000000101000000000000000000000000000000000000000000000000000000001
001000000000000000000000000000000000000000010000000000010000001000010000000000000010000000000000000000100000000000000000000000000000001000000000000000000000000000000000000000000000000000000001
001000000000000000000000000000000000000000010000000000010000001000010000000000000010000000000000000000100000000000000000000000000000001000000000000000000000000000000000000000000000000000000001
001000000000000000000000000000000000000000010000000000010000001000010000000000000010000000000000000000100000000000000000000000000000001000000000000000000000000000000000000000000000000000000001
001000000000000000000000000000000000000000010000000000010000001000010000000000000010000000000000000000100000000000000000000000000000001000000000000000000000000000000000000000000000000000000001
001000000000000000000000000000000000000000010000000000010000001000010000000000000010000000000000000000100000000000000000000000000000001000000000000000000000000000000000000000000000000000000001
001000000000000000000000000000000000000000010000000000010000001000010000000000000010000000000000000000100000000000000000000000000000001000000000000000000000000000000000000000000000000000000001
001000000000000000000000000000000000000001010000000000010000011000010000000000000010000000000000000000100000000000000000000000000000001000000000000000000000000000000000000000000000000000000001
001000000000000000000000000000000000000000000000000000010000000000010000000000000010000000000000000000100000000000000000000000000000001000000000000000000000000000000000000000000000000000000001
001000000000000000000000000000000000000000000000000000010000000000010000000000000010101010001001000000100000000000000000000000000000001000000000000000000000000000000000000000000000000000000001
001000000000000000000000000000000000000000000000000000010000000000010000000000000010001000000001000000100000000000000000000000000000001000000000000000000000000000000000000000000000000000000001
001000000000000000000000000000000000000000000000000000010000000000010000000000000010001000000001000000100000000000000000000000000000001000000000000000000000000000000000000000000000000000000001
001000000000000000000000000000000000000000000000000001010000000000010000000000000110001000000001000000100000000000000000000000000000001000000000000000000000000000000000000000000000000000000001
001000000000000000000000000000001010100010001000100010001000100010001000100010001000100010001000100010001000100010001001000000000000001000000000000000000000000000000000000000000000000000000001
001000000000000000000000000000000000000000000000000000000000000000010000000000000000001000000001000000100000000000000000000000000000001000000000000000000000000000000000000000000000000000000001
001000000000000000000000000000000000000000000000000000000000000000010000000000000000011001000101000000101010100010001000100010010000001000000000000000000000000000000000000000000000000000000001
001000000000000000000000000000000000000000000000000000000000000000010000000000000000000000000000000000100010000000000000000000010000001000000000000000000000000000000000000000000000000000000001
001000000000000000000000000000000000000000000000000000000000000000010000000000000000000000000000000001100010000000000000000000010000001000000000000000000000000000000000000000000000000000000001
001000000000000000000000000000000000000000000000000000000000000000010000000000000000000000000000000000000110010001000100010001010000001000000000000000000000000000000000000000000000000000000001
001000000000000000001010100010010000000000000000000000000000000000010000000000000000000000000000000000000000000000000000000000000000001000000000000000000000000000000000000000000000000000000001
001000000000000000000010000000010000000000000000000000000000000000010000000000000000000000000000000000000000000000000000000000000000001000000000000000000000000000000000000000000000000000000001
001000000000000000000010000000010000000000000000000000000000000000010000000000000000000000000000000000000000000000000000000000000000001000000000000000000000000000000000000000000000000000000001
001000000000000000000010000000010000000000000000000000000000000000010000000000000000000000000000000000000000000000000000000000000000001000000000000000000000000000000000000000000000000000000001
001000000000000000000010000000010000000000000000000000000000000000010000000000000000000000000000000000000000000000000000000000000000001000000000000000000000000000000000000000000000000000000001
001000000000000000000010000000010000000000000000000000000000000000010000000000000000000000000000000000000000000000000000000000000000001000000000000000000000000000000000000000000000000000000001
001000000000000000000110010001010000000000000000000000000000000001010000000000000000000000000000000000000000000000000000000000000000011000000000000000000000000000000000000000000000000000000001
001000000000000000000000000000000000000000000000000000000000000000000000000000000000000000000000000000000000000000000000000000000000000000000000000000000000000000000000000000000000000000000001
001000000000000000000000000000000000000000000000000000000000000000000000000000000000000000000000000000000000000000000000000000000000000000000000000000000000000000000000000000000000000000000001
001000000000000000000000000000000000000000000000000000000000000000000000000000000000000000000000000000000000000000000000000000000000000000000000000000000000000000000000000000000000000000000001
001000000000000000000000000000000000000000000000000000000000000000000000000000000000000000000000000000000000000000000000000000000000000000000000000000000000000000000000000000000000000000000001
011001000100010001000100010001000100010001000100010001000100010001000100010001000100010001000100010001000100010001000100010001000100010001000100010001000100010001000100010001000100010001000101
