101010001000100010001000100010001000100010001000100010001000100010001000100010001000100010001000100010001000100010001000100010001000100010001001
001000000000000000000000000000000000000000000000000000000000000000000000000000000000000000000000000000000000000000000000000000000000000000000001
001000000000000000000000000000000000000000000000000000000000000000000000000000000000000000000000000000000000000000000000000000000000000000000001
001000000000000000000000000000000000000000000000000000000000000000000000000000000000000000000000000000000000000000000000000000000000000000000001
001000000000000000000000000010101000100010010000000000000000000000000000000000000000000000000000000000000000000000000000000000000000000000000001
001000000000000000000000000000100000000000010000000000000000000000000000000000000000000000000000000000000000000000000000000000000000000000000001
001000000000000000000000000000100000000000010000000000000000000000000000000000000000000000000000000000000000000000000000000000000000000000000001
001000000000000000000000000000100000000000010000000000000000000000000000000000000000000000000000000000000000000000000000000000000000000000000001
001000000000000000000000000000100000000000010000000000000000000000000000000000000000000000000000000000000000000000000000000000000000000000000001
001000000000101010001001000001100100010001010000000000000000000000000000000000000000000000000000000000000000000000000000000000000000000000000001
001000000000001000000001000000000000000000000000000000000000000000000000000000000000000000000000000000000000000000000000000000000000000000000001
001000000000001000000001000000000000000000000000101010001001000000001001000000000000000000000000000000000000000000000000000000000000000000000001
001000000000001000000001000000000000000000000000001000000001000000000001000000000000000000000000000000000000000000000000000000000000000000000001
001000000000001000000001000000000000000000000000001000000001000000000001000000000000000000000000000000000000000000000000000000000000000000000001
001000000000001000000001000000000000000000000000001000000001000010101000100100000000000000000000000000000000000000000000000000000000000000000001
001000000000011001000101000000000000000000000000001000000001000000100001000100000000000000000000000000000000000000000000000000000000000000000001
001000000000000000000000000000000000000000000000001000000001000000100001000100000000000000000000000000000000000000000000000000000000000000000001
001000000000000000000000000000000000000000000000011001000101011001000100010001000100010001000100010001000100010001000100010001000100010001010001
001000000000000000000000000000000000000000000000000000000000000000100001001000000001000000000000000000000000000000000000000000000000000000000001
001000000000000000000000000000000000000000000000000000000000000000101010100010010001000000000000000000000000000000000000000000000000000000000001
001000000000000000000000000000000000000000000000000000000000000001100010001000010001000000000000000000000000000000000000000000000000000000000001
001000000000000000000000000000000000000000000000000000000000000000000010001000010001000000000000000000000000000000000000000000000000000000000001
001000000000000000000000000000000000000000000000000000000000000000000010001000010001000000000000000000000000000000000000000000000000000000000001
001000000000000000000000000000000000000000000000000000000000000000000010011000010101000000000000000000000000000000000000000000000000000000000001
001000000000000000000000000000000000000000000000000000000000000000000010000000010000000000000000000000000000000000000000000000000000000000000001
001000000000000000000000000000000000000000000000000000000000000000000110010001010000000000000000000000000000000000000000000010011010000000000001
001000000000000000000000000000000000000000000000000000000000000000000001000000000000000000000000000000000000000000000000000000010010000000000001
001000000000000000000000000000000000000000000000000000000000000000000001000000000000000000000000000000000000000000000000000000010010000000000001
001000000000000000000000000000000000000000000000000000000000101010001000100010001000100010001000100010001000100010001000100010001000100010010001
001000000000000000000000000000000000000000000000000000000000000000000001000000000000000000000000000000000000000000000000000000010010000000000001
001000000000000000000000000000000000000000000000000000000000000000000001000000000000000000000000000000000000000000000000000000010010000000000001
001000000000000000000000000000000000000000000000000000000000000000000001000000000000000000000000000000000000000000000000000000010010000000000001
001000000000000000000000000000000000000000000000000000000000000000000001000000000000000000000000000000000000000000000000000000010010000000000001
001000000000000000000000000000000000000000000000000000000000000000000001000000000000000000000000000000000000000000000000000000010010000000000001
001000000000000000000000000000000000000000000000000000000000000000000001000000000000000000000000000000000000000000000000000001010110000000000001
001000000000000000000000000000000000000000000000000000000000000000000001000000000000000000000000000000000000000000000000000000000000000000000001
001000000000000000000000000000000000000000000000000000000000000000000001000000000000000000000000000000000000000000000000000000000000000000000001
001000000000000000000000000000000000000000000000000000000000000000000101000000000000000000000000000000000000000000000000000000000000000000000001
001000000000000000000000000000000000000000000000000000000000000000000000000000000000000000000000000000000000000000000000000000000000000000000001
001000000000000000000000000000000000000000000000000000000000000000000000000000000000000000000000000000000000000000000000000000000000000000000001
001000000000000000000000000000000000000000000000000000000000000000000000000000000000000000000000000000000000000000000000000000000000000000000001
001000000000000000000000000000000000000000000000000000000000000000000000000000000000000000000000000000000000000000000000000000000000000000000001
001000000000000000000000000000000000000000000000000000000000000000000000000000000000000000000000000000000000000000000000000000000000000000000001
001000000000000000000000000000000000000000000000000000000000000000000000000000000000000000000000000000000000000000000000000000000000000000000001
001000000000000000000000000000000000000000000000000000000000000000000000000000000000000000000000000000000000000000000000000000000000000000000001
001000000000000000000000000000000000000000000000000000000000000000000000000000000000000000000000000000000000000000000000000000000000000000000001
001000000000000000000000000000000000000000000000000000000000000000000000000000000000000000000000000000000000000000000000000000000000000000000001
001000000000000000000000000000000000000000000000000000000000000000000000000000000000000000000000000000000000000000000000000000000000000000000001
001000000000000000000000000000000000000000000000000000000000000000000000000000000000000000000000000000000000000000000000000000000000000000000001
001000000000000000000000000000000000000000000000000000000000000000000000000000000000000000000000000000000000000000000000000000000000000000000001
001000000000000000000000000000000000000000000000000000000000000000000000000000000000000000000000000000000000000000000000000000000000000000000001
001000000000000000000000000000000000000000000000000000000000000000000000000000000000000000000000000000000000000000000000000000000000000000000001
001000000000000000000000000000000000000000000000000000000000000000000000000000000000000000000000000000000000000000000000000000000000000000000001
001000000000000000000000000000000000000000000000000000000000000000000000000000000000000000000000000000000000000000000000000000000000000000000001
011001000100010001000100010001000100010001000100010001000100010001000100010001000100010001000100010001000100010001000100010001000100010001000101
