101010001000100010001000100010001000100010001000100010001000100010001000100010001000100010001000100010001000100010001000100010001000100010001000100010001001
001000000000000000000000000000000000000000000000000000000000000000000000000000000000000000000000000000000000000000000000000000000000000000000000000000000001
001000000000000000000000000000000000000000000000000000000000000000000000000000000000000000000000000000000000000000000000000000000000000000000000000000000001
001000000000000000000000000000000000100100000000000000000000000000000000000000000000000000000000000000000000000000001010100010010000101000000000000000000001
001000000000000000000000000000000000000100000000000000000000000000000000000000000000000010101000100100000000000000000010000000010000001000000000000000000001
001000000000000000000000000000000000000100000000000000000000000000000000000000000000000000100000000100000000000000000010000000010000001000000000000000000001
001000000000000000000000000000000000000100000000000000000000000000000000000000000000000000100000000100000000000000000010000000010000001000000000000000000001
001000000000000000000000000000000000000100000000000000000000000000000000000000000000000000100000000100000000000000000010000000010000001000000000000000000001
001000000000000000000000000000000000000100000000000000000000000000000000000000000000000000100000000100000000000000000010000000010000001000000000000000000001
001000000000000000000000000000000000000100000000000000000000000000000000000000000000000000100000000100000000000000000110010001010000001000000000000000000001
001000000000000000000000000000000000000100000000000000000000000000000000000000000000000001100100010100000000000000000000000000000000001000000000000000000001
001000000000000000000000000000000000000100000000000000000000000000000000000000000000000000000000000000000000000000000000000000000000001000000000000000000001
001000000000000000000000000000000000000101100100010001000100010001000100010001000100010001000101000000000000000000000000000000000000001010100000000000000001
001000000000000000000000000000000000000100000000000000000000000000000000000100000000000000000000000000000000000000000000000000000000001000100000000000000001
001000000000000000000000000000001010100010010000000000000000000000000000000100000000000000000000000000000000000000000000000000000000001000100000000000000001
001000000000000000000000000000000010000100010000000000000000000000000000000100000000000000000000000000000000000000000000000000000000001000100000000000000001
001000000000000000000000000000000010000100010000000000000000000000000000000100000000000000000000000000000000000000000000000000000000001000100000000000000001
001000000000000000000000000000000010000110101000100010001000100010001000100010001000100010001001000000000000000000000000000000000000001000100000000000000001
001000000000000000000000000000000010000100010000000000000000000000000000000100000000000000000000000000000000000000000000000000000000001000100000000000000001
001000000000000000000000000000000010000100010000000000000000000000000000000100000000000000000000000000000000000000000000000000000000001000100000000000000001
001000000000000000000000000000000110010001010000000000000000000000000000000100000000000000000000000000000000000000000000000000000000001000100000000000000001
001000000000000000000000000000000000000100000000000000000000000000000000000100000000000000000000000000000000000000000000000000000000001000100000000000000001
001000000000000000000000000000000000000100000000000000000000000000000000000100000000000000000000000000000000000000000000000000000000001000100000000000000001
001000000000000000000000000000000000000100000000000000000000000000000000000100000000000000000000000000000000000000000000000000000000001000100000000000000001
001000000000000000000000000000001010100010010000000000000000000000000000000100000000000000000000000000000000000000000000000000000000001000100000000000000001
001000000000000000000000000000000010000100010000000000000000000000000000000100000000000000000000000000000000000000000000000000000000001000100000000000000001
001000000000000000000000000000000010000100010000000000000000000000000000000100000000000000000000000000000000000000000000000000000000001000100000000000000001
001000000000000000000000000000000010000100010000000000000000000000000000000100000000000000000000000000000000000000000000000000000000001000100000000000000001
001000000000000000000000000000000010000100010000000000000000000000000000000100000000000000000000000000000000000000000000000000000000001000100000000000000001
001000000000000000000000000000000010000100010000000000000000000000000000000100000000000000000000000000000000000000000000000000000000001000101001101000000001
001000000000000000000000000000000110010001010000000000000000000000000000000100000000000000000000000000000000000000000000000000000000001000100001001000000001
001000000000000000000000000000000000000100000000000000000000000000000000000100000000000000000000000000000000000000000000000000000000001000100001001000000001
001000000000000000000000000000000000000100000000000000000000000000000000000100000000000000000000000000000000000000000000000000000000001000100001001000000001
001000000000000000000000000000000000000100000000000000000000000000000000000100000000000000000000000000000000000000000000000000000000001000100001001000000001
001000000000000000000000000000000000000100000000000000000000000000000000000100000000000000000000000000000000000000000000000000000000001000100001001000000001
001000000000000000001010100010010000010100000000000000000000000000000000000100000000000000000000000000000000000000000000000000000000011000100001001000000001
001000000000000000000010000000010000000000000000000000000000000000000000010100000000000000000000000000000000000000000000000000000000000001100001001000000001
001000000000000000000010000000010000000000000000000000000000000000000000000000000000000000000000000000000000000000000000000000000000000000000001001000000001
001000000000000000000010000000010000000000000000000000000000000000000000000000000000000000000000000000000000000000000000000000000000000000000101011000000001
001000000000000000000010000000010000000000000000000000000000000000000000000000000000000000000000000000000000000000000000000000000000000000000000000000000001
001000000000000000000010000000010000000000000000000000000000000000000000000000000000000000000000000000000000000000000000000000000000000000000000000000000001
001000000000000000000110010001010000000000000000000000000000000000000000000000000000000000000000000000000000000000000000000000000000000000000000000000000001
001000000000000000000000000000000000000000000000000000000000000000000000000000000000000000000000000000000000000000000000000000000000000000000000000000000001
001000000000000000000000000000000000000000000000000000000000000000000000000000000000000000000000000000000000000000000000000000000000000000000000000000000001
001000000000000000000000000000000000000000000000000000000000000000000000000000000000000000000000000000000000000000000000000000000000000000000000000000000001
001000000000000000000000000000000000000000000000000000000000000000000000000000000000000000000000000000000000000000000000000000000000000000000000000000000001
001000000000000000000000000000000000000000000000000000000000000000000000000000000000000000000000000000000000000000000000000000000000000000000000000000000001
001000000000000000000000000000000000000000000000000000000000000000000000000000000000000000000000000000000000000000000000000000000000000000000000000000000001
001000000000000000000000000000000000000000000000000000000000000000000000000000000000000000000000000000000000000000000000000000000000000000000000000000000001
001000000000000000000000000000000000000000000000000000000000000000000000000000000000000000000000000000000000000000000000000000000000000000000000000000000001
011001000100010001000100010001000100010001000100010001000100010001000100010001000100010001000100010001000100010001000100010001000100010001000100010001000101
