1010100010001000100010001000100010001000100010001000100010001000100010001000100010001000100010001000100010001000100010001000100010001000100010001000100010001000100010001000100010001000100010001000100010001000100010001001
0010000000000000000000000000000000000000000000000000000000000000000000000000000000000000000000000000000000000000000000000000000000000000000000000000000000000000000000000000000000000000000000000000000000000000000000000001
0010000000000000000000000000000000000000000000000000000000000000000000000000000000000000000000000000000000000000000000000000000000000000000000000000000000000000000000000000000000000000000000000000000000000000000000000001
0010000000000000000000000000000000000000000000000000000000000000000000000000000000000000000000000000000000000000000000000000000000000000000000000000000000000000000000000000000000000000000000000000000000000000000000000001
0010000000000000000000000000000000000000000000000000000000000000000000000000000000000000000000000000000000000000000000001010100010010000000000000000000000000000000000000000000000000000000000000000000000000000000000000001
0010000000000000000000000000000000000000000010010000000000000000000000000000000000000000000000000000000010100000000000000010000000010000000000000000000000000000000000000000000000000000000000000000000000000000000000000001
0010000000000000000000000000000000000000000000010000000000000000000000000000000000000000000000001010100010010000000000000010000000010000000000000000000000000000000000000000000000000000000000000000000000000000000000000001
0010000000000000000000000000000000000000000000010000000000000000000000000000000000000000000000000010000000010000000000000010000000010000000000000000000000000000000000000000000000000000000000000000000000000000000000000001
0010000000000000000000000000000000000000000000010000000000000000000000000000000000000000000000000010000000010000000000000010000000010000000000000000000000000000000000000000000000000000000000000000000000000000000000000001
0010000000000000000000000000000000000000000000010000000000000000000000000000000000000000000000001010100010010000000000000010000000010000000000000000000000000000000000000000000000000000000000000000000000000000000000000001
0010000000000000000000000000000000000000000000010000000000000000000000000000000000000000000000000010000000010000000000000110101010001001000000000000000000000000000000000000000000000000000000000000000000000000000000000001
0010000000000000000000000000000000000000000000010000000000000000000000000000000000000000000000000010000000010000000000000000001000000001000000000000000000000000000000000000000000000000000000000000000000000000000000000001
0010000000000000000000000000000000000000000000010000000000000000000000000000000000000000000000000010010000010000000000000000001000000001000000000000000000000000000000000000000000000000000000000000000000000000000000000001
0010000000000000000000000000000000000000000000010000000000000000000000000000000000000000000000000010000000010000101010001001001000000001000000000000000000000000000000000000000000000000000000000000000000000000000000000001
0010000000000000000000000000000000000000000000010000000000000000000000000000000000000000000000000010000000010000001000000001001000000001000000000000000000000000000000000000000000000000000000000000000000000000000000000001
0010000000000000000000000000000000000000000000010000000000000000000000000000000000000000000000000110010001010000001000000001001000000001000000000000000000000000000000000000000000000000000000000000000000000000000000000001
0010000000000000000000000000000000000000000000010000000000000000000000000000000000000000000000000000000000100000101010001001011001000101000000000000000000000000000000000000000000000000000000000000000000000000000000000001
0010000000000000000000000000000000000000000000010000000000000000000000000000000000000000000000000000000000100000001000000001000000000000000000000000000000000000000000000000101010001001000000000000000000000000000000000001
0010000000000000000000000000000000000000000000010000000000000000000000000000000000000000000000000000000000100000001000000001000000000000000000000000000000000000000000000000001000000001000000000000000000000000000000000001
0010000000000000000000000000000000000000000000010000000000000000000000000000000000000000000000000000000000100000001001000001000000000000000000000000000000000000000000000000001000000001000000000000000000000000000000000001
0010000000000000000000000000000000000000000000010000000000000000000000000000000000000000000000000000000000100000001000000001000000000000000000000000000000000000000000000000001000000001000000000000000000000000000000000001
0010000000000000000000000000000000000000000000010000000000000000000000000000000000000000000000000000000000101001101000000001000000000000000000000000000000000000000000000000001000000001000000000000000000000000000000000001
0010000000000000000000000000000000000000000000010000000000000000000000000000000000000000000000000000000000100001001001000101000000000000000000000000000000000000000000000000001000000001000000000000000000000000000000000001
0010101010001001000000000000000000000000000000010000000000000000000000000000000000000000000000000000000000100001001000000000000000000000000000000000000000000000000000000000011001000101000000000000000000000000000000000001
0010001000000001000000000000000000000000000000010000000000000000000000000000000000000000000000000000000000100001001000000000000000000000000000000000000000000000000000000000000000000000000000000000000000000000000000000001
0010001000000001000000000000000000000000000000010000000000000000000000000000000000000000000000000000000000100001001000000000000000000000000000000000000000000000000000000000000000000000000000000000000000000000000000000001
0010001000000001000000000000000000000000000000010000000000000000000000000000000000000000000000000000000000100001001000000000000000000000000000000000000000000000000000000000000000000000000000000000000000000000000000000001
0010001000000001000000000000000000000000000000010000000000000000000000000000101010001001000000000000000000100001001000000000000000000000000000000000000000000000000000000000000000000000000000000000000000000000000000000001
0010001000000001000000000000000000000000000001010000000000000000000000000000001000000001000000000000000001100001001000000000000000000000000000000000000000000000000000000000000000000000000000000000000000000000000000000001
0010011001000101000000000000000000000000000000000000000000000000000000000000001000000001000000000000000000000001001000000000000000000000000000000000000000000000000000000000000000000000000000000000000000000000000000000001
0010000000000000000000000000000000000000000000000000000000000000000000000000001000000001000000000000000000000101011000000000000000000000000000000000000000000000000000000000000000000000000000000000000000000000000000000001
0010000000000000000000000000000000000000000000000000000000000000000000000000001000000001000000000000000000000000000000000000000000000000000000000000000000000000000000000000000000000000000000000000000000000000000000000001
0010000000000000000000000000000000000000000000000000000000000000000000000000001000000001000000000000000000000000000000000000000000000000000000000000000000000000000000000000000000000000000000000000000000000000000000000001
0010000000000000000000000000000000000000000000000000000000000000000000000000011001000101000000000000000000000000000000000000000000000000000000000000000000000000000000000000000000000000000000000000000000000000000000000001
0010000000000000000000000000000000000000000000000000000000000000000000000000000000000000000000000000000000000000000000000000000000000000000000000000000000000000000000000000000000000000000000000000000000000000000000000001
0110010001000100010001000100010001000100010001000100010001000100010001000100010001000100010001000100010001000100010001000100010001000100010001000100010001000100010001000100010001000100010001000100010001000100010001000101
