101010001000100010001000100010001000100010001000100010001000100010001000100010001000100010001000100010001000100010001000100010001000100010001000100010001001
001000000000000000000000000000000000000000000000000000000000000000000000000000000000000000000000000000000000000000000000000000000000000000000000000000000001
001000000000000000000000000000000000000000000000000000000000000000000000000000000000000000000000000000000000000000000000000000000000000000000000000000000001
001000000000000000000000000000000000000000000000000000000000000000000000000000000000000000000000000000000000000000000000000000000000000000000000000000000001
001000000110010001000100010001000100010001000100010001000100010001000100010001000100010001000100010001000100010001010000000000000000000000000000000000000001
001000000000000000000000000000000000000000000000000000000000000000000000000000000000000000000000000000000000000000000000000000000000000000000000000000000001
001000000000000000000000000000000000000000000000000000000000000000000000000000000000000000000000000000000000000000000000000000000000000000000000000000000001
001000000000000000000000000000000000000000000000000000000000000000000000000000000000000000000000000000000000000000000000000000000000000000000000000000000001
001000000000000000000000000000000000000000000000000000000000000000000000000000000000000000000000000000000000000000000000000000000000000000000000000000000001
001000000000000000000000000000000000000000000000000000000000000000000000000000000000000000000000000000000000000000000000000000000000000000000000000000000001
001000000000000000000000000000000000000000000000000000000000000000000000000000000000000000000000000000000000000000000000000000000000000000000000000000000001
001000000000000000000000000000000000000000000000000000000000000000000000000000000000000000000000000000000000000000000000000000000000000000000000000000000001
001000000000000000000000000000000000000000000000000000000000000000000000000000000000000000000000000000000000000000000000000000000000000000000000000000000001
001000000000000000000000000000000000000000000000000000000000000000000000000010010000000000000000000000000000000000000000000010100000000000000000000000000001
001000000000000000000000000000000000000000000000011001000100010001000100010001000101000000000000000000000000000000000000000000100000000000000000000000000001
001000000000000000000000000000000000000000000000000000000000000000000000000000010000100110100000000000000000000000000000000000100000000000000000000000000001
001000000000000000000000000000000000000000000000000000000000000000000000000000010000000100100000000000000000000000000000000000100000000000000000000000000001
001000000000000000000000000000000000000000000000000000000000000000000000000000010000000100100000000000000000000000000000000000100000000000000000000000000001
001000000000000000000000000000000000000000000000000000000000000000000000000000010000000100100000000010101000100100000000000000100000000000000000000000000001
001000000000000000000000000000000000000000000000000000000000000000000000000000010000000100100000000000100000000100000000000000100000000000000000000000000001
001000000000000000000000000000000000101010001001000000000000000000000000000000010000000100100000000000100000000100000000000000100000000000000000000000000001
001000000000000000000000000000000000001000000001000000000000000000000000000000010000000100100000000000100000000100000000000000100000000000000000000000000001
001000001010100010001000100010001000100010001000100010001000100010001000100010001000100010001000101010001000100010010000000000100000000000000000000000000001
001000000000000000000000000000000000001000000001000000000000000000000000000000010000011001000100010001000100010001000100010001000100010100000000000000000001
001000000000000000000000000000000000001000000001000000000000000000000000000000010000010101100000001001100100010100010000000000100000000000000000000000000001
001000000000000000000000000000000000001000000001000000000000000000000000000000010000000000000000001000000000000000010000000000100000000000001010100010010001
001000000000000000000000000000001010100010010101000000000000000000000000000000010000000000000000011001000100010001010000000000100000000000000010000000010001
001000000000000000000000000000000010000000010000000000000000000000000000000000010000101010001000100010001000100010001000100010001000100100000010000000010001
001000000000000000000000000000000010000000010000000000000000000000000000000000010000000000000000000000000000000000000000000000100000000000000010000000010001
001000000000000000000000000000000010000000010000000000000000000000000000000000010000000000000000000000000000000000000000000000100000000000000010000000010001
001000000000000000000000000000000010000000010000000000000000000000000000000000010000000000000000000000000000000000000000000000100000000000000010000000010001
001000000000000000000000000000000010000000010000000000000000000000000000000000010000000000000000000000000000000000000000000000100000000000000110010001010001
001000000000000000000000000000000110010001010000000000000000000000000000000000010000000000000000000000000000000000000000000000100000000000000000000000000001
001000000000000000000000000000000000000000000000000000000000000000000000000001010000000000000000000000000000000000000000000001100000000000000000000000000001
001000000000000000000000000000000000000000000000000000000000000000000000000000000000000000000000000000000000000000000000000000000000000000000000000000000001
001000000000000000000000000000000000000000000000000000000000000000000000000000000000000000000000000000000000000000000000000000000000000000000000000000000001
001000000000000000000000000000000000000000000000000000000000000000000000000000000000000000000000000000000000000000000000000000000000000000000000000000000001
001000000000000000000000000000000000000000000000000000000000000000000000000000000000000000000000000000000000000000000000000000000000000000000000000000000001
001000000000000000000000000000000000000000000000000000000000000000000000000000000000000000000000000000000000000000000000000000000000000000000000000000000001
001000000000000000000000000000000000000000000000000000000000000000000000000000000000000000000000000000000000000000000000000000000000000000000000000000000001
001000000000000000000000000000000000000000000000000000000000000000000000000000000000000000000000000000000000000000000000000000000000000000000000000000000001
001000000000000000000000000000000000000000000000000000000000000000000000000000000000000000000000000000000000000000000000000000000000000000000000000000000001
001000000000000000000000000000000000000000000000000000000000000000000000000000000000000000000000000000000000000000000000000000000000000000000000000000000001
001000000000000000000000000000000000000000000000000000000000000000000000000000000000000000000000000000000000000000000000000000000000000000000000000000000001
001000000000000000000000000000000000000000000000000000000000000000000000000000000000000000000000000000000000000000000000000000000000000000000000000000000001
001000000000000000000000000000000000000000000000000000000000000000000000000000000000000000000000000000000000000000000000000000000000000000000000000000000001
001000000000000000000000000000000000000000000000000000000000000000000000000000000000000000000000000000000000000000000000000000000000000000000000000000000001
001000000000000000000000000000000000000000000000000000000000000000000000000000000000000000000000000000000000000000000000000000000000000000000000000000000001
001000000000000000000000000000000000000000000000000000000000000000000000000000000000000000000000000000000000000000000000000000000000000000000000000000000001
001000000000000000000000000000000000000000000000000000000000000000000000000000000000000000000000000000000000000000000000000000000000000000000000000000000001
011001000100010001000100010001000100010001000100010001000100010001000100010001000100010001000100010001000100010001000100010001000100010001000100010001000101
