101010001000100010001000100010001000100010001000100010001000100010001000100010001000100010001000100010001000100010001000100010001000100010001000100010001000100010001000100010001000100010001001
001000000000000000000000000000000000000000000000000000000000000000000000000000000000000000000000000000000000000000000000000000100000000100000000000000000000000000000000000000000000000000000001
001001000100010001000100010001000100010001000100010001000100010001000100010001000100010001000100010001000100010001000100010001010000000100000000000000000000000000000000000000000000000000000001
001000000000000000000000000000000000000000000000000000000000000000000000000000000000000000000000000000000000000000000000000000100000000100000000000000000000000000000000000000000000000000000001
001000000000000000000000000000000000000010010000000000000000000000001010000010101000100100000000000000000000000000000000000000100000000100000000000000000000000000000000000000000000000000000001
001000000000000000000000000000000000000000010000000000000000000000000010000000100000000100000000000000000000000000000000000000100000000100000000000000000000000000000000000000000000000000000001
001010101000100100000000000000000000000000010000000000000000000000000010000000100000000100000000000000000000000000001010100010010100010100000000000000000000000000000000000000000000000000000001
001000100000000100000000000000000000000000010000000000000000000000000010000000100000000100000000000000000000000000000010000000010000000000000000000000000000000000000000000000000000000000000001
001000101010100010010000000000000000000000010000000000000000000000000010000000100000000100000000000000000000000000000010000000010000000000000000000000000000000000000000000000000000000000000001
001000100010000100010000000000000000000000010000000000000000100100000010000000100000101000000000000000000000000000000010000000010000000000000000000000000000000000000000000000000000000000000001
001000101010100010010000000000000000000000010000000000000000000110010010000001100100001000000000000000000000101000000010000000010000000000000000000000000000000000000000000000000000000000000001
001000100010000100010000000000000000000000010000000000000000000100010010000000000000001000000000000000000000001000000010000000010000000000000000000000000000000000000000000000000000000000000001
001001100010010100010000000000000000000000010000000000000000000100010010000000000000001000000000000000000000001000000110010001010000000000000000000000000000000000000000000000000000000000000001
001000000010000000010000000000000000000000010110010001000100010001000100010001000100010001000100010001000100010001000100010001000100010001000100010001000100010001000101000000001010100010010001
001000000010010000010000000000000000000000010000000000000000000100010010000000000000001000000000000000000000001000000000000000000000000000000000000000000000000000000000000000000010000000010001
001000000010000000010000000000000000000000010000000000000000000100010010000000000000001000000000000000000000001000000000000000000000101010001001000000000000000000000000000000000010000000010001
001000000110010001010000000000000000000000010000000000000000000100010010000000000000001000000000000000000000101010001001000000000000001000000001000000000000000000000000000000000010000000010001
001000000000000000000000000000000000000000010000000000000000000100010010000000000000001000000000000000000000001000000001000000000000001000000001000000000000000000000000000000000010000000010001
001000000000000000000000000000000000000000010000000000000000000100010010000000000000001000000000000000000000001000000001000000000000001000000001000000000000000000000000000000000010000000010001
001000000000000000000000000000000000000001010000000000000000000100010110000000000000001000000000000000000000001000000001000000000000001000000001000000000000000000000000000000000110010001010001
001000000000000000000000000000000000000000000000000000000000000100010000000000000000001000000000000000000000001000000001000000000000001000000001000000000000000000000000000000000000000000000001
001000000000000000000000000000000000000000000000000000000000000100010000000000000000001000000000000000000000001000000001000000000000011001000101000000000000000000000000000000000000000000000001
001000000000000000000000000000000000000000000000000000000000000100010000000000000000001000000000000000000000011001000101000000000000000000000000000000000000000000000000000000000000000000000001
001010001001000000000000000000000000000000000000000000000000010100010000000000000000011000000000000000000000001000000000000000000000000000000000000000000000000000000000000000000000000000000001
001000000001000000000000000000000000000000000000000000000000000000010000000000000000000000000000000000000000001000000000000000000000000000000000000000000000000000001010100010010000000000000001
001010001000100010001000100010001000100010001000100010001000100010001000100010001000100010001000100010001000100010001000100010010000000000000000000000000000000000000010000000010000000000000001
001000000001000000000000000000000000000000000000000000000000000000010000000000000000000000000000000000000000001000000000000000000000000000000000000000000000000000000010000000010000000000000001
001000000001000000000000000000000000000000000000000000000000000000010000000000000000000000000000000000000000001000000000000000000000000000000000000000000000000000000010000000010000000000000001
001000000001000000000000000000000000000000000000000000000000000000010000000000000000000000000000000000000000001000000000000000000000000010011010000000000000000000000010000000010000000000000001
001001000101000000000000000000000000000000000000000000000000000001010000000000000000000000000000000000000000011000000000000000000000000000010010000000000000000000000010000000010000000000000001
001000000000000000000000000000000000000000000000000000000000000000000000000000000000000000000000000000000000000000000000000000000000000000010010000000000000000000000110010001010000000000000001
001000000000000000000000000000000000000000000000000000000000000000000000000000000000000000000000000000000000000000000000000000000000000000010010000000000000000000000000000000000000000000000001
001000000000000000000000000000000000000000000000000000000000000000000000000000000000000000000000000000000000000000000000000000000000000000010010000000000000000000000000000000000000000000000001
001000000000000000000000000000000000000000000000000000000000000000000000000000000000000000000000000000000000000000000000000000000000000000010010000000000000000000000000000000000000000000000001
001000000000000000000000000000000000000000000000000000000000000000000000000000000000000000000000000000000000000000000000000000000000000000010010000000000000000000000000000000000000000000000001
001000000000000000000000000000000000000000001010100010001000100010001000100010001000100010001000100010001000100010001000100010001000100010001000100010001000100010001001000000000000000000000001
001000000000000000000000000000000000000000000000000000000000000000000000000000000000000000000000000000000000000000000000000000000000000000010010000000000000000000000000000000000000000000000001
001000000000000000000000000000000000000000000000000000000000000000000000000000000000000000000000000000000000000000000000000000000000000001010110000000000000000000000000000000000000000000000001
001000000000000000000000000000000000000000000000000000000000000000000000000000000000000000000000000000000000000000000000000000000000000000000000000000000000000000000000000000000000000000000001
001000000000000000000000000000000000000000000000000000000000000000000000000000000000000000000000000000000000000000000000000000000000000000000000000000000000000000000000000000000000000000000001
011001000100010001000100010001000100010001000100010001000100010001000100010001000100010001000100010001000100010001000100010001000100010001000100010001000100010001000100010001000100010001000101
