101010001000100010001000100010001000100010001000100010001000100010001000100010001000100010001000100010001000100010001000100010001000100010001000100010001000100010001001
001000000000000000000000000100000000000000000000000000000000000000000000000000000000000000000000000000000000000000000000000000000000000000000000000000100000000000000001
001000000000000000000000000100000000000000000000000000000000000000000000000000000000000000000000000000000000000000000000000000000000000000000000000000100000000000000001
001000000000000000000000000100000000100100000000000000000000000000000000000000000000000000000000000000000000000000001010000000000000000000000000000000100000000000000001
001000000000000000000000000100000000000100000000000000000000000000000000000000000000000000000000000000000000000000000010000000000000000000000000000000100000000000000001
001000000000000000000000000100000000000100000000000000000000000000000000000000000000000000000000000000000000000000000010000000000000000000000000000000100000000000000001
001000000000000000000000000100000000000100000000000000000000000000000000000000000000000000000000000000000000000000000010000000000000000000000000000000100000000000000001
001000000000000000000000000100000000000100000000000000000000000000000000000000000000000000000000000000000000000000000010000000000000000000000000000000100000000000000001
001000000000000000000000000100000000000100000000000000000000000000000000000000000000000000000000000000000000000000000010000000000000000000000000000000100000000000000001
001000000000000000000000000100000000000100000000000000000000000000000000000000000000000000000000000000000000000000000010000000000000000000000000000000100000000000000001
001000000000000000000000000100000000000100000000000000000000000000000000000000000000000000000000000000000000000000000010000000000000000000000000000000100000000000000001
001000000000000000000000000100000000011001000100010001000100010001000100010001000100010001000101000000000000000000000010000000000000000000000000000000100000000000000001
001000000000000000000000000100000000000100000000000000000000000000000000000000000000000000000000000000000000000000000010000000000000000000000000000000100000000000000001
001000000000000000000000000100000000000100000000000000000000000000000000000000000000000000000000000000000000000000000010000000000000000000000000000000100000000000000001
001000000000000000000000000100000000000100000000000000000000000000000000000000000000000000000000000000000000000000000010000000000000000000000000000000100000000000000001
001000000000000000000000000100000000000100000000000000000000000000000000000000000000000000000000000000000000000000000010000000000000000000000000000000100000000000000001
001000000000000000000000000100000000000100000000000000000000000000000000000000000000000000000000000000000000000000000010000000000000000000000000000000100000000000000001
001000000000000000000000000100000000101010001000100010001000100010001000100010001000100010001001000000000000000000000010000000000000000000000000000000100000000000000001
001000000000000000000000000100000000000100000000000000000000000000000000000000000000000000000000000000000000000000000010000000000000000000000000000000100000000000000001
001000000000000000000000000100000000000100000000000000000000000000000000000000000000000000000000000000000000000000000010000000000000000000000000000000100000000000000001
001000000000000000000000000100000000000100000000000000000000000000000000000000000000000000000000000000000000000000000010000000000000000000000000000000100000000000000001
001000000000000000000000000100000000000100000000000000000000000000000000000000000000000000000000000000000000000000000010000000000000000000000000000000100000000000000001
001000000000000000000000000100000000000100000000000000000000000000000000000000000000000000000000000000000000000000000010000000000000000000000000000000100000000000000001
001000000000000000000000000100000000000100000000000000000000000000000000000000000000000000000000000000000000000000000010000000000000000000000000000000100000000000000001
001000000000000000000000000100000000000100000000000000000000000000000000000000000000000000000000000000000000000000000010000000000000000000000000000000100000000000000001
001000000000000000000000000100000000000100000000000000000000000000000000000000000000000000000000000000000000000000000010000000000000000000000000000000100000000000000001
001000000000000000000000000100000000000100000000000000000000000000000000000000000000000000000000000000000000000000000010000000000000000000000000000000100000000000000001
001000000000000000000000000100000000000100000000000000000000000000000000000000000000000000000000000000000000000000000010000000000000100100001010000000100000000000000001
001000000000000000000000000100000000000100000000000000000000000000000000000000000000000000000000000000000000000000000010000000000000000100000010000000100000000000000001
001000000000000000000000000100000000000100000000000000000000000000000000000010101000100100000000000000000000000000000010000000000000000100000010000000100000000000000001
001000000000000000000000000100000000000100000000000000000000000000000000000000100000000100000000000000000000000000000010000000000000000100000010000000100000000000000001
001000000000000000000000000100000000010100000000000000000000000000000000000000100000000100000000000000000000000000000110000000000000000100000010000000100000000000000001
001000000000000000000000000100000000000000000000000000000000000000000000000000100000000100000000000000000000000000000000000000000000000100000010000000100000000000000001
001000000000000000000000000100000000000000000000000000000000000000000000000000100000000100000000000000000000000000000000000000000000000100000010000000100000000000000001
001000000000000000000000000100000000000000000000000000000000000000000000000000100000000100000000000000000000000000000000000000000000000100000010000000100000000000000001
001000000000000000000000000100000000000000000000000000000000000000000000000001100100010100000000000000000000000000000000000000000000000100000010000000100000000000000001
001000000000000000000000000100000000000000000000000000000000000000000000000000000000000000000000000000000000000000000000000000000000000100000010000010101000100100000001
001000000000000000000000000100000000000000000000000000000000000000000000000000000000000000000000000000000000000000000000000000000000010100000110000000100000000100000001
001000000000000000000000000100000000000000000000000000000000000000000000000000000000000000000000000000000000000000000000000000000000000000000000000000100000000100000001
001000000000000000000000010100000000000000000000000000000000000000000000000000000000000000000000000000000000000000000000000000000000000000000000000000100000000100000001
001000000000000000000000000000000000000000000000000000000000000000000000000000000000000000000000000000000000000000000000000000000000000000000000000000100000000100000001
001000000000000000000000000000000000000000000000000000000000000000000000000000000000000000000000000000000000000000000000000000000000000000000000000000100000000100000001
001000000000000000000000000000000000000000000000000000000000000000000000000000000000000000000000000000000000000000000000000000000000000000000000000001100100010100000001
001000000000000000000000000000000000000000000000000000000000000000000000000000000000000000000000000000000000000000000000000000000000000000000000000000000000000000000001
001000000000000000000000000000000000000000000000000000000000000000000000000000000000000000000000000000000000000000000000000000000000000000000000000000000000000000000001
001000000000000000000000000000000000000000000000000000000000000000000000000000000000000000000000000000000000000000000000000000000000000000000000000000000000000000000001
011001000100010001000100010001000100010001000100010001000100010001000100010001000100010001000100010001000100010001000100010001000100010001000100010001000100010001000101
