101010001000100010001000100010001000100010001000100010001000100010001000100010001000100010001000100010001000100010001000100010001000100010001000100010001000100010001000100010001000100010001001
001000000000000000000000000010010000000000000000000000000000000000000000000000000000000000000000101000000000000000000000000000000000000000000000000000000000000000000000000000000000000000000001
001000000000000000000000000000010000000000000000000000000000000000000000000000000000000000000000001000000000000000000000000000000000000000000000000000000000000000000000000000000000000000000001
001000000000000000000000000000010000100100000000000000000000000000000000000000000000000000000000001000000000000000000000000000000000000010100000000000000000000000000000000000000000000000000001
001000000000000000000000000000010000000100000000000000000000000000000000000000000000000000000000001000000000000000000000000000000000000000100000000000000000000000000000000000000000000000000001
001000000000000000000000000000010000000100000000000000000000000000000000000000000000000000000000001000000000000000000000000000000000000000100000000000000000000000000000000000000000000000000001
001000000000000000000000000000010000000100000000000000000000000000000000000000000000000000000000001000000000000000000000000000000000000000100000000000000000000000000000000000000000000000000001
001010101000100100000000000000010000000100000000000000000000000000000000000000000000000000000000001000000000000000000000000000000000000000100000000000000000000000000000000000000000000000000001
001000100000000100000000000000010000000100000000000000000000000000000000000000000000000000000000001000000000000000000000000000000000000000100000000000000000000000000000000000000000000000000001
001000100000000100000000000000010000000100000000000000000000000000000000000000000000000000000000001000000000000000000000000000000000000000100000000000000000000000001010100010010000000000000001
001000100000000100000000000000010000000100000000000000000000000000000000000000000000000000000000001000000000000000000000000000000000000000100000000000000000000000000010000000010000000000000001
001000100000000100000000000000010000011001000100010001000100010001000100010001000100010001010000001000000000000000000000000000000000000000100000000000000000000000000010000000010000000000000001
001000100000000100000000000000010000000100000000000000000000000000000000000000000000000000000000001000000000000000000000000000000000000000100000000000000000000000000010000000010000000000000001
001001100100010100000000000000010000000100000000000000000000000000000000000000000000000000000000001000000000000000000000000000000000000000100000000000000000000000000010000000010000000000000001
001000000000000000000000000000010000000100000000000000000000000000000000000000000000000000000000001000000000000000000000000000000000000000100000000000000000000000000010000000010000000000000001
001000000000000000000000000000010000000100000000000000000000000000000000000000000000000000000000001000000000000000000000000000000000000000100000000000000000000000000110010001010000000000000001
001000000000000000000000000000010000101010001000100010001000100010001000100010001000100010010000001000000000000000000000000000000000000000100000000000000000000000000000000000000000000000000001
001000000000000000000000000000010000000100000000000000000000000000000000000000000000000000000000001000000000000000000000000000000000000000100000000000000000000000000000000000000000000000000001
001000000000000000000000000000010000000100000000000000000000000000000000000000000000000000000000001000000000000000000000000000000000000000100000000000000000000000000000000000000000000000000001
001000000000000000000000000000010000000100000000000000000000000000000000000000000000000000000000001000000000000000000000000000000000000000100000000000000000000000000000000000000000000000000001
001000000000000000000000000000010000000100000000000000000000000000000000000000000000000000000000001000000000000000000000000000000000000000100000000000000000000000000000000000000000000000000001
001000000000000000000000000000010000000100000000000000000000000000000000000000000000000000000000001000000000000000000000000000000000000000100000000000000000000000000000000000000000000000000001
001000000000000000000000000000010000000100000000000000000000000000000000000000000000000000000000001000000000000000000000000000000000000000100000000000000000000000000000000000000000000000000001
001000000000000000000000000000010000000100000000000000000000000000000000000000000000000000000000001000000000000000001001000010100000000000100000000000000000000000000000000000000000000000000001
001000000000000000000000000000010000000100000000000000000000000000000000000000000000000000001010100010010000000000000001000000100000000000100000000000000000000000000000000000000000000000000001
001000000000000000000000000000010000000100000000000000000000000000000000000000000000000000000010001000010000000000000001000000100000000000100000000000000000000000000000000000000000000000000001
001000000000000000000000000001010000000100000000000000000000000000000000000000000000000000000010011000010000000000000001000000100000000000100000000000000000000000000000000000000000000000000001
001000000000000000000000000000000000000100000000000000000000000000000000000000000000000000000010000000010000000000000001000000100000000000100000000000000000000000000000000000000000000000000001
001000000000000000000000000000000000000100000000000000000000000000000000000000000000000000000010000000010000000000000001000000100000000000100000000000000000000000000000000000000000000000000001
001000000000000000000000000000000000000100000000000000000000000000000000000000000000000000000010000000010000000000000001000000100000000000100000000000000000000000000000000000000000000000000001
001000000000000000000000000000000000000100000000000000000000000000000000000000000000000000000110010001010000000000000001000000100000000000100000000000000000000000000000000000000000000000000001
001000000000000000000000000000000000000100000000000000000000000000000000000000000000000000000000000000000000000000000001000000100000000000100000000000000000000000000000000000000000000000000001
001000000000000000000000000000000000000100000000000000000000000000000000000000000000000000000000000000000000000000000001000000100000000000100000000000000000000000000000000000000000000000000001
001000000000000000000000000000000000000100000000000000000000000000000000000000000000000000000000000000000000000000000101000001100000000000100000000000000000000000000000000000000000000000000001
001000000000000000000000000000000000000100000000000000000000000000000000000000000000000000000000000000000000000000000000000000000000000000100000000000000000000000000000000000000000000000000001
001000000000000000000000000000000000000100000000000000000000000000000000000000000000000000000000000000000000000000000000000000000000000000100000000000000000000000000000000000000000000000000001
001000000000000000000000000000000000010100000000000000000000000000000000000000000000000000000000000000000000000000000000000000000000000001100000000000000000000000000000000000000000000000000001
001000000000000000000000000000000000000000000000000000000000000000000000000000000000000000000000000000000000000000000000000000000000000000000000000000000000000000000000000000000000000000000001
001000000000000000000000000000000000000000000000000000000000000000000000000000000000000000000000000000000000000000000000000000000000000000000000000000000000000000000000000000000000000000000001
001000000000000000000000000000000000000000000000000000000000000000000000000000000000000000000000000000000000000000000000000000000000000000000000000000000000000000000000000000000000000000000001
011001000100010001000100010001000100010001000100010001000100010001000100010001000100010001000100010001000100010001000100010001000100010001000100010001000100010001000100010001000100010001000101
