101010001000100010001000100010001000100010001000100010001000100010001000100010001000100010001000100010001000100010001000100010001000100010001000100010001001
001000000000000000000000000000000000000000000000101010001001000000000000000000000000000000000000000000000000000000000000000000000000000000000000000000000001
001000000000000000000000000000000000000000000000001000000001000000000000000000000000000000000000000000000000000000000000000000000000000000000000000000000001
001000000000000000000000000000000000000000000000001000000001000000000000000000000000000000000000000000000000000000000000000000000000000000000000000000000001
001000000000000000000000000000000000000000000000001000000001000000000000000000000000000000000000000000000000000000000000000000000000000000000000000000000001
001000000000000000000000000000000000000000000000001000000001000000000000000000000000000000000000000000000000000000000000000000000000000000000000000000000001
001000000000000000000000000000000000000000000000001000000001000000000000000000000000000000000000000000000000000000000000000000000000000000000000000000000001
001000000000000000000000000000000000000000000000011001000101000000000000000000000000000000000000000000000000000000000000000000000000000000000000000000000001
001000000000000000000000000000000000000000000000000000000000000000000000000000000000000000000000000000000000000000000000000000000000000000000000000000000001
001000000000000000000000000000000000000000001010100010010000000000000000000000000000000000000000000000000000000000000000000000000000000000000000000000000001
001000000000000000000000000000000000000000000010000000010000000000000000000000000000000000000000000000000000000000000000000000000000000000000000000000000001
001000000000000000000000000000000000000000000010000000010000000000000000000000000000000000000000000000000000000000000000000000000000000000000000000000000001
001000000000000000000000000000000000000000000010000000010000000000000000000000000000000000000000000000000000000000000000000000000000000000000000000000000001
001000000000000000000000000000000000000000000010000000010000000000000000000000000000000000000000000000000000000000000000000000000000000000000000000000000001
001000000000000000000000000000000000000000000010000000010000000000000000000000000000000000000000000000000000000000000000000000000000000000000000000000000001
001000000000000000000000000000000000000000000110010001010000000000000000000000000000100100000000000000000000000000000000000000000000000000000000000010100001
001000000000000000000000000000000000000000000000000000000000000000000000000000000000000100000000000000000000000000000000000000000000000000000000000000100001
001000000000000000000000000000000000000000000000000000000000000000000000000000000000000100000000000000000000000000000000000000000000000000000000000000100001
001000000000000000000000000000000000000000000000000000000000000000000000000000000000000100000000100100001010000000000000000000000000000000000000000000100001
001000000000000000000000000000000000000000000000000000000000000000000000000000000000000100000000000100000010000000000000000000000000000000000000000000100001
001000000000000000000000000000000000000000000000000000000000000000000000000000000000000100000000000100000010000000000000000000000000000000000000000000100001
001000000000000000000000000000000000000000000000000000000000000000000000000000000000000100000000000100000010000000000000000000000000000000000000000000100001
001000000000000000000000000000000000000000000000000000000000000000000000000000000000000100000000000100000010000000000000000000000000000000000000000000100001
001000000000000000000000000000000000000000000000000000000000000000000000000000000000000100000000000100000010000000000000000000000000000000000000000000100001
001000000000000000000000000000000000000000000000000000000000000000000000000000000000000100000000000100000010000000000000000000000000000000000000000000100001
001000000000000000000000000000000000000000000000000000000000000000000000000000000000000100000000000100000010000000000000000000000000000000000000000000100001
001000000000000000000000000000000000000000000000000000000000000000000000000000000000000100000000000100000010000000000000000000000000000000000000000000100001
001000000000000000000000000000000000000000000000000000000000000000000000000000000000000100000000000100000010000000000000000000000000000000000000000000100001
001000000000000000000000000000000000000000000000000000000000000000000000000000000000000100000000010100000110000000000000101010001000100010010000000000100001
001000000000000000000000000000000000000000000000000000000000000000000000000000000000000100000000000000000000000000000000001000000000000000011001101000100001
001000000000000000000000000000000000000000000000000000000000000000000000000000000000000100000000000000000000000000000000001000000000000000010001001000100001
001000000000000000000000000000000000000000000000000000000000000000000000000000000000000100000000000000000000000000000000001000000000000000010001001000100001
001000000000000000000000000000000000000000000000000000000000000000000000000000000000000100000000000000000000000000000000011001000100010001010001001000100001
001000000000000000000000000000000000000000000000000000000000000000000000000000000000000100000000000000000000000000000000000000000000000000000001001000100001
001000000000000000000000000000000000000000000000000000000000000000000000000000000000000100000000000000000000000000000000000000000000000000000001001000100001
001000000000000000000000000000000000000000000000000000000000000000000000000000000000000100000000000000000000000000000000000000001010100010010001001000100001
001000000000000000000000000000000000000000000000000000000000000000000000000000000000000100000000000000000000000000000000000000000010000000010001001000100001
001000000000000000000000000000000000000000000000000000000000000000000000000000000000000100000000000000000000000000000000000000000010000000010001001000100001
001000000000000000000000000000000000000000000000000000000000000000000000000000000000000100000000000000000000000000000000000000000010000000010101011000100001
001000000000000000000000000000000000000000000000000000000000000000000000000000000000010100000000000000000000000000000000000000000010101010001001000001100001
001000000000000000000000000000000000000000000000000000000000000000000000000000000000000000000000000000000000000000000000000000000010001000010001000000000001
001000000000000000000000000000000000000000000000000000000000000000000000000000000000000000000000000000000000000000000000000000000110001001010001000000000001
001000000000000000000000000000000000000000000000000000000000000000000000000000000000000000000000000000000000000000000000000000000000001000000001000000000001
001000000000000000000000000000000000000000000000000000000000000000000000000000000000000000000000000000000000000000000000000000000000001000000001000000000001
001000000000000000000000000000000000000000000000000000000000000000000000000000000000000000000000000000000000000000000000000000000000001000000001000000000001
001000000000000000000000000000000000000000000000000000000000000000000000000000000000000000000000000000000000000000000000000000000000011001000101000000000001
001000000000000000000000000000000000000000000000000000000000000000000000000000000000000000000000000000000000000000000000000000000000000000000000000000000001
001000000000000000000000000000000000000000000000000000000000000000000000000000000000000000000000000000000000000000000000000000000000000000000000000000000001
001000000000000000000000000000000000000000000000000000000000000000000000000000000000000000000000000000000000000000000000000000000000000000000000000000000001
001000000000000000000000000000000000000000000000000000000000000000000000000000000000000000000000000000000000000000000000000000000000000000000000000000000001
011001000100010001000100010001000100010001000100010001000100010001000100010001000100010001000100010001000100010001000100010001000100010001000100010001000101
