1010100010001000100010001000100010001000100010001000100010001000100010001000100010001000100010001000100010001000100010001000100010001000100010001000100010001000100010001000100010001001
0010000000000000000000000000000000000000000000000000000000000000000000000000000000000000000000000000000000000000000000000000000000000000000000000000000000000000000000000000000000000001
0010000000000000000000000000000010010000000000000000000000000000000000000000000000000000000000000000000000000000000000000000000010100000000000000000000000000000000000000000000000000001
0010000010101000100010001000100010001001000000000000000000000000000000000000000000000000000000000000000000000000000000000000000000100000000000000000000000000000000010101000100100000001
0010000001100100010001000100010001000101000000000000000000000000000000000000000000000000000000000000000000000000000000000000000000100000000000000000000000000000000000100000000100000001
0010000000000000000000000000000000010000000000000000000000000000000000000000000000001010100010010000000000000000000000000000000000100000000000000000000000000000000000100000000100000001
0010000000000000000000000000000000010000000000000000000000000000000000000000000000000010000000010000000000000000000000000000000000100000000000000000000000000000000000100000000100000001
0010000000000000000000000000000000010000000000000000000000000000000000000000000000000010000000010000000000000000000000000000000000100000000000000000000000000000000000100000000100000001
0010000000000000000000000000000000010000000000000000000010010000000000000000000000000010000000010000000000000000000000000000000000100000000000001010000000000000000000100000000100000001
0010000000000000000000000000000000010000000000000000000000010000000010101000100100000010000000010000000000000000000000000000000000100000000000000010000000000000000001100100010100000001
0010000000000000000000000000000000010000000000000000000000010000100100100000000100000010000000010000000000000000000000000000000000100000000000001010000000000000000000000000000000000001
0010000000000000000000000000000000010000000000000000000000010000000100100000000100000110010001010000000000000000000000000000000000100000000000000010000000000000000000000000000000000001
0010000000000000000000000000000000010000000000000000000000010000000100100000000100000000000000000000000000000000000000000000000000100000000000000010000000000000000000000000000000000001
0010000000000000000000000000000000010000000000000000000000010000000100100000000100000000000000001010100010010000000000000000000000100000000000000010000000000000000000000000000000000001
0010000000000000000000000000000000010000000000000000000000010000000100100000000110010000000000000010000000010000000000000000000010100000000000000010000000001010000000000000000000000001
0010000000000000000000000000000000010000000000000000000000010000000101100100010100010000000000000010000000010000000000000000000000100000000000000010000000000010000000000000000000000001
0010000000000000000000000000000000010000000000000000000000010000000100000000000000010000000000000010000000010000101010001001000000100000000000000010000000000010000000000000000000000001
0010000000000000000000000000000000010000000000000000000000010110010001000100010001000100010001010010000000010000001000000001000000100000000000000010000000000010000000000000000000000001
0010000000000000000000000000000000010000000000000000000000010000000100000000000000010000000000000010000000010000001000000001000000100000000000000010000000000010000000000000000000000001
0010000000000000000000000000000000010000000000000000000000010000000100000000000000010000000000000110010001010000001000000001000000100000000000000010000000000010000000000000000000000001
0010000000000000000000000000000000010000000000000000000000010000000100000000000000010000000000000000000000000000001000000001000000100000000000000010101010001001000000000000000000000001
0010000000000000000000000000000000010000000000000000000000010000000100000000000000010000000000000000000000000000001000000001000000100000000000000010001000000001000000000000000000000001
0010000000000000000000000000000000010000000000000000000000010000000100000000000000010000000000000000000000000000011001000101000000100000000000000010001000000001000000000000000000000001
0010000000000000000000000000000000010000000000000000000000010000000100000000000000010000000000000000000000000000000000000000000000100000101010001001001000000001000000000000000000000001
0010000000000000000000000000000000010000000000000000000000010000000100000000000000010000000000000000000000000000000000000000000000100000001000000001001000000001000000000000000000000001
0010000000000000000000000000000000010000000000000000000000010000000100000000000000010000000000000000000000000000000000000000000000100000001000000001001000000001000000000000000000000001
0010000000000000000000000000000000010000000000000000000000010000000100000000000000010000000000000000000000000000000000000000000000100000001000000001011001000101000000000000000000000001
0010000000000000000000000000000000010000000000000000000000010000000100000000000000010000000000000000000000000000000000000000000000100000001000000001000000000010000000000000000000000001
0010000000000000000000000000000000010000000000000000000000010000000100000000000000010000000000000000000000000000000000000000000000100000001000000001000000000010000000000000000000000001
0010000000000000000000000000000000010000000000000000000000010000000100000000000000010000000000000000000000000000000000000000000000100000011001000101000000000010000000000000000000000001
0010000000000000000000000000000000010000000000000000000000010000000100000000000000010000000000000000000000000000000000000000000000100000000000000010000000000010000000000000000000000001
0010000000000000000000000000000000010000000000000000000000010000000100000000000000010000000000000000000000000000000000000000000000100000000000000010000000000010000000000000000000000001
0010000000000000000000000000000000010000000000000000000000010000000100000000000000010000000000000000000000000000000000000000000000100000000000000010000000000010000000000000000000000001
0010000000000000000000000000000000010000000000000000000000010000000100000000000000010000000000000000000000000000000000000000000000100000000000000010000000000010000010101000100100000001
0010000000000000000000000000000001010000000000000000000000010000000100000000000000010000000000000000000000000000000000000000000001100000000000000010101010001001000000100000000100000001
0010000000000000000000000000000000000000000000000000101010001001000100000000000000010000000000000000000000000000000000000000000000000000000000000010001000000001000000100000000100000001
0010000000000000000000000000000000000000000000000000001000010001000100000000000000010000000000000000000000000000000000000000000000000000000000000010001000000001000000100000000100000001
0010000000000000000000000000000000000000000000000000001000010001000100000000000000010000000000000000000000000000000000000000000000000000000000000010001000000001000000100000000100000001
0010000000000000000000000000000000000000000000000000001001010001010100000000000000010000000000000000000000000000000000000000000000000000000000000110001000000001000000100000000100000001
0010000000000000000000000000000000000000000000000000001000000001000000000000000000010000000000000000000000000000000000000000000000000000000000000000001000000001000001100100010100000001
0010000000000000000000000000000000000000000000000000001000000001000000000000000000010000000000000000000000000000000000000000000000000000000000000000011001000101000000000000000000000001
0010000000000000000000000000000000000000000000000000011001000101000000000000000001010000000000000000000000000000000000000000000000000000000000000000000000000110000000000000000000000001
0110010001000100010001000100010001000100010001000100010001000100010001000100010001000100010001000100010001000100010001000100010001000100010001000100010001000100010001000100010001000101
