1010100010001000100010001000100010001000100010001000100010001000100010001000100010001000100010001000100010001000100010001000100010001000100010001001
0010000000000000000000000001000000000000000000000000000000000000000000000010000000000000000000000000000000000000000000000000000000000000000000100001
0010000000000000000000000001000000000000000000000000000000000000000000000010000000000000000000000000000000000000000000000000000000000000000000100001
0010000000000000000000000001000000000000000000000000000000000000000000000010000000000000000000000000000000000000000000000000000000000000000000100001
0010000000000000000000000001000000000000000000000000000000000000000000000010000000000000000000000000000000000000000000000000000000000000000000100001
0010000000000000000000000001000000000000000000000000000000000000000000000010000000000000000000000000000000000000000000000000000000000000000000100001
0010000000000000000000000001000000000000000000000000000000000000000000000010000000000000000000000000000000000000000000000000000000000000000000100001
0010000000000000000000000001000000000000000000000000000000000000000000000010000000000000000000000000000000000000000000000000000000000000000000100001
0010000000000000000000000001000000000000000000000000000000000000000000000010000000000000000000000000000000000000000000000000000000000000000000100001
0010000000000000000000000001000000000000000000000000000000001001000000000010000000000000000000000000000010100000000000000000000000000000000000100001
0010000000000000000000000001000000000000000000000000000000000001000000000010000000000000000000000000000000100000000000000000000000000000000000100001
0010000000000000000000000001000000000000000000000000000000000001000010010010000000000000000000000000000000100000000000001010000000000000000000100001
0010000000000000000000000001000000000000000000000000000000000001000000010010000000000000000000000000000000100000000000000010000000000000000000100001
0010000000000000000000000001000000000000000000000000000000000001000000010010000000000000000000000000000000100000000000000010000000000000000000100001
0010000000001010100010010001000000000000000000000110010001000100010001000100010001000100010001000100010001000100010001000100010001000100010100100001
0010000000000010000000010001000000000000000000000000011001000100010001000100010001000100010001000100010001000100010001000100010001000101000000100001
0010000000000010000000010001000000000000000000000000000000000001000000010010000000000000000000000000000000100000000000000010000000000000000000100001
0010000000000010000000010001000000000000000000000000000000000001000000010010000000000000000000000000000000100000000000000010000000000000000000100001
0010000000000010000000010001000000000000000000000000000000000001000000010010000000000000000000000000000000100000000000000010000000000000000000100001
0010000000000010000000010001000000000000000000000000000000000001000000010010000000000000000000000000000000100000000000000010000000000000000000100001
0010000000000110010001010001000000000000000000000000000000000001000000010110000000000000000000000000000000100000000000000010000000000000000000100001
0010000000000000000000000001000000000000000000000000000000000001000000010000000000000000000000000000000000100000000000000010000000000000000000100001
0010000000000000000000000001000000000000000000000000000000000001000000010000000000000000000000000000000000100000000000000010000000000000000000100001
0010000000000000000000000001000000000000000000000000000000000001000000010000000000000000000000000000000000100000000000000010000000000000000000100001
0010000000000000000000000001000000000000000000000000000000000001000000010000000000000000000000000000000000100000000000000010000000000000000000100001
0010000000000000000000000001000000000000000000000000000000000001000000010000000000000000000000000000000000100000000000000010000000000000000000100001
0010000000000000000000000001000000000000000000000000000000000001000000010000000000000000000000000000000000100000000000000010000000000000000000100001
0010000000000000000000000001000000000000000000000000101010001000100010001000100010001000100010001000100010001000100010001000100010001001000000100001
0010000000000000000000000001000000000000000000001010100010001000100010001000100010001000100010001000100010001000100010001000100010001000100100100001
0010000000000000000000000001000000000000000000000000000000000000000000010000000000000000000000000000000000000000000000000010000000000000000000100001
0010000000000000000000000001101010001001000000000000000000000000000000010000000000000000000000000000000000000000000000000010000000000000000000100001
0010000000000000000000000001001000000001000000000000000000000000000000010000000000000000000000000000000000000000000000000010000000000000000000100001
0010000000000000000000000001001000000001000000000000000000000000000001010000000000000000000000000000000000000000000000000110000000000000000000100001
0010000000000000000000000001001000000001000000000000000000000000000000000000000000000000000000000000000000000000000000000000000000000000000000100001
0010000000000000000000000001001000000001000000000000000000000000000000000000000000000000000000000000000000000000000000000000000000000000000000100001
0010000000000000000000000001001000000001000000000000000000000000000000000000000000000000000000000000000000000000000000000000000000000000000000100001
0010000000000000000000000001011001000101000000000000000000000000000000000000000000000000000000000000000000000000000000000000000000000000000000100001
0010000000000000000000000101000000000000000000000000000000000000000000000000000000000000000000000000000000000000000000000000000000000000000001100001
0010000000000000000000000000000000000000000000000000000000000000000000000000000000000000000000000000000000000000000000000000000000000000000000000001
0010000000000000000000000000000000000000000000000000000000000000000000000000000000000000000000000000000000000000000000000000000000000000000000000001
0010000000000000000000000000000000000000000000000000000000000000000000000000000000000000000000000000000000000000000000000000000000000000000000000001
0010000000000000000000000000000000001010100010010000000000000000000000000000000000000000000000000000000000000000000000000000000000000000000000000001
0010000000000000000000000000000000000010000000010000000000000000000000000000000000000000000000000000000000000000000000000000000000000000000000000001
0010000000000000000000000000000000000010000000010000000000000000000000000000000000000000000000000000000000000000000000000000000000000000000000000001
0010000000000000000000000000000000000010000000010000000000000000000000000000000000000000000000000000000000000000000000000000000000000000000000000001
0010000000000000000000000000000000000010000000010000000000000000000000000000000000000000000000000000000000000000000000000000000000000000000000000001
0010000000000000000000000000000000000010000000010000000000000000000000000000000000000000000000000000000000000000000000000000000000000000000000000001
0010000000000000000000000000000000000110010001010000000000000000000000000000000000000000000000000000000000000000000000000000000000000000000000000001
0010000000000000000000000000000000000000000000000000000000000000000000000000000000000000000000000000000000000000000000000000000000000000000000000001
0010000000000000000000000000000000000000000000000000000000000000000000000000000000000000000000000000000000000000000000000000000000000000000000000001
0010000000000000000000000000000000000000000000000000000000000000000000000000000000000000000000000000000000000000000000000000000000000000000000000001
0010000000000000000000000000000000000000000000000000000000000000000000000000000000000000000000000000000000000000000000000000000000000000000000000001
0110010001000100010001000100010001000100010001000100010001000100010001000100010001000100010001000100010001000100010001000100010001000100010001000101
