101010001000100010001000100010001000100010001000100010001000100010001000100010001000100010001000100010001000100010001000100010001000100010001000100010001000100010001001
001000000000000000000000000000000000000000000000000000000000000000000000000000000000000000000000000000000000000000000000000000000000000000000000000000000000000000000001
001000000000000000000000000000000000000000000000000000000000000000000000000000000000000000000000000000000000000000000000000000000000000000000000000000000000000000000001
001000000000000000000000000000000000000000000000000000000000000000000000000000000000000000000000000000000000000000000000000000000000000000000000000000000000000000000001
001000000000000000000000000000000000000000000000000000000000000000000000000000000000000000000000000000000000000000000000000000000000000000000000000000000000000000000001
001000000000000000000000000000000000000000001001000000000000000000000000000000000000000000000000000000001010000000000000000000000000000000000000000000000000000000000001
001000000000000000000000000000000000000000000001000000000000000000000000000000000000000000000000000000000010000000000000000000000000000000000000000000000000000000000001
001000000000000000000000000000000000000000000001000000000000000000000000000000000000000000000000000000000010000010101000100100000000000000000000000000000000000000000001
001000000000000000000000000000000000000000000001000000000000000000000000000000000000000000000000000000000010000000100000000100000000000000000000000000000000000000000001
001000000000000000000000000000000000000000000001000000000000000000000000000000000000000000000000000000000010000000100000000100000000000000000000000000000000000000000001
001000000000000000000000000000000000000000000001000000000000000000000000000000000000000000000000000000000010000000100000000100000000000000000000000000000000000000000001
001000000000000000000000000000000000000000000001000000000000000000000000000000000000000000000000000000000010000000100000000100000000000000000000000000000000000000000001
001000000000000000000000000000000000000000000001000000000000000000000000000000000000000000000000000000000010000000100000000100000000000000000000000000000000000000000001
001000000000000000000000000000000000000000000001000000000000000000000000000000000000000000000000000000000010000001100100010100000000000000000000000000000000000000000001
001000000000000000000000000000000000000000000001000000000000000000000000000000001001000000000000000000000010000000001010000000000000000000000000000000000000000000000001
001000000000000000000000000000000000000000000001000000000000000000000000000000000001000000000000000000000010000000000010000000000000000000000000000000000000000000000001
001000000000000000000000000000000000000000000001000000000000000000000000000000000001000000000000000000000010000000000010000000000000000000000000000000000000000000000001
001000000000000000000000000000000000000000000001000000000000000000000000000000000001000000000000000000000010000000000010000000000000000000000000000000000000000000000001
001000000000000000000000000000000000000000000001000000000000000000000000000000000001000000000000000000000010000000000010000000000000000000000000000000000000000000000001
001000000000000000000000000000000000000000000001000000000000000000000000000000000001000000001010100010010010000000000010000000000000000000000000000000000000000000000001
001000000000000000000000000000000000000000000001000000000000000000000000000000000001000000000010000010101001000000000010000000000000000000000000000000000000000000000001
001000000000000000000000000000000000000010101000100100000000000000000000000000000001000000000010000000100001000000000010000000000000000000000000000000000000000000000001
001000000000000000000000000000000000000000100001000100000000000000000000000000000001000000000010000000100001000000000010000000000000000000000000000000000000000000000001
001000000000000000000000000000000000000000100001000100000000000000000000000000000001000000000010000000100001000000000010000000000000000000000000000000000000000000000001
001000000000000000000000000000000000000000100001000100000000000000000000000000000001000000000010000000100001000000000010000000000000000000000000000000000000000000000001
001000000000000000000000000000000000000000100001000100000000000000000000000000000001000000000110010000100001000000000010000000000000000000000000000000000000000000000001
001000000000000000000000000000000000000000100001000100000000000000000000000000000001000000000000000000100001000000000010000000000000000000000000000000000000000000000001
001000000000000000000000000000000000000001100100010100000000000000000000000000000001000000000000000001100101000000000010000000001010100100000000000000000000000000000001
001000000000000000000000000000000000000000000101000000000000000000000000000000000001000000000000000000000110000000000010000000000010000100000000000000000000000000000001
001000000000000000000000000000000000000000000000000000000000000000000000000000000001000000000000000000000000000000000010000000000010000100000000000000000000000000000001
001000000000000000000000000000000000000000000000000000000000000000000000000000000001000000000000000000000000000000000010000000000010000100000000000000000000000000000001
001000000000000000000000000000000000000000000000000000000000000000000000000000000101000000000000000000000000000000000110010001000100010001000100010001010000000000000001
001000000000000000000000000000000000000000000000000000000000000000000000000000000000000000000000000000000000000000000000000000000010000100000000000000000000000000000001
001000000000000000000000000000000000000000000000000000000000000000000000000000000000000000000000000000000000000000000000000000000010101010001001000000000000000000000001
001000000000000000000000000000000000000000000000000000000000000000000000000000000000000000000000000000000000000000000000000000000110001000000001000000000000000000000001
001000000000000000000000000000000000000000000000000000000000000000000000000000000000000000000000000000000000000000000000000000000000001000000001000000000000000000000001
001000001010100010010000000000000000000010101000100100000000000000000000000000000000000000000000000000000000000000000000000000000000001000000001000000000000000000000001
001000000010000000010000000000000000000000100000000100000000000000000000000000000000000000000000000000000000000000000000000000000000001000000001000000000000000000000001
001000000010000000010000000000000000000000100000000100000000000000000000000000000000000000000000000000000000000000000000000000000000001000000001000000000000000000000001
001000000010000000010000000000000000000000100000000100000000000000000000000000000000000000000000000000000000000000000000000000000000011001000101000000000000000000000001
001000000010000000010000000000000000000000100000000100000000000000000000000000000000000000000000000000000000000000000000000000000000000000000000000000000000000000000001
001000000010000000010000000000000000000000100000000100000000000000000000000000000000000000000000000000000000000000000000000000000000000000000000000000000000000000000001
001000000110010001010000000000000000000001100100010100000000000000000000000000000000000000000000000000000000000000000000000000000000000000000000000000000000000000000001
001000000000000000000000000000000000000000000000000000000000000000000000000000000000000000000000000000000000000000000000000000000000000000000000000000000000000000000001
001000000000000000000000000000000000000000000000000000000000000000000000000000000000000000000000000000000000000000000000000000000000000000000000000000000000000000000001
001000000000000000000000000000000000000000000000000000000000000000000000000000000000000000000000000000000000000000000000000000000000000000000000000000000000000000000001
011001000100010001000100010001000100010001000100010001000100010001000100010001000100010001000100010001000100010001000100010001000100010001000100010001000100010001000101
