101010001000100010001000100010001000100010001000100010001000100010001000100010001000100010001000100010001000100010001000100010001000100010001001
001000000000000000000000000000000000000000000000000000000000000000000000000000000000000000000000000000000000000000000000000000000000000000000001
001000000000000000000000000000000000000000000000000000000000000000000000000000000000000000000000000000000000000000000000000000000000000000000001
001000000000000000000000000000000000000000000000000000000000000000000000000000000000000000000000000000000000000000000000000000000000000000000001
001000000000000000000000000000000000000000000000000000000000000000000000000000000000000000000000000000000000000000000000000000000000000000000001
001000000000000000000000000000000000000000000000000000000000000000000000000000000000000000000000000000000000000000000000000000000000000000000001
001000000000000000000000000000000000000000000000000000000000000000000000000000000000000000000000000000000000000000000000000000000000000000000001
001000000000000000000000000000000000000000000000000000000000000000000000000000000000000000000000000000000000000000000000000000000000000000000001
001000000000000000000000000000000000000000000000000000000000000000000000000000000000000000000000000000000000000000000000000000000000000000000001
001000000000000000000000000000000000000000000000000000000000100100000000000000000000000000000000000000000000000000000000101010100000000000000001
001000000000000000000000000000000000000000000000000000000000101010001001000000000000000000000000000000000000000000000000001000100000000000000001
001000000000000000000000000000000000000000000000000000000000001000001001000000000000000000000000000000000000000000000000001000100000101000000001
001000000000000000000000000000000000000000000000000000000000001000000001000000000000000000000000000000000000000000000000001000100000001000000001
001000000000000000000000101010001001000000000000000000000000001000000001000010010000000000000000000000000000000000000000001000100000001010100001
001000000000000000000000001000000001000000000000000000000000001000000001000000010000000000000000000000000000000000000000001000100000001000100001
001000000000000000000000001000000001000000000000000000000000001000001010100010010000000000000000000000000000000000000000001000100000001000100001
001000000000000000000000001000000001000000000000000000000000011001000010000000010000000000000000000000001010100010010000001000100000001000100001
001000000000000000000000001000000001000000000000000000000000000100000010000000010000000000000000000000000010000000010000001000100000001000100001
001000000000000000000000001000000001000000000000000000000000000100000010000000010000000000000000000000000010000000010000001000100000001000100001
001000000000000000000000011001000101000000000000000000000000000100000010000000010000000000000000000000000010000000010000001000100000001000100001
001000000000000000000000000000000000000000000000000000000000000100000010000000010000000000000000000000000010000000010000001000100000001000100001
001000000000000000000000000000000000000000000000000000000000000100000110010001010000000000000000000000000010000000010000001000100000001000100001
001000000000000000000000000010101000100100000000000000000000000100000001000000010000000000000000000000000110010001010000001000100000001000100001
001000000000000000000000000000100000000100000000000000000000000100000001000000010000000000000000000000000000000000000000001000100000001000100001
001000000000000000000000000000100000000100000000000000000000000100000001000000010000000000000000000000000000000000000000001000100000001000100001
001000000000000000000000000000100000000100000000000000000000000100000001000000010000000000000110010001000100010001000100010001000100010001010001
001000000000000000000000000000100000000100000000000000000000000100000001000000010000000000000000000000000000000000000000001000100000001000100001
001000000000000000000000000000100000000100000000000000000000000100000001000000010000000000000000000000000000000000000000001000100000001000100001
001000000000000000000000000001100100010100000000000000000000000100000001000000010000000000001010100010001000100010001000100010001000100010010001
001000000000000000000000000000000000000000000000000000000000000100000001000000010000000000000000000000000000000000000000001000100000001000100001
001000000000000000000000000000000000000000000000000000000000000100000001000000010000000000000000000000000000000000000000001000100000001000100001
001000000000000000000000000000000000000000000000000000000000000100000001000000010000000000000000000000000000000000000000001000100000001000100001
001000000000000000000000000000000000000000000000000000000000000100000001000000010000000000000000000000000000000000000000011000100000001000100001
001000000000000000000000000000000000000000000000000000000000010100000001000000010000000000000000000000000000000000000000000001100000001000100001
001000000000000000000000000000000000000000000000000000000000000000000001000000010000000000000000000000000000000000000000000000000000001000100001
001000000000000000000000000000000000000000000000000000000000000000000101000000010000000000000000000000000000000000000000000000000000011000100001
001000000000000000000000000000000000000000000000000000000000000000000000000001010000000000000000000000000000000000000000000000000000000001100001
001000000000000000000000000000000000000000000000000000000000000000000000000000000000000000000000000000000000000000000000000000000000000000000001
001000000000000000000000000000000000000000000000000000000000000000000000000000000000000000000000000000000000000000000000000000000000000000000001
001000000000000000000000000000000000000000000000000000000000000000000000000000000000000000000000000000000000000000000000000000000000000000000001
001000000000000000000000000000000000000000000000000000000000000000000000000000000000000000000000000000000000000000000000000000000000000000000001
001000000000000000000000000000000000000000000000000000000000000000000000000000000000000000000000000000000000000000000000000000000000000000000001
001000000000000000000000000000000000000000000000000000000000000000000000000000000000000000000000000000000000000000000000000000000000000000000001
001000000000000000000000000000000000000000000000000000000000000000000000000000000000000000000000000000000000000000000000000000000000000000000001
001000000000000000000000000000001010100010010000000000000000000000000000000000000000000000000000000000000000000000000000000000000000000000000001
001000000000000000000000000000000010000000010000000000000000000000000000000000000000000000000000000000000000000000000000000000000000000000000001
001000000000000000000000000000000010000000010000000000000000000000000000000000000000000000000000000000000000000000000000000000000000000000000001
001000000000000000000000000000000010000000010000000000000000000000000000000000000000000000000000000000000000000000000000000000000000000000000001
001000000000000000000000000000000010000000010000000000000000000000000000000000000000000000000000000000000000000000000000000000000000000000000001
001000000000000000000000000000000010000000010000000000000000000000000000000000000000000000000000000000000000000000000000000000000000000000000001
001000000000000000000000000000000110010001010000000000000000000000000000000000000000000000000000000000000000000000000000000000000000000000000001
001000000000000000000000000000000000000000000000000000000000000000000000000000000000000000000000000000000000000000000000000000000000000000000001
001000000000000000000000000000000000000000000000000000000000000000000000000000000000000000000000000000000000000000000000000000000000000000000001
001000000000000000000000000000000000000000000000000000000000000000000000000000000000000000000000000000000000000000000000000000000000000000000001
011001000100010001000100010001000100010001000100010001000100010001000100010001000100010001000100010001000100010001000100010001000100010001000101
