1010100010001000100010001000100010001000100010001000100010001000100010001000100010001000100010001000100010001000100010001000100010001000100010001000100010001000100010001000100010001001
0010000000000000000000000000000000000000000000000000000000000000000000000000000000000000000000000000000000000000000000000000000000001010100010010000000000000000000000000000000000000001
0010000000000000000000000000000000000000000000000000000000000000000000000000000000000000000000000000000000000000000000000000000000000010000000010000000000000000000000000000000000000001
0010000000000000000000000000000000000000000000000000000000000000000000000000000000000000000000000000000000000000000000000000000000000010000000010000000000000000000000000000000000000001
0010000000000000000000000000000000000000000000000000000000000000000000000000000000000000000000000000000000000000000000000000000000000010000000010000000000000000000000000000000000000001
0010000000000110010001000100010001000100010001000101000000000000000000000000000000000000000000000000000000000000000000000000000000000010000000010000000000000000000000000000000000000001
0010000000001010100010001000100010001000100010001001000000000000000000000000000000000000000000000000000000000000000000000000000000000010000000010000000000000000000000000000000000000001
0010000000000000000000000000000000000000000000000000100110100000000000000000000000000000000000000000000000000000000000000000000000000110010001010000000000000000000000000000000000000001
0010000000000000000010101000100100000000000000000000000100100000000000000000000000000000000000000000000000000000000000000000000000000000000000000000000000000000000000000000000000000001
0010000000000000000000100000000100000000000000000000000100100000000000000000000000000000000000000000000000000000000000000000000000000000000000000000000000000000000000000000000000000001
0010000000000000000000100000000100000000000000000000000100100000000000000000000000000000000000000000000000000000000000000000000000000000000000000000000000000000000000000000000000000001
0010000000000000000000100000000100000000000000000000000100100000000000000000000000000000000000000000000000000000000000000000000000000000000000000000000000000000000000000000000000000001
0010000000000000000000100000000100000000000000000000000100100000000000000000000000001010100010010000000000000000000000000000000000000000000000000000000000000000000000000000000000000001
0010000000000000000000100000000100000000000000000000000100100000000010101000100100000010000000010000000000000000000000000000000000000000000000000000000000000000000000000000000000000001
0010000000000000000001100100010100000000000000000000000100100000000000100000000100000010000000010000000000000000000000000000000000000000000000000000000000000000000000000000000000000001
0010000000000000000000000000000000000000000000000000000100100000000000100000000100000010000000010000000000000000000000000000000000000000000000000000000000000000000000000000000000000001
0010000000000000000000000000000000000000000000000000010101100000000000100000000100000010000000010000000000000000000000000000000000000000000000000000000000000000000000000000000000000001
0010000000000000000000000000000000000000000000000000000000000000000000100000000100000010000000010000000000000000000000000000000000000000000000000000000000000000000000000000000000000001
0010000000000000000000000000000000000000000000000000000000000000000000100000000100000110010001010000000000000000000000000000000000000000000000000000000000000000000000000000000000000001
0010000000000000000000000000000000000000000000000000000000000000000001100100010100000000000000000000100100000000000000000000000000000000000000001010000000000000000000000000000000000001
0010000000000000000000000000000000000000000000000000000000000000000000000000000000000000000000000000000110010000000000000000000000000000000000001010000000000000000000000000000000000001
0010000000000000000000000000000000000000000000000000000000000000000000000000000000000000000000000000000100010000000000000000000000000000000000000010000000000000000000000000000000000001
0010000000000000000000000000000000000000000000000000000000000000000000000000000000000000000000000000000100010000000000000000000000000000000000000010000000000000000000000000000000000001
0010000000000000000000000000000000000000000010101000100100000000000000000000000000000000000000000000000100010000000000000000000000000000000000000010000000000000000000000000000000000001
0010000000000000000000000000000000000000000000100000000100000000000000000000000000000000000000000000000100010000000000000000000000000000000000000010000000000000000000000000000000000001
0010000000000000000000000000000000000000000010101000100100000000000000000000000000000000000000000000000100010000000000000000000000000000000000000010000000000000000000000000000000000001
0010000000000000000000000000000000000000000000100000000100000000000000000000000000000000000000000000000100010000000000000000000000000000000000000010000000000000000000000000000000000001
0010000000000000000000000000000000000000000000100000000100001010100010010000000000000000000000000000000100010000000000000000000000000000000000000010000000000000000000000000000000000001
0010000000000000000000000000000000000000000000100000000100000010000000010000000000000000000000000000000100010000000000000000000000000000000000000010000000000000000000000000000000000001
0010000000000000000000000000000000000000000000100100000100000010000000010000000000000000000000000000000100010000000000000000000000000000000000000010000000000000000000000000000000000001
0010000000000000000000000000000000000000000000100000000100000010000000010000000000000000000000000000000100010000000000000000000000000000000000000010000000000000000000000000000000000001
0010000000000000000000000000000000000000000001100100010100000010000000010000000000000000000000000000000100010000000000000000000000000000000000000010000000000000000000000000000000000001
0010000000000000000000000000000000000000000000000000000000000010000000010000000000000000000000000000000100010000000000000000000000000000000000000010000000000000000000000000000000000001
0010000000000000000000000000000000000000000000000000000000000110010001010000000000000000000000000000000100010000000000000000000000000000000000000010000000000000000000000000000000000001
0010000000000000000000000000000000000000000000000000000000000000000000000000000000000000000000000000000100010000000000000000000000000000000000000010000000000000000000000000000000000001
0010000000000000000000000000000000000000000000000000000000000000000000000000000000000000000000000000000100010000000000000000000000000000000000000010000000000000000000000000000000000001
0010000000000000000000000000000000000000000000000000000000000000000000000000000000000000000000000000000100010000000000000000000000000000000000000010000000000000000000000000000000000001
0010000000000000000000000000000000000000000000000000000000000000000000000000000000000000000000000000000100010000000000000000000000000000000000000010000000000000000000000000000000000001
0010000000000000000000000000000000000000000000000000000000000000000000000000000000000000000000000000010101010000000000000000000000000000000000000110000000000000000000000000000000000001
0010000000000000000000000000000000000000000000000000000000000000000000000000000000000000000000000000000000000000000000000000000000000000000000000000000000000000000000000000000000000001
0010000000000000000000000000000000000000000000000000000000000000000000000000000000000000000000000000000000000000000000000000000000000000000000000000000000000000000000000000000000000001
0010000000000000000000000000000000000000000000000000000000000000000000000000000000000000000000000000000000000000000000000000000000000000000000000000000000000000000000000000000000000001
0110010001000100010001000100010001000100010001000100010001000100010001000100010001000100010001000100010001000100010001000100010001000100010001000100010001000100010001000100010001000101
