1010100010001000100010001000100010001000100010001000100010001000100010001000100010001000100010001000100010001000100010001000100010001000100010001000100010001000100010001001
0010000000000000000000000000000000000000000000000000000000000000000000000000000000000000000000000000000000000000000000000000000000000000000000100000000100000000000000000001
0010000000000000000000000000000000000000000000000000000000000000000000000000000000000000000000000000000000000000000000000000000000000000000000100000000100000000000000000001
0010000000000000000000000000000000000000000000000000000000000000000000000000000000000000000000000000000000000000000000000000000000000000000000100000000100000000000000000001
0010000000000000000000000000000000000000000000000000000000000000000000000000000000000000000000000000000000000000000000000000000000000000000000100000000100000000000000000001
0010000000000000000000000000000000000000000000000000000000000000000000000000000000000000000000000000000000000000000000000000000000000000000000100000000100000000000000000001
0010000000000000000000000000000000000000000000001001000000000000000000000000000000000000000000000000000010100000000000000000000010101000101001100100010100000000000000000001
0010000000000000000000000000000000000000000000000001000000000000000000000000000000000000000000000000000000100000000000000000000000100000001000000000000000000000000000000001
0010000000000000000000000000000000000000000000000001000000000000000000000000000000000000000000000000000000100000000000000000000000100000001000000000000000000000000000000001
0010000000000000000000000000011001000100010001000100010001000100010001000100010001000100010001000100010001000100010001000100010001010000001000000000000000000000000000000001
0010000000000000000000000000000000000000000000000001000000000000000000000000000000000000000000000000000000100000000000000000000000100000001000000000000000000000000000000001
0010000000000000000000000000000000000000000000000001000000000000000000000000000000000000000000000000000000100000000000000000000000100000001000000000000000000000000000000001
0010000000000000000000000000000000000000000000000001000000000000000000000000000000000000000000000000000000100000000000000000000001100100001000000000000000000000000000000001
0010000000000000000000000000000000000000000000000001000000000000000000000000000000000000000000000000000000100000000000000000000000000000001000000000000000000000000000000001
0010000000000000000000000000000000000000000000000001000000000000000000000000000000000000101010001001000000100000000000000000000000000000001000000000000000000000000000000001
0010000000000000000000000000000000000000000000000001000000000000000000000000000000000000001000000001000000100000000000000000000000000000001000000000000000000000000000000001
0010000000000000000000000000000000000000000000000001000000000000000000000000000000000000001000000001000000100000000000000000000000000000001000000000000000000000000000000001
0010000000000000000000000000000000000000000000000001000000000000000000000000000000000000001000000001000000100000000000000000000000000000001000000000000000000000000000000001
0010000000000000000000000000000000000000000000000001000000000000000000000000000000000000001000000001000000100000000000000000000000000000001000000000000000000000000000000001
0010000000000000000000000000000000000000000000000001000000000000000000000000000000000000001000000001000000100000000000000000000000000000001000000000000000000000000000000001
0010000000000000000000000000000000000000000000000001000000000000000000000000000000000000011001000101000000100000000000000000000000000000001000000000000000000000000000000001
0010000000000000000000000000000000000000000000000001000000000000000000000000000000000000000000000000000000100000000000000000000000000000001000000000000000000000000000000001
0010000000000000000000000000000000000000000000000001000000000000000000000000000000000000000000000000000000100000000000000000000000000000001000000000000000000000000000000001
0010000000000000000000000000000000000000000000000001101010001001000000000000000000000000000000000000000000100000000000000000000000000000001000000000000000000000000000000001
0010000000000000000000000000000000000000000000000001001000000001000000000000000000000000000000000000000000100000000000000000000000000000001000000000000000000000000000000001
0010000000000000000000000000000010101000100100000001001000000001000000000000000000000000000000000000000000100000000000000000000000000000001000000000000000000000000000000001
0010000000000000000000000000101010001000100010001000100010001000100010001000100010001000100010001000100010001000100010001000100010010000001000000000000000000000000000000001
0010000000000000000000000000000000100000000100000001001000000001000000000000000000000000000000000000000000100000000000000000000000000000001000000000000000000000000000000001
0010000000000000000000000000000000100000000100000001001000000001000000000000000000000000000000000000000001100000000000000000000000000000001000000000000000000000000000000001
0010000000000000000000000000000000100000000100000001011001000101000000000000000000000000000000000000000000000000000000000000000000000000001000000000000000000000000000000001
0010000010101000100100000000000000100000000100000001000000000000000000000000000000000000000000000000000000000000011001000100010001000100010001000100010001000101000000000001
0010000000100000000100000000000001100100010100000001000000000000000000000000000000000000000000000000000000000000000000000000000000000000001000000000000000000000000000000001
0010000000100000000100000000000000000000000000000001000000000000000000000000000000000000000000000000000000000000000000000000000000000000001000000000000000000000000000000001
0010000000100000000100000000000000000000000000000001000000000000000000000000000000000000000000000000000000000000101010001000100010001000100010001000100010001001000000000001
0010000000100000000100000000000000000000000000000001000000000000000000000000000000000000000000000000000000000000000000000000000000000000001000000000000000000000000000000001
0010000000100000000100000000000000000000000000000001000000000000000000000000000000000000000000000000000000000000000000000000000000000000001000000000000000000000000000000001
0010000001100100010100000000000000000000000000000101000000000000000000000000000000000000000000000000000000000000000000000000000000000000011000000000000000000000000000000001
0010000000000000000000000000000000000000000000000000000000000000000000000000000000000000000000000000000000000000000000000000000000000000000000000000000000000000000000000001
0010000000000000000000000000000000000000000000000000000000000000000000000000000000000000000000000000000000000000000000000000000000000000000000000000000000000000000000000001
0010000000000000000000000000000000000000000000000000000000000000000000000000000000000000000000000000000000000000000000000000000000000000000000000000000000000000000000000001
0010000000000000000000000000000000000000000000000000000000000000000000000000000000000000000000000000000000000000000000000000000000000000000000000000000000000000000000000001
0010000000000000000000000000000000000000000000000000000000000000000000000000000000000000000000000000000000000000000000000000000000000000000000000000000000000000000000000001
0010000000000000000000000000000000000000000000000000000000000000000000000000000000000000000000000000000000000000000000000000000000000000000000000000000000000000000000000001
0010000000000000000000000000000000000000000000000000000000000000000000000000000000000000000000000000000000000000000000000000000000000000000000000000000000000000000000000001
0010000000000000000000000000000000000000000000000000000000000000000000000000000000000000000000000000000000000000000000000000000000000000000000000000000000000000000000000001
0110010001000100010001000100010001000100010001000100010001000100010001000100010001000100010001000100010001000100010001000100010001000100010001000100010001000100010001000101
