10101000100010001000100010001000100010001000100010001000100010001000100010001000100010001000100010001000100010001000100010001000100010001001
00100000000000000000000000000000000000000000000000000000000000000000000000000000000000000000000000000000000000000000000000000000000000000001
00100000000000000000000000000000000000000000000000000000000000000000000000000000000000000000000000000000000000000000000000000000000000000001
00100000000000000000000000001010100010010000000000000000000000000000000000000000000000000000101000000000000000000000000000000000000000000001
00100000000000000000000000000010000000010000000000000000000000000000000000000000000000000000001000000000000000000000000000000000000000000001
00100000000000000000000000000010000000010000000000000000000000000000000000000000000000000000001000000000000000000000000000000000000000000001
00100000000000000110010001000100010001000100010001000100010001000100010001000100010001000100010001000100010001000100010100000000000000000001
00100000000000000000000000000010000000010000000000000000000000000000000000000000000000000000001000000000000000000000000010101000100100000001
00100000000000000000000000000010000000010000000000000000000000000000000000000000000000000000001000000000000000000000000000100000000100000001
00100000000000000000000000000110010000010000000000000000000000000000000000000000000000000000001000000000000000000000000000100000000100000001
00100000000000000000000000000000000000010000000000000000000000000000000000000000000000000000001000000000000000000000000000100000000100000001
00100000000000000000000000000000000000010000000000000000000000000000000000000000000000000000001000000000000000000000000000100000000100000001
00100000000000000000000000000000000000010000000000000000000000000000000000000000000000000000001000000000000000000000000000100000000100000001
00100000000000000000000000000000000000010000000000000000000000000000000000000000000000000000001000000000000000000000000001100100010100000001
00100000000000000000000000000000000000010000000000000000000000000000000000000000000000000000001000000000000000000000000000000000000000000001
00101010100010010000000000000000000000010000000000000000000000001010100010001000100010010000001000000000000000000000000000000000000000000001
00100010000000010000000000000000000000010000000000000000000000000010000000000000000000010000001000000000000000000000000000000000000000000001
00100010000000010000000000000000000000010000000000000000000000000010000000000000000000010000100100000000000000000000000000000000000010100001
00100010000000010000000000000000000000010000000000000000000000000110010001000100010001010000000100000000000000000000000000000000000000100001
00100010000000010000000000000000000000010000000000000000000000000000000000000000000000000000000100000000000000000000000000000000000000100001
00100010000000010000000000000000000000010000000000000000000000000000000000000000000000000000000100000000000000000000000000000000000000100001
00100110010001010000000000000000000000010000000000000000000000000000000000000000000000000000000100000000000000000000000000000000000000100001
00100000000000000000000000000000000000010000000000000000000000000000000000000000000000000000000100000000000000000000000000000000000000100001
00100000000000001010100010001000100010001000100010001000100010001000100010001000100010001000100010001000100010001000100100000000000000100001
00100000000000000000000000000000000000010000000000000000000000000000000000000000000000000000000100000000000000000000000000000000000000100001
00100000000000000000000000000000000001010000000000000000000000000000000000000000000000000000000100000000000000000000000000000000000000100001
00100000000000000000000000000000000000000000000000000000000000000000000000000000000000000000000100000000000000000000000000000000000000100001
00100000000000000000000000000000000000000000000000000000000000000000000000000000000000000000000100000000000000000000000000000000000000100001
00100000000000000000000000000000000000000000000000000000000000000000000000000000000000000000000100000000000000000000000000000000000000100001
00100000000000000000000000000000000000000000000000000000000000000000000000000000000000000000000100000000000000000000000000000000000000100001
00100000000000000000000000000000000000000000000000000000000000000000000000000000000000000000000100000000000000000000000000000000000000100001
00100000000000000000000000000000000000000000000000000000000000000000000000000000000000000000000100000000000000000000000000000000000000100001
00100000000000000000000000000000000000000000000000000000000000000000000000000000000000000000000100000000000000000000000000000000000000100001
00100000000000000000000000000000000000000000000000000000000000000000000000000000000000000000000100000000000000000000000000000000000000100001
00100000000000000000000000000000000000000000000000000000000000000000000000000000000000000000000100000000000000000000000000000000000000100001
00100000000000000000000000000000000000000000000000000000000000000000000000000000000000000000010100000000000000000000000000000000000001100001
00100000000000000000000000000000000000000000000000000000000000000000000000000000000000000000000000000000000000000000000000000000000000000001
00100000000000000000000000000000000000000000000000000000000000000000000000000000000000000000000000000000000000000000000000000000000000000001
00100000000000000000000000000000000000000000000000000000000000000000000000000000000000000000000000000000000000000000000000000000000000000001
00100000000000000000000000000000000000000000000000000000000000000000000000000000000000000000000000000000000000000000000000000000000000000001
00100000000000000000000000000000000000000000000000000000000000000000000000000000000000000000000000000000000000000000000000000000000000000001
00100000000000000000000000000000000000000000000000000000000000000000000000000000000000000000000000000000000000000000000000000000000000000001
00100000000000000000000000000000000000000000000000000000000000000000000000000000000000000000000000000000000000000000000000000000000000000001
00100000000000000000000000000000000000000000000000000000000000000000000000000000000000000000000000000000000000000000000000000000000000000001
00100000000000000000000000000000000000000000000000000000000000000000000000000000000000000000000000000000000000000000000000000000000000000001
00100000000000000000000000000000000000000000000000000000000000000000000000000000000000000000000000000000000000000000000000000000000000000001
00100000000000000000000000000000000000000000000000000000000000000000000000000000000000000000000000000000000000000000000000000000000000000001
00100000000000000000000000000000000000000000000000000000000000000000000000000000000000000000000000000000000000000000000000000000000000000001
00100000000000000000000000000000000000000000000000000000000000000000000000000000000000000000000000000000000000000000000000000000000000000001
00100000000000000000000000000000000000000000000000000000000000000000000000000000000000000000000000000000000000000000000000000000000000000001
00100000000000000000000000000000000000000000000000000000000000000000000000000000000000000000000000000000000000000000000000000000000000000001
00100000000000000000000000000000000000000000000000000000000000000000000000000000000000000000000000000000000000000000000000000000000000000001
00100000000000000000000000000000000000000000000000000000000000000000000000000000000000000000000000000000000000000000000000000000000000000001
00100000000000000000000000000000000000000000000000000000000000000000000000000000000000000000000000000000000000000000000000000000000000000001
00100000000000000000000000000000000000000000000000000000000000000000000000000000000000000000000000000000000000000000000000000000000000000001
00100000000000000000000000000000000000000000000000000000000000000000000000000000000000000000000000000000000000000000000000000000000000000001
01100100010001000100010001000100010001000100010001000100010001000100010001000100010001000100010001000100010001000100010001000100010001000101
