1010100010001000100010001000100010001000100010001000100010001000100010001000100010001000100010001000100010001000100010001000100010001000100010001000100010001000100010001001
0010000000000000000000000000000000000000000000000000000000000000000000000000000000000000000000000000000000000000000000000000000000000000000000000000000000000000000000000001
0010000000000000000000000000000000000000000000000000000000000000000000000000000000000000000000000000000000000000000000000000000000000000000000000000000000000000000000000001
0010000000000000000000000000101010001001000000000000000000000000000000000000000000000000000000000000000000000000000000000000000000000000000000000000000000000000000000000001
0010000000000000000000000000001000000001000000000000000000000000000000000000000000000000000000000000000000000000000000000000000000000000000000000000000000000000000000000001
0010000000000000000000000000001000000001000000000000000000000000000000000000000000000000000000000000000000000000000000000000000000000000000000000000000000000000000000000001
0010000000000000000000000000001000000001000000001001000000000000000000000000000000000000000000000000000000000000000000000000000000001010000000000000000000000000000000000001
0010000010101000100100000000001000000001000000000001100100000000000000000000101010001001000000000000101000000000000000000000000000000010000000000000000000000000000000000001
0010000000100000000100000000001000000001000000000001000110101000100100000000001000000001000000000000001000000000000000000000000000000010000000000000000000000000000000000001
0010000000100000000100000000011001000101000000000001000100100000000100000000001000000001000000000000001000000000000000000000000000000010000000000000000000000000000000000001
0010000000100000000100000000000000000000000000000001000100100000000100000000001000000001000000000000001000000000000000000000000000000010000000000000000000000000000000000001
0010000000100000000100000000000000000000000000000001000100100000000110010000001000001010000000000000001000000000000000000000000000000010000000000000000000000000000000000001
0010000000100000000100000000000000000000011001000100010001000100010001000100010001000100010001000100010001000100010001000100010001000100010001000100010001000101000000000001
0010000001100100010100000000000000000000000000000001000100100000000100010000011001000010000000000000001000000000000000000000000000000010000000000000000000000000000000000001
0010000000000000000000000000000000000000000000000001000101100100010100010000000000000010000000000000001000000000000000000000000000000010000000000000000000000000000000000001
0010000000000000000000000000000000000000000000000001011001000100010001000100010001000100010001000100010001000100010001000100010001000100010001010000000000000000000000000001
0010000000000000000000000000000000000000000000000001000100000000000000010000000000000010000000000000001000000000000000000000000000000010000000000000000000000000000000000001
0010000000000000000000000000000000000000000000000001000100000000000000010000000000000010000000000000001000000000000000000000000000000010000000000000000000000000000000000001
0010000000000000000000000000000000000000000000000001000100000000000000010000000000000010000000000000001000000000000000001010100010010010000000000000000000000000000000000001
0010000000000000000000000000000000000000000000000001000100000000000000010000000000000010000000000000001000000000000000000010000000010010000000000000000000000000000000000001
0010000000000000000000000000000000000000000000000001000100000000000000010000000000000010000000000000001000000000000000000010000000010010000000000000000000000000000000000001
0010000000000000000000000000000000000000000000000001000100000000000000010000000000000010000000000000001000000000000000000010000000010010000000000000000000000000000000000001
0010000000000000000000000000000000000000000000000001000100000000000000010000000000000010000000000000001000000000000000000010000000010010000000000000000000000000000000000001
0010000000000000000000000000000000000000000000000001000100000000000001010000000000000110000000000000001000000000000000000010000000010010000000000000000000000000000000000001
0010000000000000000000000000000000000000000000000001000100000000000000000000000000000000000000000000001000000000000000000110010001010010000000000000000000000000000000000001
0010000000000000000000000000000000000000000000000001000100000000000000000000000000000000000000000000001000000000000000000000000000000010000000000000000000000000000000000001
0010000000000000000000000000000000000000000000000001000100000000000000000000000000000000000000000000001000000000000000000000000000000010000000000000000000000000000000000001
0010000000000000000000000000000000000000000000000001010100000000000000000000000000000000000000000000011000000000000000000000000000000010000000000000000000000000000000000001
0010000000000000000000000000000000000000000000000001000000000000000000000000000000000000000000000000000000000000000000000000000000000010000000000000000000000000000000000001
0010000000000000000000000000000000000000000000000001101010001000100010001000100010001000100010001000100010001000100010001000100010001000100010010000000000000000000000000001
0010000000000000000000000000000000000000000000000001000000000000000000000000000000000000000000000000000000000000000000000000000000000010000000000000000000000000000000000001
0010000000000000000000000000000000000000000000000001000000000000000000000000000000000000000000000000000000000000000000000000000000000010000000000000000000000000000000000001
0010000000000000000000000000000000000000000000000001000000000000000000000000000000000000000000000000000000000000000000000000000000000010000000000000000000000000000000000001
0010000000000000000000000000000000000000101010001000100010001000100010001000100010001000100010001000100010001000100010001000100010001000100010001000100010001001000000000001
0010000000000000000000000000000000000000000000000001000000000000000000000000000000000000000000000000000000000000000000000000000000000010000000000000000000000000000000000001
0010000000000000000000000000000000000000000000000101000000000000000000000000000000000000000000000000000000000000000000000000000000000110000000000000000000000000000000000001
0010000000000000000000000000000000000000000000000000000000000000000000000000000000000000000000000000000000000000000000000000000000000000000000000000000000000000000000000001
0010000000000000000000000000000000000000000000000000000000000000000000000000000000000000000000000000000000000000000000000000000000000000000000000000000000000000000000000001
0010000000000000000000000000000000000000000000000000000000000000000000000000000000000000000000000000000000000000000000000000000000000000000000000000000000000000000000000001
0010000000000000000000000000000000000000000000000000000000000000000000000000000000000000000000000000000000000000000000000000000000000000000000000000000000000000000000000001
0010000000000000000000000000000000000000000000000000000000000000000000000000000000000000000000000000000000000000000000000000000000000000000000000000000000000000000000000001
0010000000000000000000000000000000000000000000000000000000000000000000000000000000000000000000000000000000000000000000000000000000000000000000000000000000000000000000000001
0010000000000000000000000000000000000000000000000000000000000000000000000000000000000000000000000000000000000000000000000000000000000000000000000000000000000000000000000001
0010000000000000000000000000000000000000000000000000000000000000000000000000000000000000000000000000000000000000000000000000000000000000000000000000000000000000000000000001
0010000000000000000000000000000000000000000000000000000000000000000000000000000000000000000000000000000000000000000000000000000000000000000000000000000000000000000000000001
0110010001000100010001000100010001000100010001000100010001000100010001000100010001000100010001000100010001000100010001000100010001000100010001000100010001000100010001000101
