10101000100010001000100010001000100010001000100010001000100010001000100010001000100010001000100010001000100010001000100010001000100010001001
00100000000000000000000000000000000000000000000000000000000000000000000000000000000000000000000000000000000000000000000000000000000000000001
00100000000000000000000000000000000000000000000000000000000000000000000000000000000000000000000000000000000000000000000000000000000000000001
00100000000000000000000000000000000000000000000000000000000000000000000000000000000000000000000000000000000000000000000000000000000000000001
00100000011001000100010001000100010001000100010001000100010001000100010001000100010100000000000000000000000000000000000000000000000000000001
00100000000000000000000000000000000000000000000000000000000000000000000000000000000000000000000000000000000000000000000000000000000000000001
00100000000000000000000000000000000000000000000000000000000000000000000000000000000000000000000000000000000000000000000000000000000000000001
00100000000000000000000000000000000000000000000000000000000000000000000000000000000000000000000000000000000000000000000000000000000000000001
00100000000000000000000000000000000000000000000000000000000000000000000000000000000000000000000000000000000000000000000000000000000000000001
00100000000000000000000000000000000000000000000000000000101010011001000000000000000000000000000000000000000000001010000000000000000000000001
00100000000000000000000000000000000000000000000000000000001000010001000000000000000000000000000000000000000000000010000000000000000000000001
00100000000000000000000000000000000000000000000000000000001000010001000000000000000000000000000000000000000000000010000000000000000000000001
00100000000000000000000000000000000000000000000000000000001000010001000000000000000000000000000000000000000000000010000000000000000000000001
00100000000000000000000000000000000000000000000000000000001000010001000000000000000000000000000000000000000000000010000000000000000000000001
00100000101010001000100010001000100010001000100010001000100010001000100010001000100100000000000000000000000000000010000000000000000000000001
00100000000000000000000000000000000000000000000000000000011000010101000000000000000000000000000000000000000000000010000000000000000000000001
00100000000000000000000000000000000000000000000000000000000000010000000000000000000000000000000000000000000000000010000000000000000000000001
00100000000000000000000000000000000000000000000000000000000000010000000000000000000000000000000000000000000000000010000000000000000000000001
00100000000000000000000000000000000000000000000000000000000000010000000000000000000000000000000000000000000000000010000000000000000000000001
00100000000000000000000000000000000000000000000000000000000000010000000000000000000000000000000000000000000000000010000000000000000000000001
00100000000000000000000000000000000000000000000000000000000000010000000000000000000000000000000000000000000000000010000000000000000000000001
00100000000000000000000000000000000000000000000000000000000000010000000000000000000000000000000000000000000000000010000000000000000000000001
00100000000000000000000000000000000000000000000000000000000000010000000000000000000000000000000000000000000000000010000000000000000000000001
00100000000000000000000000000000000000000000000000000000000000010000000000000000000000000000000000000000000000000010000000000000000000000001
00100000000000000000000000000000000000000000000000000000000000010000000000000000000000000000000000000000000000000010000000000000000000000001
00100000000000000000000000000000000000000000000000000000000000010000000000000000000000000000000000000000000000000010000000000000000000000001
00100000000000000000000000000000000000000000000000000000000000010000000000000000000000000000000000000000000000000010000000000000000000000001
00100000000000000000000000000000000000000000000000000000000000010000000000000000000000000000000000000000000000000010000000000000000000000001
00100000000000000000000000000000000000000000000000000000000000010000000000000000000000000000000000000000000000000010000000000000000000000001
00100000000000000000000000000000000000000000000000000000000000010000000000000000000000000000000010101000100100000010000000000000000000000001
00100000000000000000000000000000000000000000000000000000000001010000000000000000000000000000000000100000000110101000100100000000000000000001
00100000000000000000000000000000000000000000000000000000000000000000000000000000000000000000000000100000000100100000000100000000000000000001
00100000000000000000000000000000000000000000000000000000000000000000000000000000000000000000000000100000000100100000000100000000000000000001
00100000000000000000000000000000000000000000000000000000000000000000000000000000000000000000000000100000000100100000000100000000000000000001
00100000000000000000000000000000000000000000000000000000000000000000000000000000000000000000000000100000000100100000000100000000000000000001
00100000000000000000000000000000000000000000000000000000000000000000000000000000000000000000000001100100010100100000000100000000000000000001
00100000000000000000000000000000000000000000000000000000000000000000000000000000000000000000000000000000000001100100010100000000000000000001
00100000000000000000000000000000000000000000000000000000000000000000000000000000000000000000000000000000000000000000000000000000000000000001
00100000000000000000000000000000000000000000000000000000000000000000000000000000000000000000000000000000000000000000000000000000000000000001
00100000000000000000000000000000000000000000000000000000000000000000000000000000000000000000000000000000000000000000000000000000000000000001
00100000000000000000000000000000000000000000000000000000000000000000000000000000000000000000000000000000000000000000000000000000000000000001
00100000000000000000000000000000000000000000000000000000000000000000000000000000000000000000000000000000000000000000000000000000000000000001
00100000000000000000000000000000000000000000000000000000000000000000000000000000000000000000000000000000000000000000000000000000000000000001
00100000000000000000000000000000000000000000000000000000000000000000000000000000000000000000000000000000000000000000000000000000000000000001
00100000000000000000000000000000000000000000000000000000000000000000000000000000000000000000000000000000000000000000000000000000000000000001
00100000000000000000000000000000000000000000000000000000000000000000000000000000000000000000000000000000000000000000000000000000000000000001
00100000000000000000000000000000000000000000000000000000000000000000000000000000000000000000000000000000000000000000000000000000000000000001
00100000000000000000000000000000000000000000000000000000000000000000000000000000000000000000000000000000000000000000000000000000000000000001
00100000000000000000000000000000000000000000000000000000000000000000000000000000000000000000000000000000000000000000000000000000000000000001
00100000000000000000000000000000000000000000000000000000000000000000000000000000000000000000000000000000000000000000000000000000000000000001
00100000000000000000000000000000000000000000000000000000000000000000000000000000000000000000000000000000000000000000000000000000000000000001
00100000000000000000000000000000000000000000000000000000000000000000000000000000000000000000000000000000000000000000000000000000000000000001
00100000000000000000000000000000000000000000000000000000000000000000000000000000000000000000000000000000000000000000000000000000000000000001
00100000000000000000000000000000000000000000000000000000000000000000000000000000000000000000000000000000000000000000000000000000000000000001
00100000000000000000000000000000000000000000000000000000000000000000000000000000000000000000000000000000000000000000000000000000000000000001
01100100010001000100010001000100010001000100010001000100010001000100010001000100010001000100010001000100010001000100010001000100010001000101
