101010001000100010001000100010001000100010001000100010001000100010001000100010001000100010001000100010001000100010001000100010001000100010001000100010001000100010001000100010001001
001000000000000000000000000000000000000000000000000000000000000000000000000000000000000000000000000000000000000000000000000010101000100100000000000000000000000000000000000000000001
001000000000000000000000000000001001000000000000000000000000000000000000000000000000000000000000000000000000000000000000000000100000000100001010000000000000000000000000000000000001
001000000000000000000000000000000001000000000000000000000000000000000000000000000000000000000000000000000000000000000000000000101010100010010010000000000000000000000000000000000001
001000000000000000000000000000000001000000000000000000000000000000000000000000000000000000000000000000000000000000000000000000100010000100010010000000000000000000000000000000000001
001000001010100010010000000000000001000000000000000000000000000000000000000000000000000000000000000000000000000000000000000000100010000100010010000000000000000000000000000000000001
001000000010000000010000000000000001000000000000100100000000101000000000000000000000000000000000000000000000000000000000000000100010000100010010000000000000000000000000000000000001
001000000010000000010000000000000001000000000000000100000000001000000000000000000000000000000000000000000000000000000000000001100010010100010010000000000000000000000000000000000001
001000000010000000010000000000000001000000000000000100000000001010101000100100000000000000000000000000000000000000000000000000000010000000010010000000000000000000000000000000000001
001000000010000000010000000000000001000000000000000100000000001000100000000100000000000000000000000000000000000000000000000000000110010001010010000000000000000000000000000000000001
001000000010000000010000000000000001000000000000000100000000001000100000000100000000000000000000000000000000000000000000000000000000000000000010000000000000000000000000000000000001
001000000110010001010000000000000001011001000100010001000100010001000100010001000100010001000100010001000100010001000100010001000100010001010010000000000000000000000000000000000001
001000000000000000000000000000000001000000000000000100000000001000100000000100000000000000000000000000000000000000000000000000000000000000000010000000000000000000000000000000000001
001000000000000000000000000000000001000000000110010001000100010001000100010001000100010001000100010001000100010001000100010001000100010001000100010001000100010001000100010100000001
001000000000000000000000000000000001000000000000000100000000001001100100010100000000000000000000000000000000000000000000000000000000000000000010000000000000000000000000000000000001
001000000000000000000000000000000001000000000000000100000000001000000000000000000000000000000000000000000000000000000000000000000000000000000010000000000000000000000000000000000001
001000000000000000000000000000000001000000000000000100000110010001000100010001000100010001000100010001000100010001000100010001000100010001000100010001000100010001000100010001010001
001000000000000000000000000000000001000000000000010100000000011000000000000000000000000000000000000000000000000000000000000000000000000000000010000000000000000000000000000000000001
001000000000101010001001000000000001000000000000000000000000000000000000000000000000000000000000000000000000000000000000000000000000000000000010000000000000000000000000000000000001
001000000000001000000001000000000001000000000000000000000000000000000000000000000000000000000000000000000000000000000000000000000000000000000010000000000000000000000000000000000001
001000000000001000000001000000000001000000000000000000000000000000000000000000000000000000000000000000000000000000000000000000000000000000000010000010101000100100000000000000000001
001000000000001000000001000000000001000000000000000000000000000000000000000000000000000000000000000000000000000000001010100010010000000000000010000000100000000100000000000000000001
001000000000001000000001000000000001000000000000000000000000000000000000000000000000000000000000000000000000000000000010000000010000000000000010000000100000000100000000000000000001
001000000000001000000001000000000001000000001010100010001000100010001000100010001000100010001000100010001000100010001001000000010000000000000010000000100000000100000000000000000001
001000000000011001000101000000000001000000000000000000000000000000000000000000000000000000000000000000000000000000000010100100010000101000000010000000100000101000000000000000000001
001000000000000000000000000000000001000000000000000000000000000000000000000000000000000000000000000000000000000000000010000100010000001000000010000000100000001000000000000000000001
001000000000000000000000000000000001000000000000000000000000000000000000000000000000000000000000000010101000100100000010000100010000001000000010000001100100001000000000000000000001
001000000000000000000000000000000001000000000000000000000000000000000000000000000000000000000000000000100000000100000110000101010000001000000010000000000000001000000000000000000001
001000000000000000000000000000000001101010001000100010001000100010001000100010001000100010001000100010000110010001000100010001000100010001000100010001000100010001010000000000000001
001000000000000000000000000000000001000000000000000000000000000000000000000000000000000000000000000000100000000100000000000100000000001000000010000000000000001000000000000000000001
001000000000000000000000000000000001000000000000000000000000000000000000000000000000000000000000000000100000000100000000000100000000001000000010000000000000001000000000000000000001
001000001010100010010000000000000001000000000000000000000000000000000000000000000000000000000000000000100000000100000000000100000000001000000010000000000000001000000000000000000001
001000000010000000010000000000000001000000000000000000000000000000000000000000000000000000000000000001100100010100000000000100000000001000000010000000000000001000000000000000000001
001000000010000000010000000000000001000000000000000000000000000000000000000000000000000000000000000000000000000000000000000100000000001000000010000000000000001000000000000000000001
001000000010000000010000000000000001000000000000000000000000000000000000000000000000000000000000000000001010100010001000100010001000100010001000100010001000100010010000000000000001
001000000010000000010000000000000001000000000000000000000000000000000000000000000000000000000000000000000000000000000000000100000000011000000010000000000000001000000000000000000001
001000000010000000010000000000000001000000001010100010001000100010001000100010001000100010001000100010001000100010001000100010001000100010001000100010001000100010001000100100000001
001000000110010001010000000000000101000000000000000000001010100010001000100010001000100010001000100010001000100010001000100010001000100010001000100010001000100010001000100010010001
001000000000000000000000000000000000000000000000000000000000000000000000000000000000000000000000000000000000000000000000000100000000000000000000000000000000001000000000000000000001
001000000000000000000000000000000000000000000000000000000000000000000000000000000000000000000000000000000000000000000000000100000000000000000000000000000000001000000000000000000001
001000000000000000000000000000000000000000000000000000000000000000000000000000000000000000000000000000000000000000000000000100000000000000000000000000000000001000000000000000000001
001000000000000000000000000000000000000000000000000000000000000000000000000000000000000000000000000000000000000000000000010100000000000000000000000000000000011000000000000000000001
001000000000000000000000000000000000000000000000000000000000000000000000000000000000000000000000000000000000000000000000000000000000000000000000000000000000000000000000000000000001
011001000100010001000100010001000100010001000100010001000100010001000100010001000100010001000100010001000100010001000100010001000100010001000100010001000100010001000100010001000101
