10101000100010001000100010001000100010001000100010001000100010001000100010001000100010001000100010001000100010001000100010001000100010001000100010001000100010001001
00100000000000000000000000000000000000000000000000000000000000000000000000000000000000000000000000000000000000000000000000000000000000000000000000000000000000000001
00100000000000000000000000000000100100000000000000000000000000000000000000000000000000000000000000000000000000000000000000001010000000000000000000000000000000000001
00100110010001000100010001000100010001000100010001000100010001000100010001000100010001000100010001010000000000000000000000000010000000000000000000000000000000000001
00100000000000000000000000000000000100000000000000000000000000000000000000000000000000000000000000000000000000000000000000000010000000000000000000000000000000000001
00100000000000000000000000000000000100000000000000000000000000000000000000000000000000000000000000000000000000000000000000000010000000000000000000000000000000000001
00100000000000000000000000000000000100000000000000000000000000000000000000000000000000000000000000000000000000000000000000000010000000000000000000000000000000000001
00100000000000000000000000000000000100000000000000000000000000000000000000000000000000000000000000000000000000000000000000000010000000000000000000000000000000000001
00100000000000000000000000000000000100000000101010001001000000000000000000000000000000000000000000000000000000000000000000000010000000000000000000000000000000000001
00100000000000000000000000000000000100000000001000000001000000000000000000000000000000000000000000000000000000000000000000000010000000000000000000000000000000000001
00100000000000000000000000000000000100000000001000000001000000001001000000000000000000000000000000000000000000000000000010100010000000000000000000000000000000000001
00100000000000000000000000000000000100000000001000000001000000000001000000000000000000000000000000000000000000000000000000100010000000000000000000000000000000000001
00100000000000000000000000000000000100000000001000000001000000000001000000000000000000000000000000000000000000000000000000100010000000000000000000000000000000000001
00100000000000000000000000000000000100000000001000000001000000000001000000001001000000000000000000000000000000000000000000101010000000000000000000000000000000000001
00100000000000000000000000000000000100000000011001000101000000000001000000000001000000000000000000000000000000000000000000100010000000000000000000000000000000000001
00100000000000000000000000000000000100000000000000000000000000000001000000000001000000000000000000000000000000000000000000100010000000000000000000000000000000000001
00100000000000000000000000000000000100000000000000000000000000000001000000000001000000000000000000000000000000000000000000100010000000000000000000000000000000000001
00100000000000000000000000000000000100000000000000000000000000000001000000000001000000000000101010001001000000000000000000100010000000000000000000000000000000000001
00101010100010001000100010001000100010001000100010001000100010001000100010001000100010001000100010010001000000000000000000100010000000000000000000000000000000000001
00100000000000000000000000000000000100000000000000000000000000000001000000000001000000000000001000000001000000000000000000100010000000000000000000000000000000000001
00100000000000000000000000000000000100000000000000000000000000000001000000000001000000000000001000000001000000000000000000100010000000000000000000000000000000000001
00100000000000000000000000000000000100000000000000000000000010101000100100000001000000000000001000000001000000000000000000100010000000000000000000000000000000000001
00100000000000000000000000000000000100000000000000000000000000100001000100000001000000000000001000000001000000000000000000100010000000000000000000000000000000000001
00100000000000000000000000000000000100000000000000000000000000100001000100000001000010101000100101000101000000000000000000100010000000000000000000000000000000000001
00100000000000000000000000000000000100000000000000000000000000100001000100000001000000100000000100000000000000000000000000100010000000000000000000000000000000000001
00100000000000000000000000000000000100000000000000000000000000100001000100000001000000100000000100000000000000000000000000100010000000000000000000000000000000000001
00100000000000000000000000000000000100000000000000000000000000100001000100000001000000100000000100000000000000000000000000100010000000000000000000000000000000000001
00100000000000000000000000000000000100000000000000000000000001100100010100000001000000100000000100000000000000000000000000100010000000000000000000000000000000000001
00100000000000000000000000000000000100000000000000000000000000000001000000000001000000100000000100000000000000000000000000100010000000000000000000000000000000000001
00100000000000000000000000000000000100000000000000000000000000000001000000000001000001100100010100000000000000000000000000100010000000000000000000000000000000000001
00100000000000000000000000000000000100000000000000000000000000000001000000000001000000000000000000000000000000000000000000100010000000000000000000000000000000000001
00100000000000000000000000000000000100000000000000000000000000000001000000000001000000000000000000000000000000000000000000100010000000000000000000000000000000000001
00100000000000000000000000000000000100000000000000000000000000000101000000000001000000000000000000000000000000000000000001100010000000000000000000000000000000000001
00100000000000000000000000000000010100000000000000000000000000000000000000000101000000000000000000000000000000000000000000000110000000000000000000000000000000000001
00100000000000000000000000000000000000000000000000000000000000000000000000000000000000000000000000000000000000000000000000000000000000000000000000000000000000000001
00100000000000000000000000000000000000000000000000000000000000000000000000000000000000000000000000000000000000000000000000000000000000000000000000000000000000000001
00100000000000000000000000000000000000000000000000000000000000000000000000000000000000000000000000000000000000000000000000000000000000000000000000000000000000000001
00100000000000000000000000000000000000000000000000000000000000000000000000000000000000000000000000000000000000000000000000000000000000000000000000000000000000000001
00100000000000000000000000000000000000000000000000000000000000000000000000000000000000000000000000000000000000000000000000000000000000000000000000000000000000000001
00100000000000000000000000000000000000000000000000000000000000000000000000000000000000000000000000000000000000000000000000000000000000000000000000000000000000000001
00100000000000000000000000000000000000000000000000000000000000000000000000000000000000000000000000000000000000000000000000000000000000000000000000001010100010010001
00100000000000000000000000000000000000000000000000000000000000000000000000000000000000000000000000000000000000000000000000000000000000000000000000000010000000010001
00100000000000000000000000000000000000000000000000000000000000000000000000000000000000000000000000000000000000000000000000000000000000000000000000000010000000010001
00100000000000000000000000000000000000000000000000000000000000000000000000000000000000000000000000000000000000000000000000000000000000000000000000000010000000010001
00100000000000000000000000000000000000000000000000000000000000000000000000000000000000000000000000000000000000000000000000000000000000000000000000000010000000010001
00100000000000000000000000000000000000000000000000000000000000000000000000000000000000000000000000000000000000000000000000000000000000000000000000000010000000010001
00100000000000000000000000000000000000000000000000000000000000000000000000000000000000000000000000000000000000000000000000000000000000000000000000000110010001010001
01100100010001000100010001000100010001000100010001000100010001000100010001000100010001000100010001000100010001000100010001000100010001000100010001000100010001000101
