10101000100010001000100010001000100010001000100010001000100010001000100010001000100010001000100010001000100010001000100010001000100010001000100010001000100010001000100010001001
00100000000000000000000000010000000000000010000000000000000000000000000000000000000000000000000000000000000000000000000000000000000000000000000000000000000000000000000000000001
00100000000000000000000000010000000000000010000000000000000000000000000000000000000000000000000000000000000000000000000000000000000000000000000000000000000000000000000000000001
00100000000000000000000000010000000000000010000000000000000000000000000000000000000000000000000000000000000000000000000000000000000000000000000000000000000000000000000000000001
00100000000000000000000000010000000000000010000000000000000000000000000000000000000000000000000000000000000000000000000000000000000000000000000000000000000000000000000000000001
00100000000000000000000000010000000000000010000000000000000000000000000000000000000000000000000000000000000000000000101010001001000000000000000000000000000000000000000000000001
00100000000000000000000000010000000000000010000000000000000000000000000000000000000000000000000000000000000000000000001000000001000000000000000000000000000000000000000000000001
00100000000000000000000000010000000000000010000000001001000000000000000000000000000000000000000000000000000000000000001000000001000000000000000000000000101000000000000000000001
00100000000000000000000000010000000000000010000000000001000000000000000000000000000000000000000000000000000000000000001000000001000000000000000000000000001000000000000000000001
00100000000000000000000000010110010001000100010001000100010001000100010100000000000000000000000000000000000000000000001000000001000000000000000000000000001000000000000000000001
00100000000000000000000000010000000000000010000000000001000000000000000000000000000000000000000000000000000000000000001000000001000000000000000000000000001000000000000000000001
00100000000000000000000000011010100010001000100010001000100010001000100100000000000000000000000000000000000000000000011001000101101010001001000000000000001000000000000000000001
00100000000000000000000001010000000000000110000000000001000000000000000000000000000000000000000000000000000000000000000000000000001000000001000000000000001000000000000000000001
00100000000000000000000000000000000000000000000000000001000000000000000000000000000000000000000000000000000000000000000000000000001000000001000000000000001000000000000000000001
00100000000000000000000000000000000000000000000000000001000000000000000000000000000000000000000000000000000000000000000000000000001000000001000000000000001000000000000000000001
00100000000000000000000000000000000000000000000000000001000000000000000010101000100100000000000000000000000000000000000000000000001000000001000000000000001000000000000000000001
00100000000000000000000000000000000000000000000000000001000000000000000000100000000100001001000010100000000000000000000000000000001000000001000000000000001000000000000000000001
00100000000000000000000000000000000000000000000000000001000000000000000000100000000100000001000000100000000000000000000000000000011001000101000000000000001000000000000000000001
00100000000000000000000000000000000000000000000000000001000000000000000000100000000100000001000000100000000000000000000000000000000000000000000000000000001000000000000000000001
00100000000000000000000000000000000000000000000000000001000000000000000000100000000100000001000000101001000000000000000000000000101000000000000000000000001000000000000000000001
00100000000000000000000000000000000000000000000000000001000000000000000000100000000100000001000000100001000000000000000000000000001000000000000000000000001000000000000000000001
00100000000000000000000000000000000000000000000000000001000000000000000001100100010100000001000000100001000000000000000000000000001000000000000000000000001000000000000000000001
00100000000000000000000000000000000000000000000000000001000000000000000000000000000000000001000000100001000000000000000000000000001000000000000000000000001000000000000000000001
00100000000000000000000000000000000000000000000000000001000000000000000000000000000000000001000000100001000000000000000000000000001000000000000000000000001000000000000000000001
00100000000000000000000000000000000000000000000000000001000000000000000000000000000000000001000000100001000000000000000000000000001000001010100010010000001000000000000000000001
00100000000000000000000000000000000000000000000000000001000000000000000000000000000000000001000000100001000000000000000000000000001000000010000000010000001000000000000000000001
00100000000000000000000000000000000000000000000000000001000000000000000000000000000000000101000001100001000000000000000000000000001000000010000000010000001000000000000000000001
00100000000000000000000000000000000000000000000000000001000000000000000000000000000000000000000000000001000000000000000000000000001010010010000000010000001000000000000000000001
00100000000000000000000000000000000000000000000000000001000000000000000000000000000000000000000000000001000000000000000000000000001000010010000000010000001000000000000000000001
00100000000000000000000000000000000000000000000000000001000000000000000000000000000000000000000000000001000000000000000000000000001000010010000000010000001000000000000000000001
00100000000000000000000000000000000000000000000000000001000000000000000000000000000000000000000000000001000000000000000000000000001000010110010001010000001000000000000000000001
00100000000000000000000000000000000000000000000000000001000000000000000000000000000000000000000000000001000000000000000000000000001000010000000000000000001000000000000000000001
00100000000000000000000000000000000000000000000000000001000000000000000000000000000000000000000000000001000000000000000000000000001000010000000000000000001000000000000000000001
00100000000000000000000000000000000000000000000000000001000000000000000000000000000000000000000000000001000000000000000000000000001000010000000000000000001000000000000000000001
00100000000000000000000000000000000000000000000000000001000000000000000000000000000000000000000000000101000000000000000000000000011000010000000000000000001000000000000000000001
00100000000000000000000000000000000000000000000000000001101010001001000000000000000000000000000000000000000000000000000000000000000001010000000000000000001000000000000000000001
00100000000000000000000000000000000000000000000000000001001000000001000000000000000000000000000000000000000000000000000000000000000000000000000000000000001000000000000000000001
00100000000000000000000000000000000000000000000000000001001000000001000000000000000000000000000000000000000000000000000000000000000000000000000000000000001000000000000000000001
00100000000000000000000000000000000000000000000000000001001000000001000000000000000000000000000000000000000000000000000000000000000000000000000000000000001000000000000000000001
00100000000000000000000000000000000000000000000000000001001000000001000000000000000000000000000000000000000000000000000000000000000000000000000000000000001000000000000000000001
00100000000000000000000000000000000000000000000000000101001000000001000000000000000000000000000000000000000000000000000000000000000000000000000000000000011000000000000000000001
00100000000000000000000000000000000000000000000000000000011001000101000000000000000000000000000000000000000000000000000000000000000000000000000000000000000000000000000000000001
00100000000000000000000000000000000000000000000000000000000000000000000000000000000000000000000000000000000000000000000000000000000000000000000000000000000000000000000000000001
00100000000000000000000000000000000000000000000000000000000000000000000000000000000000000000000000000000000000000000000000000000000000000000000000000000000000000000000000000001
01100100010001000100010001000100010001000100010001000100010001000100010001000100010001000100010001000100010001000100010001000100010001000100010001000100010001000100010001000101
