10101000100010001000100010001000100010001000100010001000100010001000100010001000100010001000100010001000100010001000100010001000100010001001
00100000000000000000000000001001101000000000000000000000000000000000000000000000000000001010000000000000000000000000000000000000000000000001
00100000000000000000000000000001100100000000000000000000000000000000000000000000000000000010000000000000000000001010000000000000000000000001
00100000000000000000000000000001000110010000000000000000000000000000000000000000000000000010000000000000000000000010000000000000000000000001
00100000000000000000000000000001000100010000000000000000000000000000000000000000000000000010000000000000000000000010000000000000000000000001
00100000000000000000000000000001000100010000000000000000000000000000000000000000000000000010000000000000000000000010000000000000000000000001
00100000000000000000000000000001000100010000000000000000000000000000000000000000000000000010000000000000000000000010000000000000000000000001
00100000000000000000000000000001101010001000100010001001000000000000000000000000000000000010000000000000000000000010000000000000000000000001
00100000000000000000000000000001001000010000000000000001000000000000000000000000000000000010000000000000000000000010000000000000000000000001
00100000000000000000000000000001001000010000000000000001000000000000000000000000000000000010000000000000000000000010000000000000000000000001
00100000000000000000000000000001011001000100010001000101000000000000000000000000000000000010000000000000000000000010000000000000000000000001
00100000000000000000000000000001000100010000000000000000000000000000000000000000000000000010000000000000000000000010000000000000000000000001
00100000000000000000000000000001000100010000000000000000000000000000000000000000000000000010000000000000000000000010000000000000000000000001
00100000000000000000000000000001000100010000000000000000000000000000000000000000000000000010000000000000000000000010000000000000000000000001
00100000000000000000000000000001000100010000000010101000100100000000000000000000000000000010000000000000000000000010000000000000000000000001
00100000000000000000000000000001000100010000000000100000000100000000000000000000000000000010000000000000000000000010000000000000000000000001
00100000000000000000000000000001000100010000000000100000000100000000000000000000000000000010000000000000000000000010000000000000000000000001
00100000000000000000000000000001000100010000000000100000000100000000000000000000000000000010000000000000000000000010000000000000000000000001
00100000000000000000000000000001000100010000000000100000000100000000000000000000000000000010000000000000000000000010000000000000000000000001
00100000000000000000000000000001000110101000100100100000000100000000011001000100010001000100010001000100010001000101000000000000000000000001
00100000000000000000000000000001000100100000000101100100010100000000000000000000000000000010000000000000000000000010000000000000000000000001
00100000000000000000000000000001000100100000000100000000000000000000000000000000000000000010000000000000000000000010000000000000000000000001
00100000000000000000000000000001000100100000000100000000000000000000101010001000100010001000100010001000100010001001000000000000000000000001
00100000000000000000000000000001000100100000000100000000000000000000000000000000000001100100010001000100010001000100010001000100010100000001
00100000000000000000000000000101000100100000000100000000000000000000000000000000000000000110000000000000000000000010000000000000000000000001
00100000000000000000000000000000000101100100010100000000000000000000000000000000000000000000000000000000000000000010000000000000000000000001
00101010100010010000000000000000000100010000000000000000000000000000000000000000000010101000100010001000100010001000100010001000100100000001
00100010000000010000000000000000000100010000000000000000000000000000000000000000000000000000000000000000000000000010000000000000000000000001
00100010000000010000000000000000000100010000000000000000000000000000000000000000000000000000000000000000000000000010000000000000000000000001
00100010000000010000000000000000000100010000000000000000000000000000000000000000000000000000000000000000000000000010000000000000000000000001
00100010000000010000000000000000010100010000000000000000000000000000000000000000000000000000000000000000000000000110000000000000000000000001
00100010000000010000000000000000000000010000000000000000000000000000000000000000000000000000000000000000000000000000000000000000000000000001
00100110010001010000000000000000000000010000000000000000000000000000000000000000000000000000000000000000000000000000000000000000000000000001
00100000000000000000000000000000000000010000000000000000000000000000000000000000000000000000000000000000000000000000000000000000000000000001
00100000000000000000000000000000000000010000000000000000000000000000000000000000000000000000000000000000000000000000000000000000000000000001
00100000000000000000000000000000000000010000000000000000000000000000000000000000000000000000000000000000000000000000000000000000000000000001
00100000000000000000000000000000000001010000000000000000000000000000000000000000000000000000000000000000000000000000000000000000000000000001
00100000000000000000000000000000000000000000000000000000000000000000000000000000000000000000000000000000000000000000000000000000000000000001
00100000000000000000000000000000000000000000000000000000000000000000000000000000000000000000000000000000000000000000000000000000000000000001
00100000000000000000000000000000000000000000000000000000000000000000000000000000000000000000000000000000000000000000000000000000000000000001
00100000000000000000000000000000000000000000000000000000000000000000000000000000000000000000000000000000000000000000000000000000000000000001
00100000000000000000000000000000000000000000000000000000000000000000000000000000000000000000000000000000000000000000000000000000000000000001
00100000000000000000000000000000000000000000000000000000000000000000000000000000000000000000000000000000000000000000000000000000000000000001
00100000000000000000000000000000000000000000000000000000000000000000000000000000000000000000000000000000000000000000000000000000000000000001
00100000000000000000000000000000000000000000000000000000000000000000000000000000000000000000000000000000000000000000000000000000000000000001
00100000000000000000000000000000000000000000000000000000000000000000000000000000000000000000000000000000000000000000000000000000000000000001
00100000000000000000000000000000000000000000000000000000000000000000000000000000000000000000000000000000000000000000000000000000000000000001
00100000000000000000000000000000000000000000000000000000000000000000000000000000000000000000000000000000000000000000000000000000000000000001
00100000000000000000000000000000000000000000000000000000000000000000000000000000101010001001000000000000000000000000000000000000000000000001
00100000000000000000000000000000000000000000000000000000000000000000000000000000001000000001000000000000000000000000000000000000000000000001
00100000000000000000000000000000000000000000000000000000000000000000000000000000001000000001000000000000000000000000000000000000000000000001
00100000000000000000000000000000000000000000000000000000000000000000000000000000001000000001000000000000000000000000000000000000000000000001
00100000000000000000000000000000000000000000000000000000000000000000000000000000001000000001000000000000000000000000000000000000000000000001
00100000000000000000000000000000000000000000000000000000000000000000000000000000001000000001000000000000000000000000000000000000000000000001
00100000000000000000000000000000000000000000000000000000000000000000000000000000011001000101000000000000000000000000000000000000000000000001
00100000000000000000000000000000000000000000000000000000000000000000000000000000000000000000000000000000000000000000000000000000000000000001
01100100010001000100010001000100010001000100010001000100010001000100010001000100010001000100010001000100010001000100010001000100010001000101
