10101000100010001000100010001000100010001000100010001000100010001000100010001000100010001000100010001000100010001000100010001000100010001000100010001000100010001000100010001001
00100000000000000000000000000000000000001010100010010000000000000000000000000000000000000000000000000000000000000000000000000000000000000000000000000000000000000000000000000001
00100000000000000000000000000000000000000010000000010000000000000000000000000000000000000000000000000000000000000000000000000000000000000000000000000000000000000000000000000001
00100000000000000000000000000000000000000010000000010000000000000000000000000000000000000000000000000000000000000000000000000000000000000000000000000000000000000000000000000001
00100000000000000000000000000000000000000010000000010000000000000000000000000000000000000000000000000000000000000000000000000000000000000000000000000000000000000000000000000001
00100000000000000000000000000000000000000010000000010000000000000000000000000000000000000000000000000000000000000000000000000000000000000000000000000000000000000000000000000001
00100000000000000000000000000000000000000010000000010000000000000000000000001010100010010000000000000000000000000000000000000000000000000000000000000000000000000000000000000001
00100000000000000000000000000000000000000110010001010000000000000000000000000010000000010000000000000000000000000000000000000000000000000000000000000000000000000000000000000001
00100000000000000000000000000000000000000000000000000000000000000000000000000010000000010000000000000000000000000000000000000000000000000000000000000000000000000000000000000001
00100000000000000000000000000000000000000000000000000000000000000000000000000010000000010000000000000000000000000000000000000000000000000000000000000000000000000000000000000001
00100000000000000000000000000000000000000000000000000000000000000000000000000010000000010000000000000000000000000000000000000000000000000000000000000000000000000000000000000001
00100000000000000000000000000000000000000000101010001000100010001000100100000010000000010000000000000000000000000000000000000000000000000000000000000000000000000000000000000001
00100000000000000000000000000000000000000000001000000000000000000000000100000110010001010000000000000000000000000000000000000000000000000000000000000000000000000000000000000001
00100000000000000000000000000000000000000000011001000100010001000100010100000000000000000000000000000000000000000000000000000000000000000000000000000000000000000000000000000001
00100000000000000000000000000000000000000000000000000000000000000000000000000000000000000000000000000000000000000000000000000000000000000000000000000000000000000000000000000001
00100000000000000000000000000000000000000000000000000000000000000000000000000000000000000000000000000000000000000000000000000000000000000000000000000000000000000000000000000001
00100000000000000000000000000000000000000000000000000000000000000000000000000000000000000000000000000000000000000000000000000000000000000000000000000000000000000000000000000001
00100000000000000000000000000000000000000000000000000000000000000000000000000000000000000000100100000000000000000000000000000000000000000000000000000000101000001010000000000001
00100000000000000000000000000000000000000000000000000000000000000000000000000000000000000000000100000000000000000000000000000000000000000000000000000000001000000010000000000001
00100000000000000000000000000000000000000000000000000000000000000000000000000000000000000000000100000000000000000000000000000000000000000000000000000000001000000010000000000001
00100000000000000000000000000000000000000000000000000000000000001010100010010000000000000000000100000000000000000000000000000000000000000000000000000000001000000010000000000001
00100000000000000000000000000000000000000000000000000000000000000010000000010000000000000000000100000000000000000000000000000000000000000000000000000000001000000010000000000001
00100000000000000000000000000000000000000000000000000000000000000010000000010000000000000000000100000000000000000000000000000000000000000000000000000000001000000010000000000001
00100000000000000000000000000000000000000000000000000000000000000010000000010000000000000000000100000000000000000000000000000000000000000000000000000000001000000010000000000001
00100000000000000000000000000000000000000000000000000000000000000010000000010000000000000000000100000000000000000000000000000000000000000000000000000000001000000010000000000001
00100000000000000000000000000000000000000000000000000000000000000010000000010000000000000000000100000000000000000000000000001001000000000000000000000000001010100010000000000001
00100000000000000000000000000000000000000000000000000000000000000110010001010000000000000000000100000000000000000000000000000001000000000000000000000000001000100010000000000001
00100000000000000000000000000000000000000000000000000000000000000000000000000000000000000000000100000000000000000000000000000001000000000000000000000000001000100010000000000001
00100000000000000000000000000000000000000000000000000000000000000000000000000000000000000000000100000000000000000000000000000001000000000000000000000000001000100010000000000001
00100000000000000000000000000000000000000000000000000000000000000000000000000000000000000000000100000000000000000000000000000001000000000000000000000000001000100010000000000001
00100000000000000000000000000000000000000000000000000000000000000000000000000000000000000000000100000000000000000000000000000001000000000000000000000000001000100010000000000001
00100000000000000000000000000000000000000000000000000000000000000000000000000000000000000000000100000000000000000000000000000001000000000000000000000000001000100010000000000001
00100000000000000000000000000000000000000000000000000000000000000000000000000000000000000000000100000000000000000000000000000001000000000000000000000000001000100010000000000001
00100000000000000000000000000000000000000000000000000000000000000000000000000000000000000000000100000000000000000000000000000001000000000000000000000000001000100010000000000001
00100000000000000000000000000000000000000000000000000000000000000000000000000000000000000000000100000000000000000000000000000001000000000000000000000000001000100010000000000001
00100000000000000000000000000000000000000000000000000000000000000000000000000000000000000000000100000000000000000000000000000001000000000000000000000000001000100010000000000001
00100000000000000000000000000000000000000000000000000000000000000000000000000000000000000000000100000000000000000000000000000001000000000000000000000000001000100010000000000001
00100000000000000000000000000000000000000000000000000000000000000000000000000000000000000000000100000000000000000000000000000001000000000000000000000000001000100010000000000001
00100000000000000000000000000000000000000000000000000000000000000000000000000000000000000000000100000000000000000000000000000001000000000000000000000000001000100010000000000001
00100000000000000000000000000000000000000000000000000000000000000000000000000000000000000000000100000000000000000000000000000001000000000000000000000000001000100010000000000001
00100000000000000000000000000000000000000000000000000000000000000000000000000000000000000000000100000000000000000000000000000001000000000000000000000000011000100010000000000001
00100000000000000000000000000000000000000000000000000000000000000000000000000000000000000000000100000000000000000000000000000101000000000000000000000000000001100010000000000001
00100000000000000000000000000000000000000000000000000000000000000000000000000000000000000000010100000000000000000000000000000000000000000000000000000000000000000110000000000001
00100000000000000000000000000000000000000000000000000000000000000000000000000000000000000000000000000000000000000000000000000000000000000000000000000000000000000000000000000001
01100100010001000100010001000100010001000100010001000100010001000100010001000100010001000100010001000100010001000100010001000100010001000100010001000100010001000100010001000101
