10101000100010001000100010001000100010001000100010001000100010001000100010001000100010001000100010001000100010001000100010001000100010001000100010001000100010001000100010001001
00100000000000001010100010010000000000000000000000000000000000000000000000000000000000000000000000000000000000000000000000000000000000000000000000000000000000000000000000000001
00100000000000000010000000010000000000000000000000000000000000000000000000000000000000000000000000000000000000000000000000000000000000000000000000000000000000000000000000000001
00100000000000000010000000010000000000000000000000000000000000000000000000000000000000000000000000000000000000000000000000000000000000000000000000000000000000000000000000000001
00101010100010010010000000010000000000000000000000000000000000000000000000000000000000000000000000000000000000000000000000000000000000000000000000000000000000000000000000000001
00100010000000010010000000010000000000000000000000000000000000000000000000000000000000000000000000000000000000000000000000000000000000000000000000000000000000000000000000000001
00100010000000010010000000010000000000000000000000000000000000000000000000000000000000000000000000000000000000000000000000000000000000000000000000000000000000000000000000000001
00100010000000010110010001010000000000000000000000001001000000000000000000000000000000000000000000000000000000000000101000000000000000000000000000000000000000000000000000000001
00100010000000010000000000000000000000000000000000000001000000000000000000000000000000000000000000000000000000000000001000000000000000000000000000000000000000000000000000000001
00100010000000010000000000000000000000000000000000000001000000000000000000000000000000000000000000000000000000000000001000000000000000000000000000000000000000000000000000000001
00100110010001010000000000000000000000000000000000000001000000000000000000000000000000000000000000000000000000000000001000000000000000000000000000000000000000000000000000000001
00100000000000000000000000000000000000000000000000000001000000000000000000000000000000000000000000000000000000000000001000000000000000000000000000000000000000000000000000000001
00100000000000000000000000000000000000000000000000000001000000000000000000000000000000000000000000000000000000000000001000000000000000000000000000000000000000000000000000000001
00100000000000000000000000000000000000000000000000000001000000000000000000000000000000000000000000000000000000000000001000000000000000000000000000000000000000000000000000000001
00100000000000000000000000000000000000000000000000000001000000000000000000000000100100001010000000000000000000000000001000000000000000000000000000000000000000000000000000000001
00100000000000000000000000000000000000000000000000000001000000000000000000000000000100000010000000000000000000000000001000000000000000000000000000000000000000000000000000000001
00100000000000000000000000000000000000000000000000000001000000000000000000000000000100000010000000000000000000000000001000000000000000000000000000000000000000000000000000000001
00100000000000000000000000000000000000000000000000000001000000000000000000000000000100000010000000000000000000000000001000000000000000000000000000000000000000000000000000000001
00100000000000000000000000000000000000000000000000000001000000000000000000000000000100000010000000000000000000000000001000000000000000000000000000000000000000000000000000000001
00100000000000000000000000000000000000000000000000000001000000000000000000000000000100000010000000001001000010100000001000000000000000000000000000000000000000000000000000000001
00100000000000000000000000000000000000000000000000000001000000000000000000000000000100000010000010101000100100100000001000000000000000000000000000000000000000000000000000000001
00100000000000000000000000000000000000000000000000000001000000000000000000000000000100000010000000100001000100100000001000000000000000000000000000000000000000000000000000000001
00100000000000000000000000000000000000000000000000000001000000000000000000000000000100000010000000100001000100100000001000000000000000000000000000000000000000000000000000000001
00100000000000000000000000000000000000000000000000000001000000000000000000000000000100000010000000100001000100100000001000000000000000000000000000000000000000000000000000000001
00100000000000000000000000000000000000000000000000000001000000000000000000000000010100000110000000100001000100100000001000000000000000000000000000000000000000000000000000000001
00100000000000000000000000000000000000000000000000000001000000000000000000000000000000000000000000100001000100100000001000000000000000000000000000000000000000000000000000000001
00100000000000000000000000000000000000000000000000000001000000000000000000000000000000000000000001100100010100100000001000000000000000000000000000000000000000000000000000000001
00100000000000000000000000000000000000000000000000000001000000000000000000000000000000000000000000000001000000100000001000001010100010010000000000000000000000000000000000000001
00100000000000000000000000000000000000000000000000000001000000000000000000000000000000000000000000000001000000100000001000000010000000010000000000000000000000000000000000000001
00100000000000000000000000000000000000000000000000000001000000000000000000000000000000000000000000000101000001100000001000000010000000010000000000000000000000000000000000000001
00101010100010010000000000000000000000000000000000000001000000000000000000000000000000000000000000000000000000000000001000000010000000010000000000000000000000000000000000000001
00100010000000010000000000000000000000000000000000000101000000000000000000000000000000000000000000000000000000000000011000000010000000010000000000000000000000000000000000000001
00100010000000010000000000000000000000000000000000000000000000000000000000000000000000000000000000000000000000000000000000000010000000010000000000000000000000000000000000000001
00100010000000010000000000000000000000000000000000000000000000000000000000000000000000000000000000000000000000000000000000000110010001010000000000000000000000000000000000000001
00100010000000010000000000000000000000000000000000000000000000000000000000000000000000000000000000000000000000000000000000000000000000000000000000000000000000000000000000000001
00100010000000010000000000000000000000000000000000000000000000000000000000000000000000000000000000000000000000000000000000000000000000000000000000000000000000000000000000000001
00100110010001010000000000000000000000000000000000000000000000000000000000000000000000000000000000000000000000000000000000000000000000000000000000000000000000000000000000000001
00100000000000000000000000000000000000000000000000000000000000000000000000000000000000000000000000000000000000000000000000000000000000000000000000000000000000000000000000000001
00100000000000000000000000000000000000000000000000000000000000000000000000000000000000000000000000000000000000000000000000000000000000000000000000000000000000000000000000000001
00100000000000000000000000000000000000000000000000000000000000000000000000000000000000000000000000000000000000000000000000000000000000000000000000000000000000000000000000000001
00100000000000000000000000000000000000000000000000000000000000000000000000000000000000000000000000000000000000000000000000000000000000000000000000000000000000000000000000000001
00100000000000000000000000000000000000000000000000000000000000000000000000000000000000000000000000000000000000000000000000000000000000000000000000000000000000000000000000000001
00100000000000000000000000000000000000000000000000000000000000000000000000000000000000000000000000000000000000000000000000000000000000000000000000000000000000000000000000000001
00100000000000000000000000000000000000000000000000000000000000000000000000000000000000000000000000000000000000000000000000000000000000000000000000000000000000000000000000000001
01100100010001000100010001000100010001000100010001000100010001000100010001000100010001000100010001000100010001000100010001000100010001000100010001000100010001000100010001000101
