1010100010001000100010001000100010001000100010001000100010001000100010001000100010001000100010001000100010001000100010001000100010001000100010001000100010001000100010001000100010001000100010001001
0010000000000000000000000000100100000000000000000000000000000000000000000000000000000000000000001010000000000000000000000000000000000000000000000000000000000000000000000000000000000000000000000001
0010000000000000000000000000000100000000000000000000000000000000000000000000000000000000000000000010000000000000000000000000000000000000000000000000000000000000000000000000000000000000000000000001
0010000000000000000000000000000100000000000000000000000000000000000000000000000000000000000000000010000000000000000000000000000000000000000000000000000000000000000000000000000000000000000000000001
0010000000000000000000000000000100000000000000000000000000000000000000000000000000000000000000000010000000000000000000000000000000000000000000000000000000000000000000000000000000000000000000000001
0010000000000000000000000000000100000000000000000000000000000000000000000000000000000000000000000010000000000000000000000000000000000000000000000000000000000000000000000000000000000000000000000001
0010000000000000000000000000000100000000000000000000000000000000000000000000000000000000000000000010000000000000000000000000000000000000000000000000000000000000000000000000101010001001000000000001
0010000000000000000000000000000100000000000000000000000000000000000000000000000000000000000000000010000000000000000000000000000000000000000000000000000000000000000000000000001000000001000000000001
0010000000000000000000000000000100000000000000000000000000000000000000000000000000000000000000000010000000000000000000000000000000000000000000000000000000000000000000000000001000000001000000000001
0010000000000000000000000000000100000000000000000000000000000000000000000000000000000000000000000010000000000000000000000000000000000000000000000000000000000000000000000000101010001001000000000001
0010000000000000000000000000000101100100010001000100010001000100010001000101000000000000000000000010000000000000000000000000000000000000000000000000000000000000000000000000001000000001000000000001
0010000000000000000000000000000100000000000000000000000000000000000010010000000000000000000000001010000000000000000000000000000000000000000000000000000000000000000000000000001000000001000000000001
0010000000000000000000000000000110101000100010001000100010001000100010001001000000000000000000000010000000000000000000000000000000000000000000000000000000000000000000000000001001000001000000000001
0010000000000000000000000000000100000000000000000000000000000000000000010000000000000000000000000010000000000000000000000000000000000000000000000000000000000000000000000000001000000001000000000001
0010000000000000000000000000000100000000000000000000000000000000000000010000000000000000000000000010000000000000000000000000000000000000000000000000000000000000000000000000001000000001000000000001
0010000000000000000000000000000100000000000000000000000000000000000000010000101010001001000000000010000000000000000000000000000000000000000000000000000000000000000000000000011001000101000000000001
0010000000000000000000000000000100000000000000000000000000000000000000010000001000000001000000000010000000000000000000000000000000000000000000000000000000000000000000000000000000000000000000000001
0010000000000000000000000000000100000000000000000000000000000000000000010000001000000001101010001001000000000000000000000000000000000000000000000000000000000000000000000000000000000000000000000001
0010000000000000000000000000000100000000000000000000000000000000000000010000001000000001001000000001000000000000000000000000000000000000000000000000000000000000000000000000000000000000000000000001
0010000000000000000000000000000100000000000000000000000000000000000000010000001000000001001000000001000000000000000000000000000000000000000000000000000000000000000000000000000000000000000000000001
0010000000000000000000000000000100000000000000000000000000000000000000010000001000000001001000000001000000000000000000000000000000000000000000000000000000000000000000000000000000000000000000000001
0010000000000000000000000000000100000000000000000000000000000000000000010000011001000101001000000001000000000000000000000000000000000000000000000000000000000000000000000000000000000000000000000001
0010000000000000000000000000000100000000000000000000000000000000000000010000000000000000001000000001000000000000000000000000000000000000000000000000000000000000000000000000000000000000000000000001
0010000000000000000000000000000100000000000000000000000000000000000000010000000000000000011001000101000000000000000000000000000000000000000000000000000000000000000000000000000000000000000000000001
0010000000000000000000000000000100000000000000000000000000000000000000010000000000000000000000000010000000000000000000000000000000000000000000000000000000000000000000000000000000000000000000000001
0010000000000000000000000000000100000000000000000000000000000000000000010000000000000000000000000010000000000000000000000000000000000000000000000000000000000000000000000000000000000000000000000001
0010000000000000000000000000010100000000000000000000000000000000000001010000000000000000000000000110000000000000000000000000000000000000000000000000000000000000000000000000000000000000000000000001
0010000000000000000000000000000000000000000000000000000000000000000000000000000000000000000000000000000000000000000000000000000000000000000000000000000000000000000000000000000000000000000000000001
0010000000000000000000000000000000000000000000000000000000000000000000000000000000000000000000000000000000000000000000000000000000000000000000000000000000000000000000000000000000000000000000000001
0010000000000000000000000000000000000000000000000000000000000000000000000000000000000000000000000000000000000000000000000000000000000000000000000000000000000000000000000000000000000000000000000001
0010000000000000000000000000000000000000000000000000000000000000000000000000000000000000000000000000000000000000011001000100010001000100010001000101000000000000000000000000000000000000000000000001
0010000000000000000000000000000000000000000000000000000000000000000000000000000000000000000000000000000000000000000000000000000000000000000000000000000000000000000000000000000000000000000000000001
0010000000000000000000000000000000000000000000000000000000000000000000000000000000000000000000000000000000000000000000000000000000000000000000000000000000000000000000000000000000000000000000000001
0010000000000000000000000000000000000000000000000000000000000000000000000000000000000000000000000000000000000000000000000000000000000000000000000000000000000000000000000000000000000000000000000001
0010000000000000000000000000000000000000000000000000000000000000000000000000000000000000000000000000000000000000000000000000000000000000000000000000000000000000000000000000000000000000000000000001
0010000000000000000000000000000000000000000000000000000000000000000000000000000000000000000000000000000000000000000000000000000000000000000000000000000000000000000000000000000000000000000000000001
0010000000000000000000000000000000000000000000000000000000000000000000000000000000000000000000000000000000000000000000000000000000000000000000000000000000000000000000000000000000000000000000000001
0010000000000000000000000000000000000000000000000000000000000000000000000000000000000000000000000000000000000000000000000000000000000000000000000000000000000000000000000000000000000000000000000001
0010000000000000000000000000000000000000000000000000000000000000000000000000000000000000000000000000000000000000000000000000000000000000000000000000000000000000000000000000000000000000000000000001
0110010001000100010001000100010001000100010001000100010001000100010001000100010001000100010001000100010001000100010001000100010001000100010001000100010001000100010001000100010001000100010001000101
