101010001000100010001000100010001000100010001000100010001000100010001000100010001000100010001000100010001000100010001000100010001000100010001000100010001000100010001000100010001000100010001001
001000000000000000000000000000000000000000000000000000000010000000010000000000000000000000000000000000000000000000000000000000000000000000000000000000000000000000000000000000000000000000000001
001000000000000000000000000000000000000000000000000000000010000000011010100010010000000000000000000000000000000000000000000000000000000000000000000000000000000000000000000000000000000000000001
001000000000000000000000000000000000100100000000000000000010000000010010000000010000000000000000000000000000000000000000000000000000000000000000101000000000000000000000000000000000000000000001
001000000000000000000000000000000000000100000000000000000010000000010010000000010000000000000000000000000000000000000000000000000000000000000000001000000000000000000000000000000000000000000001
001000000000000000000000000000000000000100000000000000000010000000010010000000010000000000000000000000000000000000000000000000000000000000000000001000000000000000000000000000000000000000000001
001000000000000000000000000000000000000100000000000000000110010001010010000000010000000000000000000000000000000000000000000000000000000000000000001000000000000000000000000000000000000000000001
001000000000000000000000000000000000000100000000000000000000000000000010000000010000000000000000000000000000000000000000000000001010100010010000001000000000000000000000000000000000000000000001
001000000000000000000000000000000000000100000000000000001001000000000110010001010000000000000000000000000000000000000000000000000010101000010000001000000000000000000000000000000000000000000001
001000000000000000000000000000000000000100000000000000000001000000000000000000000000000000000000000000000000000000000000000000000010001000010000001000000000000000000000000000000000000000000001
001000000000000000000000000000000110010001000100010001000100010001000100010001000100010001000100010001000100010001000100010001000100010001010000001000000000000000000000000000000000000000000001
001000000000000000000000000000000000000100000000000000000001000000000000000000000000000000000000000000000000000000000000000000000010001000010000001000000000000000000000000000000000000000000001
001000000000000000000000000000000000000100000000000000000001000000000000000000000000000000000000000000000000000000000000000000000010001000010000001000000000000000000000000000000000000000000001
001000000000000000000000000000000000000100000000000000000001000000000000000000000000000000000000000000000000000000000000000000000110001001010000001000000000000000000000000000000000000000000001
001000000000000000000000000000000000000100000000000000000001000000000000000000000000000000000000000000000000000000000000000000000000001000000000001000000000000000000000000000000000000000000001
001000000000000000000000000000000000000100000000000000000001000000000000000000000000000000000000000000000000000000000000000000000000001000000000001000000000000000000000000000000000000000000001
001000000000000000000000000000000000000100000000000000000001000000000000000000000000000000000000000000000000000000000000000000000000001000000000001000000000000000000000000000000000000000000001
001000000000000000000000000000000000000100000000000000000001000000000000000000000000000000000000000000000000000000000000000000000000001000000000001000000000000000000000000000000000000000000001
001000000000000000000000000000000000000100000000000000000001000000000000000000000000000000000000000000000000000000000000000000000000001000000000001000000000000000000000000000000000000000000001
001000000000000000000000000000000000000100000000000000000001000000000110010001000100010001000100010001000100010001000100010001000100010001000100010001000100010001010000000000000000000000000001
001000000000000000000000000000000000000100000000000000000001000000000000000000000000000000000000000000001001101000000000000000000000001000000000001000000000000000000000000000000000000000000001
001000000000000000000000000000000000000100000000000000000001000000000000000000000000000000000000000000000001001000000000000000000000001000000000001000000000000000000000000000000000000000000001
001000000000000000000000000000000000000100000000000000000001000000000000000000000000000000000000000000000001001000000000000000000000001000000000001000000000000000000000000000000000000000000001
001000000000000000000000000000000000000100000000000000000001000000000000000000000000000000000000000000000001001000000000000000000000001000000000001000000000000000000000000000000000000000000001
001000000000000000000000000000000000000100000000000000000001000000000000000000000000000000000000000000000001001000000000000000000000001000000000001000000000000000000000000000000000000000000001
001000000000000000000000000000000000000100000000000000000001000000000000000000000000000000000000000000000001001000000000000000000000001000000000001000000000000000000000000000000000000000000001
001000000000000000000000000000000000000100000000000000000001000000000000000000000000000000000000000000000001001000000000000000000000001000000000001000000000000000000000000000000000000000000001
001000000000000000000000000000000000000100000000000000000001000000000000000000000000000000000000000000000001001000000000000000000000001000000000001000000000000000000000000000000000000000000001
001000000000000000000000000000001010100010001000100010001000100010001000100010001000100010001000100010001000100010001000100010001000100010010000001000000000000000000000000000000000000000000001
001000000000000000000000000000000000000100000000000000000001000000000000000000000000000000000000000000000101011000000000000000000000001000000000001000000000000000000000000000000000000000000001
001000000000000000000000000000000000000100000000000000000001000000000000000000000000000000000000000000000000000000000000000000000000001000000000001000000000000000000000000000000000000000000001
001000000000000000000000000000000000000100000000000000000001000000000000000000000000000000001010100010010000000000000000000000000000001000000000001000000000000000000000000000000000000000000001
001000000000000000000000000000000000000100000000000000000001000000000000000000000000000000000010000000010000000000000000000000000000001000000000001000000000000000000000000000000000000000000001
001000000000000000000000000000000000000100000000000000000001000000000000000000000000000000000010000000010000000000000000000000001010100010001000100010001000100100000000000000000000000000000001
001000000000000000000000000000000000000100000000000000000001000000001010100010001000100010001000100010001000100010001000100010001000100010001000100010001000100010010000000000000000000000000001
001000000000000000000000000000000000000100000000000000000101000000000000000000000000000000000010000000010000000000000000000000000000011000000000001000000000000000000000000000000000000000000001
001000000000000000000000000000000000000100000000000000000000000000000000000000000000000000000010000000010000000000000000000000000000000000000000001000000000000000000000000000000000000000000001
001000000000000000000000000000000000000100000000000000000000000000000000000000000000000000000110010001010000000000000000000000000000000000000000001000000000000000000000000000000000000000000001
001000000000000000000000000000000000010100000000000000000000000000000000000000000000000000000000000000000000000000000000000000000000000000000000011000000000000000000000000000000000000000000001
001000000000000000000000000000000000000000000000000000000000000000000000000000000000000000000000000000000000000000000000000000000000000000000000000000000000000000000000000000000000000000000001
011001000100010001000100010001000100010001000100010001000100010001000100010001000100010001000100010001000100010001000100010001000100010001000100010001000100010001000100010001000100010001000101
