1010100010001000100010001000100010001000100010001000100010001000100010001000100010001000100010001000100010001000100010001000100010001000100010001000100010001000100010001000100010001000100010001001
0010000000000000000000000001100100100000000000000000000000000000000010100000000000000000000000000000000000000000000000000000000000000000000000000000000000000000000000000000000000000000000000000001
0010000000000000000000000001000100100000000000000000000000000000000000100000000000000000000000000000000000000000000000000000000000000000000000000000000000000000000000000000000000000000000000000001
0010000000000000000000000001000100100000000000000000000000000000000000100000000000000000000000000000000000000000000000000000000000000000000000000000000000000000000000000000000000000000000000000001
0010000000000000000000000001000100100000100100000000000000000000101000100000000000000000000000000000000000000000000000000000000000000000000000000000000000000000000000000000000000000000000000000001
0010000000000000000000000001000100100000000100000000000000000000001000100000000000000000000000000000000000000000000000000000000000000000000000000000000000000000000000000000000000000000000000000001
0010000000000000000000000001000100100000000100000000000000000000001000100000000000000000000000000000000000000000000000000000000000000000000000000000000000000000000000000000000000000000000000000001
0010000000000000000000000001000100100000000100000000000000000000001000100000000000000000000000000000000000000000000000000000000000000000000000000000000000000000000000000000000000000000000000000001
0010000000000000000000000001000100101010100010010000000000000000001000100000000000000000000000000000000000000000000000000000000000000000000000000000000000000000000000000000000000000000000000000001
0010000000000000000000000001000100100010000100010000000000000000001000100000000000000000000000000000000000000000000000000000000000000000000000000000000000000000000000000000000000000000000000000001
0010000000000000000000000101000101100010000100010000000000000000001000100000000000000000000000000000000000000000000000000000000000000000000000000000000000000000000000000000000000000000000000000001
0010000000000000000000000000000100000010000100010000000000000000001000100000000000000000000000000000000000000000000000000000000000000000000000000000000000000000000000000000000000000000000000000001
0010000000000000000000000000000100000010000100010000000000000000001000100000000000000000000000000000000000000000000000000000000000000000000000000000000000000000000000000000000000000000000000000001
0010000000000000000000000000000100000010000100010000000000000000001000100000000000000000000000000000000000000000000000000000000000000000000000000000000000000000000000000000000000000000000000000001
0010000000000000000000000000000100000110010001010000000000000000001000100000000010010000000000000000000000000000000000000000000000000000000010100000000000000000000000000000000000000000000000000001
0010000000000000000000000000000100000000000100000000000000000000001000100000000000010000000000000000000000000000000000000000000000000000000000100000000000000000000000000000000000000000000000000001
0010000000000000000000000000000100000000000100000000000000000000001000100000000000010000000000000000000000000000000000000000000000000000000000100000000000000000000000000000000000000000000000000001
0010000000000000000000000000000100000000000100000000000000000000001000100000000000010000000000000000000000000000000000000000000000000000000000100000000000000000000000000000000000000000000000000001
0010000000000000000000000000000100000000010100000000000000000000011000100000000000010000000000001001000000000000000000000000000000000000101000100000000000000000000000000000000000000000000000000001
0010000000000000000000000000010100000000000000000000000000000000000001100000000000010000000000000001000000000000000000000000000000000000001000100000000000000000000000000000000000000000000000000001
0010000000000000000000000000000000000000000000000000000000000000000000000000000000010000000000000001000000000000000000000000000000000000001000100000000000000000000000000000101010001001000000000001
0010000000000000000000000000000000000000000000000000000000000000000000000000000000010000000000000001000000000000000000000000000000000000001000100000000000000000000000001010100010010001000000000001
0010000000000000000000000000000000000000000000000000000000000000000000000000000000010000000000000001000000000000000000000000000000000000001000100000000000000000000000000010001000010001000000000001
0010000000000000000000000000000000000000000000000000000000000000000000000000000000010000000000000001000000000000000000000000000000000000001000100000000000000000000000000010001000010001000000000001
0010000000000000000000000000000000000000000000000000000000000000000000000000000000010000000000000001000000000000000000000000000000001010100010010000000000000000000000000010001000010001000000000001
0010000000000000000000000000000000000000000000000000000000000000000000000000000000010000000000000001000000000000000000000000000000000010001000010000000000000000000000000010001000010001000000000001
0010000000000000000000000000000000000000000000000000000000000000000000000000000000010000000000000001000000000000000000000000000000000010001000010000000000000000000000000010011000010101000000000001
0010000000000000000000000000000000000000000000000000000000000000000000000000000000010000000000000001000000000000000000000000000000000010001000010000000000000000000000000110010001010000000000000001
0010000000000000000000000000000000000000000000000000000000000000000000000000000000010000000000000001000000000000000000000000000000000010001000010000000000000000000000000000000000000000000000000001
0010000000000000000000000000000000000000000000000000000000000000000000000000000000010000000000000001000000000000000000000000000000000010001000010000000000000000000000000000000000000000000000000001
0010000000000000000000000000000000000000000000000000000000000000000000000000000000010000000000000001000000000000000000000000000000000110010001010000000000000000000000000000000000000000000000000001
0010000000000000000000000000000000000000000000000000000000000000000000000000000000010000000010101000100100000000000001100100010001000100010001000100010001000100010001010000000000000000000000000001
0010000000000000000000000000000000000000000000000000000000000000000000000000000000010000000000100001000100000000000000000110010001000100010001000100010001000101000000000000000000000000000000000001
0010000000000000000000000000000000000000000000000000000000000000000000000000000000010000000000100001000100000000000000001010100010001000100010001000100010001001000000000000000000000000000000000001
0010000000000000000000000000000000000000000000000000000000000000000000000000000000010000000000100001000100000000000000000000000000000000001000100000000000000000000000000000000000000000000000000001
0010000000000000000000000000000000000000000000000000000000000000000000000000000000010000000000100001000100000000000010101000100010001000100010001000100010001000100010010000000000000000000000000001
0010000000000000000000000000000000000000000000000000000000000000000000000000000000010000000000100101000100000000000000000000000000000000011000100000000000000000000000000000000000000000000000000001
0010000000000000000000000000000000000000000000000000000000000000000000000000000001010000000001100100010100000000000000000000000000000000000001100000000000000000000000000000000000000000000000000001
0010000000000000000000000000000000000000000000000000000000000000000000000000000000000000000000000000000000000000000000000000000000000000000000000000000000000000000000000000000000000000000000000001
0110010001000100010001000100010001000100010001000100010001000100010001000100010001000100010001000100010001000100010001000100010001000100010001000100010001000100010001000100010001000100010001000101
