101010001000100010001000100010001000100010001000100010001000100010001000100010001000100010001000100010001000100010001000100010001000100010001000100010001001
001000000010000000000000000100000010000000000000000000000000000000000000000000000000000000000000000000000000000000000000000000000000000000000000000000000001
001000000010000000000000000100000010000000000000000000000000000000000000000000000000000000000000000000000000000000000000000000000000000000000000000000000001
001000000010000000000000000100000010100100000000000000000000000000000000000000000000000000000000000000000000000000000000000010100000000000000000000000000001
001000000110010001000100000100000010000110010000000000000000000000000000000000000000000000000000101000000000000000000000000000100000000000000000000000000001
001000000000000000000000000100000010000100010000000000000000000000000000000000000000000000000000001000000000000000000000000000100000000000000000000000000001
001000000000000000000000000100000010000100010000000000000000000000000000000000000000000000000000001000000000000000000000000000100000000000000000000000000001
001000000000000000000000000100000010000100010000000000000000000000000000000000000000000000000000001000000000000000000000000000100000000000000000000000000001
001000000000000000000000000100000010000100010000000000001001000000000000000000000000000000000000001000000000000000000000000000101010000000000000000000000001
001000000000000000000000000100000010000110101000100100000001000000000000000000000000000000000000001000000000000000000000000000100010000000000000000000000001
001000000000000000000000010100000110000100100000000100000001000000000000000000000000000000000000001000000000000000000000000000100010000000000000000000000001
001000000000000000000000000000000000000100100000000100000001000000000000000000000000000000000000001000000000000000000000000000100010000000000000000000000001
001000000000000010101000100100000000000100100000000100000001000000000000000000000000000000000000001000000000000000000000000000100010000000000000000000000001
001000000000000000100000000100000000000100100000000100000001000000000000000000000000000000000000001000000000000000000000000000100010000000000000000000000001
001000000000000000100000000100000000000100100000000100000001000000000000000000000000000000000000001000000000000000000000000000100010000000000000000000000001
001000000000000000100000000100000000000101100100010100000001000000000000000000000000000000000000001000000000000000000000000000100010000000000000000000000001
001000000000000000100000000100000000000100010000000000000001000000000000000000000000000000000000001000000000000000000000000000100010000000000000000000000001
001000000000000000100000000100000000000100010000000000000001000000000000000000000000000000000000001000000000000000000000000000100010000000000000000000000001
001000000000000001100100010100000000000100010000000000000001000000000000000000000000000000000000001000000000000000000000000000100010000000000000000000000001
001000000000000000000000000000000000000100010000000000000001000000000000000000000000000000000000001000000000000000000000000000100010000000000000000000000001
001000000000000000000000000000000000000100010000000000000001000000000000000000000000000000000000001000001001000000000000000000100010101000000000000000000001
001000000000000000000000000000000000000100010000000000000001000000000000000000000000000000000000001000000001000000000000000000100010001000000000000000000001
001000000000000000000000000000000000000100010000000000000001000000000000000000000000000000000000001000000001000000000000000000100010001000000000000000000001
001000000000000000000000000000000000000100010000000000000001000000000000000000000000000000000000001000000001000000000000000000100010001000000000000000000001
001000000000000000000000000000000000000100010000000000000001000000000000000000000000000000000000001000000001000000000000000000100010001000000000000000000001
001000000000000000000000000000000000000100010000000000000001000000000000000000000000000000000000001000000001000000000000000000100010001000000000000000000001
001000000000000000000000000000000000000101010000000000000001000000000000000000000000000000000000011000000001000000000000000000100010001000000000000000000001
001000000000000000000000000000000000000100000000000000000001000000000000000000000000000000000000000000000001000000000000000000100010001000001010100010010001
001000000000000000000000000000000000000100000000000000000001000000000000000000000000000000000000000000000001000000000000000000100010001000000010000000010001
001000000000000000000000000000000000000100000000000000000001000000000000000000000000000000000000000000000001000000000000000000100010001000000010000000010001
001000000000000000000000000000000000000100000000000000000001000000000000000000000000000000000000000000000001000000000000000000100010001000000010000000010001
001000000000000000000000000000000000000100000000000000000001000000000000000000000000000000000000000000000001000000000000000000100010001000000010000000010001
001000000000000000000000000000000000000100000000000000000001000000000000000000000000000000000000000000000001000000000000000000100010001000000010000000010001
001000000000000000000000000000000000010100000000000000000001000000000000000000000000000000000000000000000001000000000000000001101010100010010110010001010001
001000000000000000000000000000000000000000000000000000000101000000000000000000000000000000000000000000000001000000000000000000000010001000010000000000000001
001000000000000000000000000000000000000000000000000000000000000000000000000000000000000000000000000000000101000000000000000000000010011000010000000000000001
001000000000000000000000000000000000000000000000000000000000000000000000000000000000000000000000000000000000000000000000000000000010000000010000000000000001
001000000000000000000000000000000000000000000000000000000000000000000000000000000000000000000000000000000000000000000000000000000010000000010000000000000001
001000000000000000000000000000000000000000000000000000000000000000000000000000000000000000000000000000000000000000000000000000000010000000010000000000000001
001000000000000000000000000000000000000000000000000000000000000000000000000000000000000000000000000000000000000000000000000000000110010001010000000000000001
001000000000000000000000000000000000000000000000000000000000000000000000000000000000000000000000000000000000000000000000000000000000000000000000000000000001
001000000000000000000000000000000000000000000000000000000000000000000000000000000000000000000000000000000000000000000000000000000000000000000000000000000001
001000000000000000000000000000000000000000000000000000000000000000000000000000000000000000000000000000000000000000000000000000000000000000000000000000000001
001000000000000000000000000000000000000000000000000000000000000000000000000000000000000000000000000000000000000000000000000000000000000000000000000000000001
001000000000000000000000000000000000000000000000000000000000000000000000000000000000000000000000000000000000000000000000000000000000000000000000000000000001
001000000000000000000000000000000000000000000000000000000000000000000000000000000000000000000000000000000000000000000000000000000000000000000000000000000001
001000000000000000000000000000000000000000000000000000000000000000000000000000000000000000000000000000000000000000000000000000000000000000000000000000000001
001000000000000000000000000000000000000000000000000000000000000000000000000000000000000000000000000000000000000000000000000000000000000000000000000000000001
001000000000000000000000000000000000000000000000000000000000000000000000000000000000000000000000000000000000000000000000000000000000000000000000000000000001
001000000000000000000000000000000000000000000000000000000000000000000000000000000000000000000000000000000000000000000000000000000000000000000000000000000001
011001000100010001000100010001000100010001000100010001000100010001000100010001000100010001000100010001000100010001000100010001000100010001000100010001000101
