1010100010001000100010001000100010001000100010001000100010001000100010001000100010001000100010001000100010001000100010001000100010001000100010001000100010001001
0010000000000000000000000001000000000000000000000000000000000000000000000000000000000000000000000010000000000000000000000000000000000000000000000000000000000001
0010000000000000000000000001000000000000000000000000000000000000000000000000000000000000000000000010000000000000000000000000000000000000000000000000000000000001
0010000000000000000000000001000000000000000000000000000000000000000000000000000000000000000000000010000000000000000000000000000000000000000000000000000000000001
0010000000000000000000000001000000000000000000000000000000000000000000000000000000000000000000000010000000000000000000000000000010101000100100000000000000000001
0010000000000000000000000001000000000000000000000000000000000000000000000000000000000000000000000010000000000000000000000000000000100000000100000000000000000001
0010000000000000000000000001000000000000000000000000000000000000000000000000000000000000101010001001000000000000000000000000000000100000000100000000000000000001
0010000000000000000000000001000000000000000000000000000000000000000000000000000000000000001000000001000000000000000000000000000000100000000100000000000000000001
0010000000000000000000000001000000000000000000000000000000000000000000000000000000000000001000001010100010010000000000000000000000100000000100000000000000000001
0010000000000000000000000001000000000000000000000000000000000000000000000000000000000000001000000010000000010000000000000000000000100000000100000000000000000001
0010000000000000000000000001000000000000000000000000000000000000000000000000000000000000001000000010000000010000000000000000000001100100010100000000000000000001
0010000000000000000000000001000000000000000000000000000000000000000000000000000000000000001000000010000000010000000000000000000000000000000000000000000000000001
0010000000000000000000000001000000000000000000000000000000000000101010001001000000000000011001000010000000010000000000000000000000000000000000000000000000000001
0010000000000000000000000001000000000000000000000000000000000000001000000001000000000000000000000010000000010000000000000000000000000000000000000000000000000001
0010000000000000000000000001000000000000000000000000000000000000001000000001000000000000000000000110010001010000000000000000000000000000000000000000000000000001
0010000000000000000000000001000000000000000000000000000000000000001000000001000000000000000000000010000000000000000000000000000000000000000000000000000000000001
0010000000000000000000000001000000000000000000000000000000000000001000000001000000000000000000000010000000000000000000000000000000000000000000000000000000000001
0010000000000000000000000001000000000000000000000000000000000000001000000001000000000000000000000010000000000000000000000000000000000000000000000000000000000001
0010000000000000000000000001000000000000000000000000000000000000011001000101000000000000000000000010000000000000000000000000000000000000000000000000000000000001
0010000000000000000000000001000000000000000000000000000000000000000000000000000000000000000000000010000000000000000000000000000000000000000000000000000000000001
0010000000000000000000000001000000000000000000000000000000000000000000000000000000000000000000000010000000000000000000000000000000000000000000000000000000000001
0010000000000000000000000001000000000000000000000000000000000000000000000000000000000000000000000010000000000000000000000000000000000000000000000000000000000001
0010000000000000000000000001000000000000000000000000000000000000000000000000000000000000000000000010000000000000000000000000000000000000000000000000000000000001
0010000000000000000000000001000000000000000000000000000000000000000000000000000000000000000000000010000000000000000000000000000000000000000000000000000000000001
0010000000000000000000000001000000000000000000000000000000000000000000000000000000000000000000000010000000000000000000000000000000000000000000000000000000000001
0010000000000000000000000001000000000000000000000000000000000000000000000000000000000000000000000010000000000000000000000000000000000000000000000000000000000001
0010000000000000000000000101000000000000000000000000000000000000000000000000000000000000000000000110000000000000000000000000000000000000000000000000000000000001
0010000000000000000000000000000000000000000000000000000000000000000000000000000000000000000000000000000000000000000000000000000000000000000000000000000000000001
0010000000000000000000000000000000000000000000000000000000000000000000000000000000000000000000000000000000000000000000000000000000000000000000000000000000000001
0010000000000000000000000000000000000000000000000000000000000000000000000000000000000000000000000000000000000000000000000000000000000000000000000000000000000001
0010000000000000000000000000000000000000000000000000000000000000000000000000000000000000000000000000000000000000000000000000000000000000000000000000000000000001
0010000000000000000000000000000000000000000000000000000000000000000000000000000000000000000000000000000000000000000000000000000000000000000000000000000000000001
0010000000000000000000000000000000000000000000000000000000000000000000000000000000000000000000000000000000000000000000000000101010001001000000000000000000000001
0010000000000000000000000000000000000000000000000000000000000000000000000000000000000000000000000000000000000000000000000000001000000001000000000000000000000001
0010000000000000000000000000000000000000000000000000000000000000000000000000000000000000101010001001000000000000000000000000001000000001000000000000000000000001
0010000000000000000000000000000000000000000000000000000000000000000000000000000000000000001000000001000000000000000000000000101010001001000000000000000000000001
0010000000000000000000000000000000000000000000000000000000000000000000000000000000000000001000000001000000001010100010011010100010010001000000000000000000000001
0010000000000000000000000000000000000000000000000000000000000000000000000000000000000000001000000001000000000010000000010010001000010001000000000000000000000001
0010000000000000000000000000000000000000000000000000000000000000000000000000000000000000001000000001000000000010000000010010001000010001000000000000000000000001
0010000000000000000000000000000000000000000000000000000000000000000000000000000000000000001000000001000000000010000000010010001000010001000000000000000000000001
0010000000000000000000000000000000000000000000000000000000000000000000000000000000000000011001000101000000000010000000010010001000010001000000000000000000000001
0010000000000000000000000000000000000000000000000000000000000000000000000000000000000000000000000000000000000010000000010010011000010101000000000000000000000001
0010000000000000000000000000000000000000000000000000000000000000000000000000000000000000000000000000000000000110010001010110010001010000000000000000000000000001
0010000000000000000000000000000000000000000000000000000000000000000000000000000000000000000000000000000000000000000000000000000000000000000000000000000000000001
0010000000000000000000000000000000000000000000000000000000000000000000000000000000000000000000000000000000000000000000000000000000000000000000000000000000000001
0010000000000000000000000000000000000000000000000000000000000000000000000000000000000000000000000000000000000000000000000000000000000000000000000000000000000001
0010000000000000000000000000000000000000000000000000000000000000000000000000000000000000000000000000000000000000000000000000000000000000000000000000000000000001
0010000000000000000000000000000000000000000000000000000000000000000000000000000000000000000000000000000000000000000000000000000000000000000000000000000000000001
0110010001000100010001000100010001000100010001000100010001000100010001000100010001000100010001000100010001000100010001000100010001000100010001000100010001000101
