1010100010001000100010001000100010001000100010001000100010001000100010001000100010001000100010001000100010001000100010001000100010001000100010001001
0010000000000000000000000000000000000000000000000000000000000000000000000000000000000000000000000000000000000000000000000000000000000000000000000001
0010000000000000000000000000000000000000000000000000000000000000000000000000000000000000000000000000000000000000000000000000000000000000000000000001
0010000000000000000000000000000000000000000000000000000000000000000000000000000000000000000000000000000000000000000000000000000000000000000000000001
0010000000000000000000000000000000000000000000000000000000000000000000000000000000000000000000000000000000000000000000000000000000000000000000000001
0010000000000000000000000000000000000000000000000000000000000000000000000000000000000000000000000000000000000000000000000000000000000000000000000001
0010000000000000000000000000000000000000000000000000000000000000000000000000000000000000000000000000000000000000000000000000000000000000000000000001
0010000000000000000000000000000000001010100010001000100100000000000000000000000000000000000000000000101000000000000000000000000000000000000000000001
0010000000000000000000000110010001000100010001000100010001000100010001000100010001000100010001000100010001000100010001000100010001000101000000000001
0010000000000000000000000000000000100010000000000000000100010000000000000000000000000000000000000000001000000000000000000000000000000000000000000001
0010000000000000000000000000000001100100010001000100010001010000000000000000000000000000000000000000001000000000000000000000000000000000000000000001
0010000000000000000000000000000000000110010001000100000100000000000000000000000000000000101010001001001000000000000000000000000000000000000000000001
0010000000000000000000000000000000000000000000000000000100000000000000000000000000000000001000000001001000000000000000000000000000000000000000000001
0010000000000000000000000000000000000000000000000000000100000000000000000000000000000000001000000001001000000000000000000000000000000000000000000001
0010000000000000000000000000000000000000000000000000000100000000000010101000100010010000001000000001001000000000000000000000000000000000000000000001
0010000000000000000000000000000000000000000000000000000100000000000000100000000000010000001000000001001000000000000000000000000000000000000000000001
0010000000000000000000000000000000000000000000000000000100000000000000100000000000010000001000000001001000000000000000000000000000000000000000000001
0010000000000000000000000000000000000000000000000000000100000000000000100000000000010000011001000101001000000000000000000000000000000000000000000001
0010000000000000000000000000000000000000000000000000000100000000000000100000000000010000000000000000001000000000000000000000000000000000000000000001
0010000000000000000000000000000000000000000000000000000100000000000001100100010001010000000000000000001000000000000010101000100100000000000000000001
0010000000000000000000000000000000000000000000000000000100000000000000000000000000000000000000000000001000000000000000100000000100000000000000000001
0010000000000000000000000000000000000000000000000000000100000000000000000000000000000000000000000000001000000000000000100000000100000000000000000001
0010000000000000000000000000000010101000100100000000000100000000000000000000000000000000000000000000001000000000000000100000000100000000000000000001
0010000000000000000000000000000000100000000100000000000100000000000000000000000000000000000000000000001000000000000000100000000100000000000000000001
0010000000000000000000000000000000100000000100000000000100000000000000000000000000000000000000000000001000000000000000100000000100000000000000000001
0010000000000000000000000000000000100000000100000000000100000000101010001001000000000000000000000000001000000000000001100100010100000000000000000001
0010000000000000000000000000000000100000000100000000000100000000001000000001000000000000000000000000001000000000000000000000000000000000000000000001
0010000000000000000000001010100010001000100010001000100010001000100010001000100010001000100010001000100010001000100010001000100010001001000000000001
0010000000000000000000000000000001100100010100000000000000000000001000000001000000000000000000000000000000000000000000000000000000000000000000000001
0010000000000000000000000000000000000000000000000000000000000000001000000001000000000000000000000000000000000000000000000000000000000000000000000001
0010000000000000000000000000000000000000000000000000000000000000001000000001000000000000000000000000000000000000000000000000000000000000000000000001
0010000000000000000000000000000000000000000000000000000000000000011001000101000000000000000000000000000000000000000000000000000000000000000000000001
0010000000000000000000000000000000000000000000000000000000000000000000000000000000000000000000000000000000000000000000000000000000000000000000000001
0010000000000000000000000000000000000000000000000000000000000000000000000000000000000000000000000000000000000000000000000000000000000000000000000001
0010000000000000000000000000000000000000000000000000000000000000000000000000000000000000000000000000000000000000000000000000000000000000000000000001
0010000000000000000000000000000000000000000000000000000000000000000000000000000000000000000000000000000000000000000000000000000000000000000000000001
0010000000000000000000000000000000000000000000000000000000000000000000000000000000000000000000000000000000000000000000000000000000000000000000000001
0010000000000000000000000000000000000000000000000000000000000000000000000000000000000000000000000000000000000000000000000000000000000000000000000001
0010000000000000000000000000000000000000000000000000000000000000000000000000000000000000000000000000000000000000000000000000000000000000000000000001
0010000000000000000000000000000000000000000000000000000000000000000000000000000000000000000000000000000000000000000000000000000000000000000000000001
0010000000000000000000000000000000000000000000000000000000000000000000000000000000000000000000000000000000000000000000000000000000000000000000000001
0010000000000000000000000000000000000000000000000000000000000000000000000000000000000000000000000000000000000000000000000000000000000000000000000001
0010000000000000000000000000000000000000000000000000000000000000000000000000000000000000000000000000000000000000000000000000000000000000000000000001
0010000000000000000000000000000000000000000000000000000000000000000000000000000000000000000000000000000000000000000000000000000000000000000000000001
0010000000000000000000000000000000000000000000000000000000000000000000000000000000000000000000000000000000000000000000000000000000000000000000000001
0010000000000000000000000000000000000000000000000000000000000000000000000000000000000000000000000000000000000000000000000000000000000000000000000001
0010000000000000000000000000000000000000000000000000000000000000000000000000101010001001000000000000000000000000000000000000000000000000000000000001
0010000000000000000000000000000000000000000000000000000000000000000000000000001000000001000000000000000000000000000000000000000000000000000000000001
0010000000000000000000000000000000000000000000000000000000000000000000000000001000000001000000000000000000000000000000000000000000000000000000000001
0010000000000000000000000000000000000000000000000000000000000000000000000000001000000001000000000000000000000000000000000000000000000000000000000001
0010000000000000000000000000000000000000000000000000000000000000000000000000001000000001000000000000000000000000000000000000000000000000000000000001
0010000000000000000000000000000000000000000000000000000000000000000000000000001000000001000000000000000000000000000000000000000000000000000000000001
0010000000000000000000000000000000000000000000000000000000000000000000000000011001000101000000000000000000000000000000000000000000000000000000000001
0110010001000100010001000100010001000100010001000100010001000100010001000100010001000100010001000100010001000100010001000100010001000100010001000101
