10101000100010001000100010001000100010001000100010001000100010001000100010001000100010001000100010001000100010001000100010001000100010001000100010001000100010001001
00100000000000000000000000000000000000000000000000000000000000000000000000000000000000000000000000000000000000000000000000000000000000000000000000000000000000000001
00100000000000000000000000000000000000000000000000000000000000000000000000000000000000000000000000000000000000000000000000000000000000000000000000000000000000000001
00100000000000000000000000000000000000000000000000000000000000000000000000000000000000000000000000000000000000000000000000000000000000000000000000000000000000000001
00100000000000000000000000000000000000001001000000000000000000000000000000000000000000000000101000000000000000000000000000000000000000000000000000000000000000000001
00100000000000000000000000000000000000000001000000000000000000000000000000000000000000000000001000000000000000000000000000000000000000000000000000000000000000000001
00100000000000000000000000000000000000000001000000000000000000000000000000000000000000000000001000000000000000000000000000000000000000000000000000000000000000000001
00100000000000000000000000000000000000000001000000000000000000000000000000000000000000000000001000000000000000000000000000000000000000000000000000000000000000000001
00100000000000000000000000000000000000000001000000000000000000000000000000000000000000000000001000000000000000000000000000000000000000000000000000000000000000000001
00100000000000000000000000000000000000000001000000000000000000000000000000000000000000000000001000000000000000000000000000000000000000000000000000000000000000000001
00100000000000000000000000000000011001000100010001000100010001000100010001000100010001000100010001000101000000000000000000000000000000000000000000000000000000000001
00100000000010101000100100000000000000000001000000000000000000000000000000000000000000000000001000000000000000000000000000000000000000000000000000000000000000000001
00100000000000100000000100000000000000000001101010001000100010001000100010010000000000000000001000000000000000000000000000000000000000000000000000000000000000000001
00100000000000100000000100000000000000000001011001000100010010101000100101010000000000000000001000000000000000000000000000000000000000000000000000000000000000000001
00100000000000100000000100000000000000000001000000000000000000100000000100000000100100000000001000000000000000000000000000000000000000000000000000000000101000000001
00100000000000100000000100000000000000000001000000000000000000100000000100000000000100000000001000000000000000000000000000000000000000000000000000000000001000000001
00100000000000100000000100000000000000000001000000000000000000100000000100000000000100000000001000000000000000000000000000000000000000000000000000000000001000000001
00100000000001100100010100000000000000000001000000000000000000100000000100000000000100000000001000000000000000000000000000000000000000000000000000000000001000000001
00100000000000000000000000000000000000000001000000000000000000100000000100000000000100000000001000000000000000000000000000000000000000000000000000000000001000000001
00100000000000000000000000000000101010001000100010001000100010001000100010001000100010001000100010001001000000000000000000000000000000000000000000000000001000000001
00100000000000000000000000000000000000000001000000000000000000000000000001100100010001000100010001000100010001000100010001000100010100000000000000000000001000000001
00100000000000000000000000000000000000000001000000000000000000000000000000000000000100000000001000000000000000000000000000000000000000000000000000000000001000000001
00100000000000000000000000000000000000000001000000000000000000000000000000000000000100000000001000000000000000000000000000000000000000000000000000000000001000000001
00100000000000000000000000000000000000000001000000000000000000000000000000000000000100000000001000000000000000000000000000000000000000000000000000000000001000000001
00100000000000000000101010001001000000000001000000000000000000000000000000000000000100000000001000000000000000000000000000000000000000000000000000000000001000000001
00100000000000000000001000000001000000000101000000000000000000000000000000000000000100000000011000000000000000000000000000000000000000000000000000000000001000000001
00100000000000000000001000000001000000000000000000000000000000000000000010101000100010001000100010001000100010001000100010001000100100000000000000000000001000000001
00100000000000000000001000000001000000000000000000000000000000000000000000000000000100000000000000000110010001000100010001000100010001000100010001010000001000000001
00100000000000000000001000000001000000000000000000000000000000000000000000000000000100000000000000000000000000000000000000000000000000000000000000000000001000000001
00100000000000000000001000000001000000000000000000000000000000000000000000000000000100000000000000000000000000000000000000000000000010101000100100000000001000000001
00100000000000000000011001000101000000000000000000000000000000000000000000000000000100000000000000001010100010001000100010001000100010001000100010010000001000000001
00100000000000000000000000000000000000000000000000000000000000000000000000000000000100000000000000000000000000000000000000000000000000100000000100000000001000000001
00100000000000000000000000000000000000000000000000000000000000000000000000000000000100000000000000000000000000000000000000000000000000100000000100000000001000000001
00100000000000000000000000000000000000000000000000000000000000000000000000000000000100000000000000000000000000000000000000000000000000100000000100000000001000000001
00100000000000000000000000000000000000000000000000000000000000000000000000000000000100000000000000000000000000000000000010101000100100100000000100000000001000000001
00100000000000000000000000000000000000000000000000000000000000000000000000000000000100000000000000000000000000000000000000100000000101100100010100000000001000000001
00100000000000000000000000000000000000000000000000000000000000000000000000000000000100000000000000000000000000000000000000100000000100000000000000000000001000000001
00100000000000000000000000000000000000000000000000000000000000000000000000000000000100000000000000000000000000000000000000100000000100000000000000000000001000000001
00100000000000000000000000000000000000000000000000000000000000000000000000000000000100000000000000000000000000000000000000100000000100000000000000000000001000000001
00100000000000000000000000000000000000000000000000000000000000000000000000000000000100000000000000000000000000000000000000100000000100000000000000000000001000000001
00100000000000000000000000000000000000000000000000000000000000000000000000000000010100000000000000000000000000000000000001100100010100000000000000000000011000000001
00100000000000000000000000000000000000000000000000000000000000000000000000000000000000000000000000000000000000000000000000000000000000000000000000000000000000000001
00100000000000000000000000000000000000000000000000000000000000000000000000000000000000000000000000000000000000000000000000000000000000000000000000000000000000000001
00100000000000000000000000000000000000000000000000000000000000000000000000000000000000000000000000000000000000000000000000000000000000000000000000000000000000000001
00100000000000000000000000000000000000000000000000000000000000000000000000000000000000000000000000000000000000000000000000000000000000000000000000000000000000000001
00100000000000000000000000000000000000000000000000000000000000000000000000000000000000000000000000000000000000000000000000000000000000000000000000000000000000000001
00100000000000000000000000000000000000000000000000000000000000000000000000000000000000000000000000000000000000000000000000000000000000000000000000000000000000000001
01100100010001000100010001000100010001000100010001000100010001000100010001000100010001000100010001000100010001000100010001000100010001000100010001000100010001000101
