1010100010001000100010001000100010001000100010001000100010001000100010001000100010001000100010001000100010001000100010001000100010001000100010001000100010001001
0010000000000000000000000000000000000000000000000000000000000000000000000000000000000000000000000000000000000000000000000000000000000000000000000000000000000001
0010000000000000000000000000000000000000000000000000000000000000000000000000000000000000000000000000000000000000000000000000000000000000000000000000000000000001
0010000000000000000000000000000000000000000000000000000000000000000000000000000000000000000000000000000000000000000000000000000000000000000000000000000000000001
0010000000000000000000000000000000000000000000000000000000000000000000000000000000000000101010001001000000000000000000000000000000000000000000000000000000000001
0010000000000000000000000000000000000000000000000000000000000000000000000000000000000000001000000001000000000000000000000000000000000000000000000000000000000001
0010000000000000000000000000000000000000000000000000000000000000000000000000000000000000001000000001000000000000000000000000000000000000000000000000000000000001
0010000000000000000000000000000000000000000000000000000000000000000000000000000000000000001000000001000000000000000000000000000010101000100100000000000000000001
0010000000000000000000000000000000000000000000000000000000000000000000000000000000000000001000000001000000000000000000000000000000100000000100000000000000000001
0010000000000000000000000000000000000000000000000000000000000000000000000000000000000000001000000001000000000000000000000000000000100000000100000000000000000001
0010000000000000000000000000000000000000000000000000000000000000100100000000000000000000011001000101000000000000000000000000000000100000000100000000101000000001
0010000000000000000000000000000000000110010001000100010001000100010001000100010001000100010001000100010001000100010100000000000000100000000100000000001000000001
0010000000000000000000000000000000000000000000000000000000000000000100000000000000000000000000000000000000000000000000000000000000100000000100000000001000000001
0010000000000000000000000000000000000000000000000000000000000000000100000000000000000000000000000000000000000000000000000000000001100100010100000000001000000001
0010000000000000000000000000000000000000000000000000000000000000000100000000000000000000000000000000000000000000000000000000000000000000000000000000001000000001
0010000000000000000000000000000000000000000000000000000000000000000100000000000000000000000000000000000000000000000000000000000000000000000000000000001000000001
0010000000000000000000000000000000000000000000000000000000000000000100000000000000000000000000000000000000000000000000000000000000000000000000000000001000000001
0010000000000000000000000000000000000000000000000000000000000000000100000000000000000000000000000000000000000000000000000000000000000000000000000000001000000001
0010000000000000000000000000000000000000000000000000000000000000000100000000000000000000000000000000000000000000000000000000000000000000000000000000001000000001
0010000000000000000000000000000000000000000000000000000000000000000100000000000000000000000000000000000000000000000000000000000000000000000000000000001000000001
0010000000000000000000000000000000000000000000000000000000000000000100000000000000000000000000000000000000000000000000000000000010101000100100000000001000000001
0010000000000000000000000000000000000000000000000000000000000000000100000000000000000000000000000000000000001001000000000000000000100000000100000000001000000001
0010000000000000000000000000000000001010100010001000100010001000100010001000100010001000100010001000100010001000100100000000000000100000000100000000001000000001
0010000000000000000000000000000000000000000000000000000000000000000100000000000000000000000000000000000000000001000000000000000000100000000100001010100010010001
0010000000000000000000000000000000000000000000000000000000000000000100000000000000000000000000000000000000000001000000000000000000100000000100000010001000010001
0010000000000000000000000000000000000000000000000000000000000000000100000000000000000000000000000000000000000001000000000000000000100000000100000010001000010001
0010101010001001000000000000000000000000000000000000000000000000000100000000000000000000000000000000000000000001000000000000000001100100010100000010001000010001
0010001000000001000000000000000000000000000000000000000000000000000100000000000000000000000000000000000000000001000000000000000000000000000000000010001000010001
0010001000000001000000000000000000000000000000000000000000000000000100000000000000000000000000000000000000000001000000000000000000000000000000000010001000010001
0010001000000001000000000000000000000000000000000000000000000000000100000000000000000000000000000000000000000001000000000000000000000000000000000110010001010001
0010001000000001000000000000000000000000000000000000000000000000000100000000000000000000000000000000000000000001000000000000000000000000000000000000001000000001
0010001000000001000000000000000000000000000000000000000000000000000100000000000000000000000000000000000000000001000000000000000000000000000000000000001000000001
0010011001000101000000000000000000000000000000000000000000000000000100000000000000000000000000000000101010001001000000000000000000000000000000000000001000000001
0010000010101000100100000000000000000000000010101000100100000000000100000000000000000000000010101000100100000001000000000000000000000000000000000000001000000001
0010000000100000000100000000000000000000000000100000000100000000000100000000000000000000000000100000000100000001000000000000000000000000000000000000001000000001
0010000000100000000100000000000000000000000000100000000100000000000100000000000000000000000000100000000100000001000000000000000000000000000000000000001000000001
0010000000100000000100000000000000000000000000100000000100000000000100000000000000000000000000100000000100000001000000000000000000000000000000000000001000000001
0010000000100000000100000000000000000000000000100000000100000000000100000000000000000000000000100000000100000001000000000000000000000000000000000000001000000001
0010000000100000000100000000000000000000000000100000000100000000000100000000000000000000000000100000000101000101000000000000000000000000000000000000001000000001
0010000001100100010100000000000000000000000001100100010100000000010100000000000000000000000001100100010100000001000000000000000000000000000000000000011000000001
0010000000000000000000000000000000000000000000000000000000000000000000000000000000000000000000000000000000000001000000000000000000000000000000000000000000000001
0010000000000000000000000000000000000000000000000000000000000000000000000000000000000000000000000000000000000101000000000000000000000000000000000000000000000001
0010000000000000000000000000000000000000000000000000000000000000000000000000000000000000000000000000000000000000000000000000000000000000000000000000000000000001
0010000000000000000000000000000000000000000000000000000000000000000000000000000000000000000000000000000000000000000000000000000000000000000000000000000000000001
0010000000000000000000000000000000000000000000000000000000000000000000000000000000000000000000000000000000000000000000000000000000000000000000000000000000000001
0010000000000000000000000000000000000000000000000000000000000000000000000000000000000000000000000000000000000000000000000000000000000000000000000000000000000001
0010000000000000000000000000000000000000000000000000000000000000000000000000000000000000000000000000000000000000000000000000000000000000000000000000000000000001
0010000000000000000000000000000000000000000000000000000000000000000000000000000000000000000000000000000000000000000000000000000000000000000000000000000000000001
0010000000000000000000000000000000000000000000000000000000000000000000000000000000000000000000000000000000000000000000000000000000000000000000000000000000000001
0110010001000100010001000100010001000100010001000100010001000100010001000100010001000100010001000100010001000100010001000100010001000100010001000100010001000101
