10101000100010001000100010001000100010001000100010001000100010001000100010001000100010001000100010001000100010001000100010001000100010001001
00100000000000000000000000000000000000000000000000000000000000000000000000000000000000000000000000000000000000000000000000000000000000000001
00100000000000000000000000000000000000000000000000000000000000000000000000000000000000000000000000000000000000000000000000000000000000000001
00100000101010001001000000000000000000000000000000000000000000000000000000000000000000000000000000000000000000000000000000000000000000000001
00100000001000000001000000000000000000000000000000000000000000000000000000000000000000000000000000000000000000000000000000000000000000000001
00100000001001100100010001000100010001000100010001000100010100000000000000000000000000000000000000000000000000000000000000000000000000000001
00100000001000000001000000000000000000000000000000000000000000000000000000000000000000000000000000000000000000000000000000000000000000000001
00100000001000000001000000000000000000000000000000001010100010010000000000000000000000000000000000000000000000000000000000000000000000000001
00100000001010101000100010001000100010001000100010001000100100010000000000000000000000000000000000000000000000000000000000000000000000000001
00100000011001000101000000000000000000000000000000000010000000010000000000000000000000000000000000000000000000000000000000000000000000000001
00100000000000000000000000000000000000000000000000000010000000010000000000000000000000000000000000000000000000000000000000000000000000000001
00100000101010001001000000000000000000000000000000000010000000010000000000000000000000000000000000000000000000000000000000000000000000000001
00100000001000000001000000000000000000000000000000000010000000010000000000000000000000000000000000000000000000000000000000000000000000000001
00100000001000000001000000000000000000000000000000000110010001010000000000000000000000000000000000000000000000000000000000000000000000000001
00100000001000000001000000000000000000000000000000000000000000000000000000000000000000000000000000000000000000000000000000000000000000000001
00100000001000000001000000000000000000000000000000000000000000000000000000000000000000000000000000000000000000000000000000000000000000000001
00100000001000000001000000000000000000000000000000000000000000000000000000000000000000000000000000000000000000000000000000000000000000000001
00100000011001000101000000000000000000000000000000000000000000000000000000000000000000000000000000000000000000000000000000000000000000000001
00100000000000000000000000000000000000000000000000000000000000000000000000000000000000000000000010010000000000000000000000000000000000000001
00100000000000000000000000000000000000000000000000000000000000000000000000000000000000000000000000010000000000000000000000000000000000000001
00100000000000000000000000000000000000000000000000000000000000000000000000000000000000000000000000010000000000000000000000000000000000000001
00100000000000000000000000000000000000000000000000000000000000000000000000000000000000000000000000010000000000000000000000000000000000000001
00100000000000000000000000000000000000000000000000000000000000000000000000000000000000000000000000010000000000000000000000000000000000000001
00100000000000000000000000000000000000000000000000000000000000000000000000000000000000000000000000010000000000000000000000000000000000000001
00100000000000000000000000000000000000000000000000000000000000000000000000000000000000000000000000010000000000000000000000000000000000000001
00100000000000000000000000000000000000000000000000000000000000000000000000000000000000000000000000010000000000000000000000000000000000000001
00100000000000000000000000000000000000000000000000000000000000000000000000000000000000000000000000010000000000000000000000000000000000000001
00100000000000000000000000000000000000000000000000000000000000000000000000000000000000000000000000010000000000000000000000000000000000000001
00100000000000000000000000000000000000000000000000000000000000000000000000000000000000000000000000010000000000000000000000000000000000000001
00100000000000000000000000000000000000000000000000000000000000000000000000000000000000000000000000010000000000000000000000000000000000000001
00100000000000000000000000000000000000000000000000000000000000000000000000000000000000000000000000010000000000000000000000000000000000000001
00100000000000000000000000000000000000000000000000000000000000000000000000000000000000000000000000010000000000000000000000000000000000000001
00100000000000000000000000000000000000000000000000000000000000000000000000000000000000000000000000010000000000000000000000000000000000000001
00101000100100000000000000000000000000000000000000000000000000000000000000000000000000000000000000010000000000000000000000000000000000000001
00100000000100000000000000000000000000000000000000000000000000000000000000000000000000000000000000010000000000000000000000000000000000000001
00100000000100000000000000000000000000000000000000000000000000000000000000000000000000000000000000010000000000000000000000000000000000000001
00100000000100000000000000000000000000000000000000000000000000000000000000000000000000000000000001010000000000000000000000000000000000000001
00100000000100000000000000000000000000000000000000000000000000000000000000000000000000000000000000000000000000000000000000000000000000000001
00100000000100000000000000000000000000000000000000000000000000000000000000000000000000000000000000000000000000000000000000000000000000000001
00100100010100000000000000000000000000000000000000000000000000000000000000000000000000000000000000000000000000000000000000000000000000000001
00100000000000000000000000000000000000000000000000000000000000000000000000000000000000000000000000000000000000000000000000000000000000000001
00100000000000000000000000000000000000000000000000000000000000000000000000000000000000001010100010010000000000000000000000000000000000000001
00100000000000000000000000000000000000000000000000000000000000000000000000000000000000000010000000010000000000000000000000000000000000000001
00100000000000000000000000000000000000000000000000000000000000000000000000000000000000000010000000010000000000000000000000000000000000000001
00100000000000000000000000000000000000000000000000000000000000000000000000000000000000000010000000010000000000000000000000000000000000000001
00100000000000000000000000000000000000000000000000000000000000000000000000000000000000000010000000010000000000000000000000000000000000000001
00100000000000000000000000000000000000000000000000000000000000000000000000000000000000000010000000010000000000000000000000000000000000000001
00100000000000000000000000000000000000000000000000000000000000000000000000000000000000000110010001010000000000000000000000000000000000000001
00100000000000000000000000000000000000000000000000000000000000000000000000000000000000000000000000000000000000000000000000000000000000000001
00100000000000000000000000000000000000000000000000000000000000000000000000000000000000000000000000000000000000000000000000000000000000000001
00100000000000000000000000000000000000000000000000000000000000000000000000000000000000000000000000000000000000000000000000000000000000000001
00100000000000000000000000000000000000000000000000000000000000000000000000000000000000000000000000000000000000000000000000000000000000000001
00100000000000000000000000000000000000000000000000000000000000000000000000000000000000000000000000000000000000000000000000000000000000000001
00100000000000000000000000000000000000000000000000000000000000000000000000000000000000000000000000000000000000000000000000000000000000000001
00100000000000000000000000000000000000000000000000000000000000000000000000000000000000000000000000000000000000000000000000000000000000000001
00100000000000000000000000000000000000000000000000000000000000000000000000000000000000000000000000000000000000000000000000000000000000000001
01100100010001000100010001000100010001000100010001000100010001000100010001000100010001000100010001000100010001000100010001000100010001000101
