101010001000100010001000100010001000100010001000100010001000100010001000100010001000100010001000100010001000100010001000100010001000100010001001
001000000000000000000000000000000000000000000000000000000000000000000000000000000000000000000000000000000000000000000000000000000000000000000001
001000000000000000000000000010101001000000000000000000000000000000000000000000000000000000000000000000000000000000000000000000000000000000000001
001000000000000000000000000000100001000000000000000000000000000000000000000000000000000000000000000000000000000000000000000000000000000000000001
001000000000000000000000000000100001000010010000000000000000000000000000000000000000000000000000000000001010000000000000000000000000000010100001
001000000000000000000000000000100001000000010000000000000000000000000000000000000000000000000000000000000010000000000000000000000000000000100001
001000000000000000000000000000100001000000010000000000000000000000000000000000000000000000000000000000000010000000000000000000000000000000100001
001000000000000010101000100100100001000000010000000000000000000000000000000000000000000000000000000000000010000000000000000000000000000000100001
001000000000000000100000000100100001000000010000000000000000000000000000000000000000000000000000000000000010000000000000000000000000000000100001
001000000000000000100000000101100101000000010000000000000000000000000000000000000000000000000000000000000010000000000000000000000000000000100001
001000000000000000100000000100000000000000010000000000000000000000000000000000000000000000000000000000000010000000000000000000000000000000100001
001000000000101010001001000100000000000000010000000000000000000000001001000000000000000000000000000000000010000000000000000000001010000000100001
001000000000001000100001000100000000000000010000000000000000000000000001000000000000000000000000000000000010000000000000000000000010000000100001
001000000000001001100001010100000000000000010000000000000000000000000001000010010000000000000000101000000010000000000000000000000010000000100001
001000000000001000000001000000000000000000010000000000000000000000000001000000010000000000000000001000000010000000000000000000000010000000100001
001000000000001000000001000000000000000000010000000000000000000000000001000000010000000000000000001000000010000000000000000000000010000000100001
001000000000001000000001000000000000000000010000000000000000000000000001000000010000000000000000001000000010000000000000000000000010000000100001
001000000000011001000101000000000000000000010000000000000000000000000001000000010000000000000000001000000010000000000000000000000010000000100001
001000000000000000000000000000000000000000010000000000000000000000000001000000010000000000000000001000000010000000000000000000000010000000100001
001000000000000000000000000000000000000000010000000000000000000000000001000000010000000000000000001000000010000000000000000000000010000000100001
001000000000000000000000000000000000000000010000000000000000000000000001000000010000000000000000001000000010000000000000000000000010000000100001
001000000000000000000000000000000000000000010000000000000000000000000001000000010000000000000000001000000010000000000000000000000010000000100001
001000000000000000000000000000000000000000010000000000000000000000000001000000010000000000000000001000000010000000000000000000000010000000100001
001000000000000000000000000000000000000000010000000000000000000000000001000000010000000000000000001000000010000000000000000000000010000000100001
001000000000000000000000000000000000000000010000000000000000000000000001000000010000000000000000001000000010000000000000000000000010000000100001
001000000000000000000000000000000000000000010000000000000000000000000001000000010000000000000000001000000010000010101000100010010010000000100001
001000000000000000000000000000000000000000010000000000000000000000000001000001010000000000000000011000000010000000100000000000010010000000100001
001000000000000000000000000000000000000000010000000000000000000000000001000000000000000000000000000000000010000000100000000000010010000000100001
001000000000000000000000000000000000000000010000000000000000000000000001000000000000000000000000000000000110000000100000000000010010000000100001
001000000000000000000000000000000000000000010000000000000000000000000001000000000000000000000000000000000000000000100000000000010010000000100001
001000000000000000000000000000000000000000010000000000000000000000000001000000000000000000000000000000000000000001100100010001010010000000100001
001000000000000000000000000000000000000000010000000000000000000000000001000000000000000000000000000000000000000000000000000000000010000000100001
001000000000000000000000000000000000000000010000000000000000000000000001000000000000000000000000000000000000000000000000000000000010000000100001
001000000000000000000000000000000000000000010000000000000000000000000001000000000000000000000000000000000000000000000000000000000010000000100001
001000000000000000000000000000000000000000010000000000000000000000000101000000000000000000000000000000000000000000000000000000000110000000100001
001000000000000000000000000000000000000000010000000000000000000000000000000000000000000000000000000000000000000000000000000000000000000000100001
001000000000000000000000000000000000000001010000000000000000000000000000000000000000000000000000000000000000000000000000000000000000000001100001
001000000000000000000000000000000000000000000000000000000000000000000000000000000000000000000000000000000000000000000000000000000000000000000001
001000000000000000000000000000000000000000000000000000000000000000000000000000000000000000000000000000000000000000000000000000000000000000000001
001000000000000000000000000000000000000000000000000000001010100010010000000000000000000000000000000000000000000000000000000000000000000000000001
001000000000000000000000000000000000000000000000000000000010000000010000000000000000000000000000000000000000000000000000000000000000000000000001
001000000000000000000000000000000000000000000000000000000010000000010000000000000000000000000000000000000000000000000000000000000000000000000001
001000000000000000000000000000000000000000000000101010001001000000010000000000001010100010010000000000000000000000000000000000000000000000000001
001000000000000000000000000000000000000000000000001000000001000000010000000000000010000000010000000000000000000000000000000000000000000000000001
001000000000000000000000000000000000000000000000001000000001000000010000000000000010000000010000000000000000000000000000000000000000000000000001
001000000000000000000000000000000000000000000000001000000001010001010000000000000010000000010000000000000000000000000000000000000000000000000001
001000000000000000000000000000000000000000000000001000000001000000000000000000000010000000010000000000000000000000000000000000000000000000000001
001000000000000000000000000000000000000000000000001000000001000000000000000000000010000000010000000000001010100010010000000000000000000000000001
001000000000000000000000000000000000000000000000011001000101000000000000000000000110010001010000000000000010000000010000000000000000000000000001
001000000000000000000000000000000000000000000000000000000000000000000000000000000000000000000000000000000010000000010000000000000000000000000001
001000000000000000000000000000000000000000000000000000000000000000000000000000000000000000000000000000000010000000010000000000000000000000000001
001000000000000000000000000000000000000000000000000000000000000000000000000000000000000000000000000000000010000000010000000000000000000000000001
001000000000000000000000000000000000000000000000000000000000000000000000000000000000000000000000000000000010000000010000000000000000000000000001
001000000000000000000000000000000000000000000000000000000000000000000000000000000000000000000000000000000110010001010000000000000000000000000001
011001000100010001000100010001000100010001000100010001000100010001000100010001000100010001000100010001000100010001000100010001000100010001000101
