10101000100010001000100010001000100010001000100010001000100010001000100010001000100010001000100010001000100010001000100010001000100010001000100010001000100010001001
00100000000000000000000000000000000000000000000000000000000000000000000000000000000000000000000000000000000000000000000000000000000000000000000000100000000100000001
00100000000000000000000000000000000000000000000000000000000000000000000000000000000000000000000000000000000000000000000000000000000000000000000000100000000100000001
00100000000000000000000000000000000000000000000000000000000000000000000000000000000000000000000000000000000000000000000000000000000000000000000000100000000100000001
00100000000000000000000000000000000000000000000000000000000000000000000000000000000000000000000000000000000000000000000000000000000000000000000010101000100100000001
00100000000000000000000000000000000000000000000000000000000000000000000000000000000000000000000000000000000000000000000000000000000000000000000000100000000100000001
00100000000000000000000000000000000000000000000000000000000000000000000000000000000000000000000000000000000000000000000000000000000000000000000000100100000100000001
00100000000000000000000000000000000000000000000000000000000000000000000000000000000000000000000000000000000000000000000000000000000000000000000000100000000100000001
00100000000000000000000000000000000000000000000000000000000000000000000000000000000000000000000000000000000000000000000000000000000000000000000000100000000100000001
00100000000000000000000000000000000000000000000000000000000000000000000000000000000000000000101010001001000000000000000000000000000000000000000000100000000100000001
00100000000000000000000000000000000000000000000000000000000000000000000000000000000010101000100100000001000000000000000000000000000000000000000001100100010100000001
00100000000000000000000000000000000000000000000000000000000000000000000000000000000000100000000100000001000000000000000000000000000000000000000000000000000000000001
00100000000000000000000000000000000000000000000000000000000000000000000000000000000000100000000100000001000000000000000000000000000000000000000000000000000000000001
00100000000000000000000000000000000000000000000000000000000000000000000000000000000000100000000100000001000000000000000000000000000000000000000000000000000000000001
00100000000000000000000000000000000000000000000000000000000000000000000000000000000000100000000100000001000000000000000000000000000000000000000000000000000000000001
00100000000000000000000000000000000000000000000000000000000000000000000000000000000000100000000101000101000000000000000000000000000000000000000000000000000000000001
00100000000000000000000000000000000000000000000000000000000000000000000000000000000001101001010100000000000000000000000000000000000000001010000000000000000000000001
00100000000000000000000000000000000000000000000000000000000000000000000000000000000000000001000000000000000000000000000000001010100010010010000000000000000000000001
00100000000000000000000000000000000000000000000000000000000000000000000000000000000000000001000000000000000000000000000000000010000000010010000000000000000000000001
00100000000000000000000000000000000000000000000000000000000000000000000000000000000000000001000000000000000000000000000000000010000000010010000000000000000000000001
00100000000000000000000000000000000000000000000000000000000000000000000000000000000000000001000000000000000000000000000000000010000000010010000000000000000000000001
00100000000000000000000000000000000000000000000000000000000000000000000000000000000000000001000000000000000000000000000000000010000000010010000000000000000000000001
00100000000000000000000000000000000000000000000000000000000000000000000000000000000000000001000000000000000000000000000000000010000000010010000000000000000000000001
00100000000000000000000000000000000000000000000000000000000000000000000000000000000000000001000000000000000000000000000000000110010001010010000000000000000000000001
00100000000000000000000000000000000000000000000000000000000000000000000000000000000000000001000000000000000000000000000000000000000000000010000000000000000000000001
00100000000000000000000000000000000000000000000000000000000000000000000000000000000000000001000000000000000000000000000000000000000000000010000000000000000000000001
00100000000000000000000000000000000000000000000000000000000000000000000000000000000000000001000000001010100010010000000000000000000000000010000000000000000000000001
00100000000000000000000000000000000000000000000000000000000000000000000000000000000000000001000000000010000000010000000000000000000000000010000000000000000000000001
00100000000000000000000000000000000000000000000000000000000000000000000000000000000000000001000000000010000000010000000000000000000010101001000000000000000000000001
00100000000000000000000000000000000000000000000000000000000000000000000000000000000000000001000000000010000000010000000000000000000000100001000000000000000000000001
00100000000000000000000000000000000000000000000000000000000000000000000000000000000000000001000000000010000000010000000000000000000000100001000000000000000000000001
00100000000000000000000000000000000000000000000000000000000000000000000000000000000000000001000000000010000000010000000000000000000000100001000000000000000000000001
00100000000000000000000000000000000000000000000000000000000000000000000000000000000000000001000000000110010001010000000000000000000000100001000000000000000000000001
00100000000000000000000000000000000000000000000000000000000000000000000000000000000000000001000000000000000000000000000000000000000000100001000000000000000000000001
00100000000000000000000000000000000000000000000000000000000000000000000000000000000000000001000000000000000000000000000000000000000000100001000000000000000000000001
00100000000000000000000000000000000000000000000000000000000000000000000000000000000000000001000000000000000000000000000000000000000001100101000000000000000000000001
00100000000000000000000000000000000000000000000000000000000000000000000000000000000000000101000000000000000000000000000000000000000000000110000000000000000000000001
00100000000000000000000000000000000000000000000000000000000000000000000000000000000000000000000000000000000000000000000000000000000000000000000000000000000000000001
00100000000000000000000000000000000000000000000000000000000000000000000000000000000000000000000000000000000000000000000000000000000000000000000000000000000000000001
00100000000000000000000000000000000000000000000000000000000000000000000000000000000000000000000000000000000000000000000000000000000000000000000000000000000000000001
00100000000000000000000000000000000000000000000000000000000000000000000000000000000000000000000000000000000000000000000000000000000000000000000000000000000000000001
00100000000000000000000000000000000000000000000000000000000000000000000000000000000000000000000000000000000000000000000000000000000000000000000000000000000000000001
00100000000000000000000000000000000000000000000000000000000000000000000000000000000000000000000000000000000000000000000000000000000000000000000000000000000000000001
00100000000000000000000000000000000000000000000000000000000000000000000000000000000000000000000000000000000000000000000000000000000000000000000000000000000000000001
00100000000000000000000000000000000000000000000000000000000000000000000000000000000000000000000000000000000000000000000000000000000000000000000000000000000000000001
00100000000000000000000000000000000000000000000000000000000000000000000000000000000000000000000000000000000000000000000000000000000000000000000000000000000000000001
00100000000000000000000000000000000000000000000000000000000000000000000000000000000000000000000000000000000000000000000000000000000000000000000000000000000000000001
01100100010001000100010001000100010001000100010001000100010001000100010001000100010001000100010001000100010001000100010001000100010001000100010001000100010001000101
