1010100010001000100010001000100010001000100010001000100010001000100010001000100010001000100010001000100010001000100010001000100010001000100010001000100010001000100010001000100010001001
0010000000000000000000000000000000000000000000000000000000000000000000000000000000000000000000000000000000000000000000000000000000000000000000000000000000000000000000000000000000000001
0010010001000100010001000100010001000100010001000100010001000100010001000100010001010000000000000000000000001010100010010000000000000000000000000000000000000000000000000000000000000001
0010000000000000000000000000000000001001000000000000000000000000000000000000000000000000000000000000000000000010000000010000000000000000000000000000101000000000000000000000000000000001
0010000000000000000000000000000000000001100110100000000000000000000000000000000000000000000000000000000000000010000000010000000000000000000000000000001000000000000000000000000000000001
0010000000000000000000000000000000000001000100100000000000000000000000000000000000000000000000000000000000000010000000010000000000000000000000000000001000000000000000000000000000000001
0010000000000000011001000100010001000100010001000100010001000100010001000100010001000100010001000100010001000100010001000100010001000100010001000100010001000100010001000100010001010001
0010000000000000000000000000000000000001000100100001000000000000000000000000000000000000000000000000000000100010000000010000000000000000000000000000001000000000000000000000000000000001
0010000000000000000000000000000000000001000100100001000000000000000000000000000000000000000000000000000000100110010001010000000000000000000000000000001000000000000000000000000000000001
0010000000000000000000000000000000000001000100100001000000000000000000000000000000000000000000000000000000100000000000000000000000000000000000000000001000000000000000000000000000000001
0010000000000000000000000000000000000001000100100001000000000000100100000000000000000000101000000000000000100000000000000000000000000000000000000000001000000000000000000000000000000001
0010000000000000000000000000000000000001000100100001000000000000000100000000000000000000001000000000000000100000000000000000000000000000000000000000001000000000000000000000000000000001
0010000000000000000000000000000000000001000100100001000000000000000100000000000000000000001000000000000000100000000000000000000000000000000000000000001000000000000000000000000000000001
0010000000000000000000000000000000000001010101100001000000000000000100000000000000000000001000000000000000100000000000000000000000000000000000000000001000000000000000000000000000000001
0010100010001000100010001000100010001000100010001000100010001000100010001000100010010000001000000000000000100000000000000000000000000000000000000000001000000000000000000000000000000001
0010000000000000000000000000000000000001000000000001000000000000000100000000000000000000001000000000000000100000000000000000000000000000000000000000001000000000000000000000000000000001
0010000000000000000000000000000000000001000000000001000000000000000100000000000000000000001000000000000000100000000000000000000000000000000000000000001000000000000000000000000000000001
0010000000000000000000000000000000000001000000000001000000000000000100000000000000000000001010010000000000100000000000000000000000000000000000001010001000000000000000000000000000000001
0010000000000000000000000000000000000001000000000001000000000000000100000000000000000000001000010000000000100000000000000000000000000000000000000010001000000000000000000000000000000001
0010000000000000000000000000000000000001000000000001000000000000000100000000000000000000001000010000000000100000000000000000000000000000000000000010001000000000000000000000000000000001
0010000000000000000000000000000000000001000000000001000000000000000100000000000000000000001000010000000000100000000000000000000000000000000000000010001000000000000000000000000000000001
0010000000000000000000000000000000000001000000000001000000000000000100000000000000000000001000010000000000100000000000000000000000000000000000000010001000000000000000000000000000000001
0010000000000000000000000000000000000001000000000001000000000000000100000000000000000000001000010000000000100000000000000000000000001010100010010010001000000000000000000000000000000001
0010000000000000000000000000000000000001000000000001000000000000000100000000000000000000001000010000000000100000000000000000000000000010000000010010001000000000000000000000000000000001
0010000000000000000000000000000000000001000000000001000000000000010100000000000000000000011000010000000000100000000000000000000000000010000000010010001000000000000000000000000000000001
0010000000000000000000000000000000000001000000000001000000000000000000000000000000000000000000010000000000100000000000000000000000000010000000010010001000000000000000000000000000000001
0010000000000000000000000000000000000001000000000001000000000000000000000000000000000000000000010000000000100000000000000000000000000010000000010010001000000000000000000000000000000001
0010000000000000000000000000000000000001000000000001000000000000000000000000000000000000000000010000000000100000000000000000000000000010000000010010001000000000000000000000000000000001
0010000000000000000000000000000000000001000000000101000000000000000000000000000000000000000000010000000001100000000000000000000000000110010001010010001000000000000000000000000000000001
0010000000000000000000000000000000000001000000000000000000000000000000000000000000000000000000010000000000000000000000000000000000000000000000000010001000000000000000000000000000000001
0010000000000000000000000000000000000001000000000000000000000000000000000000000000000000000000010000000000000000000000000000000000000000000000000010001000000000000000000000000000000001
0010000000000000000000000000000000000001000000000000000000000000000000000000000000000000000000010000000000000000000001100100010001000100010001000100010001000100010001000100010001010001
0010000000000000000000000000000000000001000000000000000000000000000000000000000000000000000000010000000000000000000000000000000000000000000000000010001000000000000000000000000000000001
0010000000000000000000000000000000000001000000000000000000000000000000000000000000000000000000010000000000000000000000000000000000000000000000000010001000000000000000000000000000000001
0010000000000000000000000000000000000001000000000000000000000000000000000000000000000000000000010000000000000000000000000000000000000000000000000010001000000000000000000000000000000001
0010000000000000000000000000000000000001000000000000000000000000000000000000000000000000000000010000000000000000000000000000000000000000000000000010001000000000000000000000000000000001
0010000000000000000000000000000000000001000000000000000000000000000000000000000000000000000000010000000000000000000000000000000000000000000000000010001000000000000000000000000000000001
0010000000000000000000000000000000000001000000000000000000000000000000000000000000000000000000010000000000000000000000000000000000000000000000000010001000000000000000000000000000000001
0010000000000000101010001000100010001000100010001000100010001000100010001000100010001000100010001000100010001000100010101000100010001000100010001000100010001000100010001000100010010001
0010000000000000000000000000000000000101000000000000000000000000000000000000000000000000000000000000000000000000000000000000000000000000000000000000011000000000000000000000000000000001
0010000000000000000000000000000000000000000000000000000000000000000000000000000000000000000000000000000000000000000000000000000000000000000000000000000000000000000000000000000000000001
0010000000000000000000000000000000000000000000000000000000000000000000000000000000000000000000000000000000000000000000000000000000000000000000000000000000000000000000000000000000000001
0110010001000100010001000100010001000100010001000100010001000100010001000100010001000100010001000100010001000100010001000100010001000100010001000100010001000100010001000100010001000101
