101010001000100010001000100010001000100010001000100010001000100010001000100010001000100010001000100010001000100010001000100010001000100010001000100010001000100010001000100010001000100010001001
001000000000000000000000000000100000000100000000000000000000000000000000000000000000000000000000000000000000000000000000000000000000000000000000000000000000000000000000000000000000000000000001
001000000000000000000000000000100000000100000000000000000000000000000000000000000000000000000000000000000000000000000000000000000000000000000000000000000000000000000000000000000000000000000001
001000000000000000000000000000100000000100000000000000000000000000000000000000000000000000000000000000000000000000000000000000000000000000000000000000000000000000000000000000000000000000000001
001000000000000000000000000000100000000100000000000000000000000000000000000000000000000000000000000000000000000000000000000000000000000000000000000000000000000000000000000000000000000000000001
001000000000000000000000000000100000000100000000000000000000000000000000000010101000100100000000000000000000000000000000000000000000000000000000000000000000000000000000000000000000000000000001
001000000000000000000000000001100100010100000000000000000000000010101000100100100000000100000000000000000000000000000000000000000000000000000000000000000000000000000000000000000000000000000001
001000000000000000000000000000000000000000000000000000000000000000100000000100100000000100000000000000000000000000000000000000000000000000000000000000000000000000000000000000000000000000000001
001000000000000010101000100100000000000000000000000000001001000000100000000100100000000100000000000000000000000000000000000000000000000000000000000000000000000000000000000000000000000000000001
001000000000000000100000000100000000000000000000000000000001000000100000000100100000000100000000000000000000000000000000000000000000101010001001000000000000000000000000000000000000000000000001
001000000000000000100000000100000000000000000000000000000001000000100000000100100000000100000000000000000000000000000000000000000000001000000001000000000000000000000000000000000000000000000001
001000000000000000100000000100000000000000000000000000000001000000100000000101100100010100000000000000000000000000000000000000000000001000000001000000000000000000000000000000000000000000000001
001000000000000000100000000100000000000000000000000000000001000001100100010100000000000000000000000000000000000000000000000000000000001000000001000000000000000000000000000000000000000000000001
001000000000000000100000000100000000000000000000000000000001000000000000000000000000000000000000000000000000000000000000000000000000001000000001000000000000000000000000000000000000000000000001
001000000000000001100100010100000000000000000000000000000001000000000000000000000000000000000000000000000000000000000000000000000000001000000001000000000000000000000000000000000000000000000001
001000000000000000000000000000000000000000000000000000000001000000000000000000000000000000000000000000000000000000000000000000000000011001000101000000000000000000000000000000000000000000000001
001000000000000000000000000000000000000000000000000000000101000000000000000000000000000000000000000000000000000000000000000000000000000000000000000000000000000000000000000000000000000000000001
001000000000000000000000000000000000000000000000000000000000000000000000000000000000000000000000000000000000000000000000000000000000000000000000000000000000000000000000000000000000000000000001
001000000000000000000000000000000000000000000000000000000000000000000000000000000000000000000000000000000000000000000000000000000000000000000000000000000000000000000000000000000000000000000001
001000000000000000000000000000000000000000000000000000000000000000000000000000000000000000000000000000000000000000000000000000000000000000000000000000000000000000000000000000000000000000000001
001000001010100010010000000000000000000000000000000000000000000000000000000000000000000000000000000000000000000000000000000000000000000000000000000000000000000000000000000000000000000000000001
001000000010000000010000000000000000000000000000000000000000000000000000000000000000000000000000000000000000000000000000000000000000000000000000000000000000000000000000000000000000000000000001
001000000010000000011010100010010000000000000000000000000000000000000000000010101000100100000000000000000000000000000000000000000000000000000000000000000000000000000000000000000000000000000001
001000000010000000010010000000010000000000000000000000000000000000000000000000100000000100000000000000000000000000000000000000000000000000000000000000000000000000000000000000000000000000000001
001000000010000000010010000000010000000000000000000000000000000000000000000000100000000100000000000000001010100010010000000000000000000000000000000000000000000000000000000000000000000000000001
001000000010000000010010000000010000000000000000000000000000000000000000000000100000000100000000000000000010101010001001000000000000000000000000000000000000000000000000000000000000000000000001
001000000110010001010010000000010000000000000000000000000000000000000000000000100000000100000000000000000010001000010001000000000000000000000000000000000000000000000000000000000000000000000001
001000000000000000000010000000010000000000000000000000000000000000000000000000100000000100000000000000000010001010101000100010001000100100000000000000000000000000000000000000000000000000000001
001000000000000000000110010001010000000000000000000000000000000000000000000001100100010100000000000000000010001000100001000000000000000100000000000000000000000000000000000000000000000000000001
001000000000000000000000000000000000000000000000000000000000000000000000000000000000000000000000000000000010001000100001000000000000000100000000000000000000000000000000000000000000000000000001
001000000000000000000000000000000000000000000000000000000000000000000000000000000000000000000000000000000110001001100100010001000100010100000000000000000000000000000000000000000000000000000001
001000000000000000000000000000000000000000000000000000000000000000000000000000000000000000000000000000000000011001000101000000000000000000000000000000000000000000000000000000000000000000000001
001000000000000000000000000000000000000000000000000000000000000000000000000000000000000000000000000000000000000000000000000000000000000000000000000000000000000000000000000000000000000000000001
001000000000000000000000000000000000000000000000000000000000000000000000000000000000000000000000000000000000000000000000000000000000000000000000000000000000000000000000000000000000000000000001
001000000000000000000000000000000000000000000000000000000000000000000000000000000000000000000000000000000000000000000000000000000000000000000000000000000000000000000000000000000000000000000001
001000000000000000000000000000000000000000000000000000000000000000000000000000000000000000000000000000000000000000000000000000000000000000000000000000000000000000000000000000000000000000000001
001000000000000000000000000000000000000000000000000000000000000000000000000000000000000000000000000000000000000000000000000000000000000000000000000000000000000000000000000000000000000000000001
001000000000000000000000000000000000000000000000000000000000000000000000000000000000000000000000000000000000000000000000000000000000000000000000000000000000000000000000000000000000000000000001
001000000000000000000000000000000000000000000000000000000000000000000000000000000000000000000000000000000000000000000000000000000000000000000000000000000000000000000000000000000000000000000001
001000000000000000000000000000000000000000000000000000000000000000000000000000000000000000000000000000000000000000000000000000000000000000000000000000000000000000000000000000000000000000000001
011001000100010001000100010001000100010001000100010001000100010001000100010001000100010001000100010001000100010001000100010001000100010001000100010001000100010001000100010001000100010001000101
