101010001000100010001000100010001000100010001000100010001000100010001000100010001000100010001000100010001000100010001000100010001000100010001000100010001000100010001000100010001001
001000000000000000000000000000000000000000100000000100000000000000000000000000000000000000000000000000000000000000000000000000000000001000000001000000000000000000000000000000000001
001000000000000000000000000000000000000000100000000100000000000000000000000000000000000000000000000000000000000000000000000000000000001000000001000000000000000000000000000000000001
001000000000000000000000000000000000000000100000000100000000000000000000000000000000000000000000000000000000000000000000000000000000001000000001000000000000000000000000000000000001
001000000000000000000000000000000000000010010000000100000000000000000000000000000000000000000000000000001010000000000000000000000000001000000001000000000000000000000000000000000001
001000000000000000000000000000000000000000010000000100000000000000000000000000000000000000000000000000000010000000000000000000000000001000000001000000000000000000000000000000000001
001000000000000001100100010001000100010001000100010001000100010001000100010001000100010001000100010001000100010001000100010001000100010101000101000000000000000000000000000000000001
001000000000000000000000000000000000000000010000000000000000000000000000000000000000000000000000000000000010000000000000000000000000000000000000000000000000000000000000000000000001
001000000000000000000000000000000000000000010000000000000000000000000000000000000000000000000000000000000010000000000000000000000000000000000000000000000000000000000000000000000001
001000000000000000000000000000000000000000010000000000000000000000000000000000000000000000000000000000000010000000000000000000000000000000000000000000000000000000000000000000000001
001000000000000000000000000000000000000000010000000000000000000000000000000000000000000000000000000000000010000000000000000000000000000000000000000000000000000000000000000000000001
001000000000000000000000000000000000000000010000000000000000000000001001000000000000000000000000000000001010000000000000000000000000000000000000000000000000000000000000000000000001
001000000000000000000000000000000000000000010000000000000000000000000001000000000000000000000000000000000010000000000000000000000000000000000000000000000000000000000000000000000001
001000000000000000000000000000000000000000010000000000000000000000000001000000000000000000000000000000000010000000000000000000000000000000000000000000000000000000000000000000000001
001000000000000000000000000000000000000000010000000000000000000000000001000000001001000000000000000000000010000000001010000000000000000000000000000000000000000000000000000000000001
001000000000000000000000000000000000000000010000000000000000000000000001000000000001000000000000000000000010000000000010000000000000000000000000000000000000000000000000000000000001
001010101000100100000000000000000000000000010000000000000000000000000001000000000001000000000000000000000010000000000010000000000000000000000000000000000000000000000000000000000001
001000100000000110101000100100000000000000010000000000000000000000000001000000000001000000000000000000000010000000000010000000000000000000000000000000000000000000000000000000000001
001000100000000100100000000100000000000000010000000000000000000000000001000000000001000000000000000000000010000000000010000000000000000000000000000000000000000000000000000000000001
001000100000000100100000000100000000000000010000000000000000000000000001000000000001000000000000000000000010000000000010000000000000000000000000000000000000000000000000000000000001
001000100000000100100000000100000000000000010000000000000000000000000001000000000001000000000000000000000010000000000010000000000000000000000000000000000000000000000000000000000001
001000100000000100100000000100000000000000010000000000000000000000000001000000000001000000000000000000000010000000000010000000000000000000000000000000000000000000000000000000000001
001001100100010100100000000100000000000000010000000000000000000000000001000000000001000000000000000000000010101010001001000000000000000000000000000000000000000000000000000000000001
001000000000000001100100010100000000000000010000000000000000000000000001000000000001000000000000000000000010001000000001000000000000000000000000000000000000000000000000000000000001
001000000000000000000000000000000000000000010000000000000000000000000001000000000001000000000000000000000010001000000001000000000000000000000000000000000000000000000000000000000001
001000000000000000000000000000000000000000010000000000000000000000000001000000000001000000000000000000000010001000000001000000000000000000000000000000000000000000000000000000000001
001000000000000000000000000000000000000000010000000000000000000000000001000000000001000000000000000000000010001000000001000000000000000000000000000000000000000000000000000000000001
001000000000000010101000100010001000100010001000100010001000100010001000100010001000100010001000100010001000100010001000100010001000100100000000000000000000000000000000000000000001
001000000000000000000000000000000000000001010000000000000000000000000101000000000001000000000000000000000110011001000101000000000000000000000000000000000000000000000000000000000001
001000000000000000000000000000000000000000000000000000000000000000000000000000000001000000000000000000000000000000000010000000000000000000000000000000000000000000000000000000000001
001000000000000000000000000000000000000000000000000000000000000000000000000000000001000000000000000000000000000000000010000000000000000000000000000000000000000000000000000000000001
001000000000000000000000000000000000000000000000000000000000000000000000000000000101000000000000000000000000000000000110000000000000000000000000000000000000000000000000000000000001
001000000000000000000000000000000000000000000000000000000000000000000000000000000000000000000000000000000000000000000000000000000000000000000000000000000000000000000000000000000001
001000000000000000000000000000000000000000000000000000000000000000000000000000000000000000000000000000000000000000000000000000000000000000000000000000000000000000000000000000000001
001000000000000000000000000000000000000000000000000000000000000000000000000000000000000000000000000000000000000000000000000000000000000000000000000000000000000000000000000000000001
001000000000000000000000000000000000000000000000000000000000000000000000000000000000000000000000000000000000000000000000000000000000000000000000000000000000000000000000000000000001
001000000000000000000000000000000000000000000000000000000000000000000000000000000000000000000000000000000000000000000000000000000000000000000000000000000000000000000000000000000001
001000000000000000000000000000000000000000000000000000000000000000000000000000000000000000000000000000000000000000000000000000000000000000000000000000000000000000000000000000000001
001000000000000000000000000000000000000000000000000000000000000000000000000000000000000000000000000000000000000000000000000000000000000000000000000000000000000000000000000000000001
001000000000000000000000000000000000000000000000000000000000000000000000000000000000000000000000000000000000000000000000000000000000000000000000000000000000000000000000000000000001
001000000000000000000000000000000000000000000000000000000000000000000000000000000000000000000000000000000000000000000000000000000000000000000000000000000000000000000000000000000001
001000000000000000000000000000000000000000000000000000000000000000000000000000000000000000000000000000000000000000000000000000000000000000000000000000000000000000000000000000000001
001000000000000000000000000000000000000000000000000000000000000000000000000000000000000000000000000000000000000000000000000000000000000000000000000000000000000000000000000000000001
011001000100010001000100010001000100010001000100010001000100010001000100010001000100010001000100010001000100010001000100010001000100010001000100010001000100010001000100010001000101
