101010001000100010001000100010001000100010001000100010001000100010001000100010001000100010001000100010001000100010001000100010001000100010001001
001000000000000000000000000000000000000000000000000000000000000000000000000000000000000000000000000000000000000000000000000000000000000000000001
001001000100010001000100010001000100010001000100010001000100010001000100010001010000000000000000000000000000000000000000000000000000000000000001
001000000000000000000000000000000000100100000000000000000000000000000000000000000000000000000000000000000000000000000000000000000000000010100001
001000000000000000000000000000000000000100000000000000000000000000000000000000000000000000000000000000000000000000000000000000000000000000100001
001000000000000000000000000000000000000100000000000000000000000000000000000000000000000000000000000000000000000000000000000000000000000000100001
001000000000000000000000000000000000000100000000000000000000000000000000000000000000000000000000000000000000000000000000000000000000000000100001
001000000000000000000000000000000000000100000000000000000000000000000000000000000000000000000000000000000000000000000000000000000000000000100001
001000000000000000000000000000000000000100000000000000000000000000000000000000000000000000000000000000000000000000000000000000000000000000100001
001000000000000000000000000000000000000100000000000000000000000000000000000000000000000000000000000000000000000000000000000000000000000000100001
001010101000100100000000000000000000000100000000000000000000000000000000000000000000000000000000000000000000000000000000000000000000000000100001
001000100000000100000000000000000000000100000000000000000000000000000000000000000000000000000000000000000000000000000000000000000000000000100001
001010101000100100000000000000000000000100000000000000000000000000000000000000000000000000000000000000000000000000000000000000000000000000100001
001010001000100010001000100010001000100010001000100010001000100010001000100010010000000000000000000000000000000000000000000000000000000000100001
001000100000000100000000000000000000000100000000000000000000101010001001000000000000000000000000000000000000000000000000000000000000000000100001
001000100000000100000000000000000000000100000000000000000000001000000001000000000000000000000000000000000000000000000000000000000000000000100001
001010101000100100000000000000000000000100000000000000000000001000000001000000000000000000000000000000000000000000000000000000000000000000100001
001000100000000100000000000000000000000100000000000000000000011001000100010001000100010001000100010001010000000000000000000000000000000000100001
001000100100000100000000000000000000000100000000000000000000001000000001000000000000000000000000000000000000000000000000000000000000000000100001
001000100000000100000000000000000000000100000000000000000000101010001000100010001000100010001000100010010000000000000000000000000000000000100001
001000100000000100000000000000000000000100000000000000000000011001000101000000000000000000000000000000000000000000000000000000000000000000100001
001000100000000100000000000000000000000100000000000000000000000000000000000000000000000000000000000000000000000000000000000000000000000000100001
001001100100010100000000000000001010100010010000000000000000000000000000000000000000000000000000000000000000000000000000000000000000000000100001
001000000000000000000000000000000010000100010000000000000000000000000000000000000000000000000000000000000000000000000000000000000000000000100001
001000000000000000000000000000000010000100010000000000000000000000000000000000000000000000000000000000000000000000000000000000000000000000100001
001000000000000000000000000000000010000100010000101010001001000000000000000000000000000000000000000000000000000000000000000000000000000000100001
001000000000000000000000000000000010000100010000001000000001000000000000000000000000000000000000000000000000000000000000000000000000000000100001
001000000000000000000000000000000010000100010000001000000001000000000000000000000000000000000000000000000000000000000000000000000000000000100001
001000000000000000000000000000000110010001010000001000000001000000000000000000000000000000000000000000000000000000000000000000000000000000100001
001000000000000000000000000000000000000100000000001000000001000000000000000000000000000000000000000000000000000000000000000000000000000000100001
001000000000000000000000000000000000000100000000001000000001000000000000000000000000000000000000000000000000000000000000000000000000000000100001
001000000000000000000000000000000000000100000000011001000101000000000000000000000000000000000000000000000000000000000000000000000000000000100001
001000000000000000000000000000000000000100000000000000000000000000000000000000000000000000000000000000000000000000000000000000000000000000100001
001000000000000000000000000000000000000100000000000000000000000000000000000000000000000000000000000000000000000000000000000000000000000000100001
001000000000000000000000000000000000000100000000000000000000000000000000000000000000101010001001000000000000000000000000000000000000000000100001
001000000000000000000000000000000000000100000000000000000000000000000000000000000000001000000001000000000000000000000000000000000000000000100001
001000000000000000000000000000000000010100000000000000000000000000000000000000000000001000000001000000000000000000000000000000000000000001100001
001000000000000000000000000000000000000000000000000000000000000000000000000000000000001000000001000000000000000000000000000000000000000000000001
001000000000000000001010100010010000000000000000000000000000000000000000000000000000001000000001000000000000000000000000000000000000000000000001
001000000000000000000010000000010000000000000000000000000000000000000000000000000000001000000001000000000000000000000000000000000000000000000001
001000000000000000000010000000010000000000000000000000000000000000000000000000000000011001000101000000000000000000000000000000000000000000000001
001000000000000000000010000000010000000000000000000000000000000000000000000000000000000000000000000000000000000000000000000000000000000000000001
001000000000000000000010000000010000000000000000000000000000000000000000000000000000000000000000000000000000000000000000000000000000000000000001
001000000000000000000010000000010000000000000000000000000000000000000000000000000000000000000000000000000000000000000000000000000000000000000001
001000000000000000000110010001010000000000000000000000000000000000000000000000000000000000000000000000000000000000000000000000000000000000000001
001000000000000000000000000000000000000000000000000000000000000000000000000000000000000000000000000000000000000000000000000000000000000000000001
001000000000000000000000000000000000000000000000000000000000000000000000000000000000000000000000000000000000000000000000000000000000000000000001
001000000000000000000000000000000000000000000000000000000000000000000000000000000000000000000000000000000000000000000000000000000000000000000001
001000000000000000000000000000000000000000000000000000000000000000000000000000000000000000000000000000000000000000000000000000000000000000000001
001000000000000000000000000000000000000000000000000000000000000000000000000000000000000000000000000000000000000000000000000000000000000000000001
001000000000000000000000000000000000000000000000000000000000000000000000000000000000000000000000000000000000000000000000000000000000000000000001
001000000000000000000000000000000000000000000000000000000000000000000000000000000000000000000000000000000000000000000000000000000000000000000001
001000000000000000000000000000000000000000000000000000000000000000000000000000000000000000000000000000000000000000000000000000000000000000000001
001000000000000000000000000000000000000000000000000000000000000000000000000000000000000000000000000000000000000000000000000000000000000000000001
011001000100010001000100010001000100010001000100010001000100010001000100010001000100010001000100010001000100010001000100010001000100010001000101
