101010001000100010001000100010001000100010001000100010001000100010001000100010001000100010001000100010001000100010001000100010001000100010001001
001000000000000000000000000000000000000000000000000010101000100100000000000000000000000000000000000000000000000000000000000000000000000000000001
001001000100010001000100010001000100010001000100010001000100010001000100010001000100010100000000000000000000000000000000000000000000000000000001
001000000000000000000000000000000000000000000000000000100000000100000000000000000000000000000000000000000000000000000000000000000000000000000001
001000000000000000000000000000000000000010010000000000100000000100000000000000000000000000000000000000000000101000000000000000000000000000000001
001000000000000000000000000000000000000000010000000000100000000100000000000000000000000000000000000000000000001000000000000000000000000000000001
001000000000000000000000000000000000000000010000000000100000000100000000000000000000000000000000000000000000001000000000000000000000000000000001
001000000000000000000000000000000000000000010000000001100100010100000000000000000000000000000000000000000000001000000000000000000000000000000001
001000000000000000000000000000000000000000010000101010001001000000000000101010001001000000000000000000000000001000000000000000000000000000000001
001000000000000000000000000000000000000000010000001000000001000000000000001000000001000000000000000000000000001000000000000000000000000000000001
001000000000000000000000000000000000000000010000001000000001000000000000001000000001000000000000000000000000001000000000000000000000000000000001
001000000000000000000000000000000000000000010000001000000001000000000000001000000001000000000000000000000000001000000000000000000000000000000001
001000000000000000000000000000000000000000010000001000000001000000000000001000000001000000000000000000000000001000000000000000000000000000000001
001000000000000000000000000000000000000000010000001000000001000000000000001000000001000000000000000000000000001000000000000000000000000000000001
001000000000000000000000000000000000000000010000011001000101000000000000011001001001000000000000000000000000001000000000000000000000000000000001
001010001000100010001000100010001000100010001000100010001000100010001000100010001000100100000000000000000000001000000000000000000000000000000001
001000000000000000000000000000000000000000010000000000000000000000000000000000000001000000000000000000000000001000000000000000000000000000000001
001000000000000000000000000000000000000000010000000000000000000000000000000000000001000000000000000000000000001000000000000000000000000000000001
001000000000000000000000000000000000000000010000000000000000000000000000000000000001101010001000100100000000001000000000000000000000000000000001
001000000000000000000000000000000000000000010000000000000000000000000000000000000001001000000000000100000000001000000000000000000000000000000001
001000000000000000000000000000000000000000010000000000000000000000000000000000000001001000000000000100001001001000001010000000000000000000000001
001000000000000000000000000000000000000000010000000000000000000000000000000000000001001000000000000100000001001000000010000000000000000000000001
001000000000000000000000000000000000000000010000000000000000000000000000000000000101001000000000000100000001001000000010000000000000000000000001
001000000000000000000000000000000000000000010000000000000000000000000000000000000000011001000100010100000001001000000010000000000000000000000001
001000000000000000000000000000000000000000010000000000000000000000000000000000000000000000000000000000000001001000000010000000000000000000000001
001000000000000000000000000000000000000000010000000000000000000000000000000000000000000000000000000000000001001000000010000000000000000000000001
001000000000000000000000000000000000000000010000000000000000000000000000000010101000100100000000000000000001001000000010000000000000000000000001
001000000000000000000000000000000000000000010000000000000000000000000000000000100000000100000000000000000001001000000010000000000000000000000001
001000000000000000000000000000000000000000010000000000000000000000000000000000100000000100000000000000000001001000000010000000000000000000000001
001000000000000000000000000000000000000001010000000000000000000000000000000000100000000100000000000000000001011000000010000000000000000000000001
001000000000000000000000000000000000000000000000000000000000000000000000000000100000000100000000000000000001000000000010000000000000000000000001
001000000000000000000000000000000000000000000000000000000000000000000000000000100000000100000000000000000101000000000110000000000000000000000001
001000000000000000000000000000000000000000000000000000000000000000000000000001100100010100000000000000000000000000000000000000000000000000000001
001000000000000000000000000000000000000000000000000000000000000000000000000000000000000000000000000000000000000000000000000000000000000000000001
001000000000000000000000000000000000000000000000000000000000000000000000000000000000000000000000000000000000000000000000000000000000000000000001
001000000000000000000000000000000000000000000000000000000000000000000000000000000000000000000000000000000000000000000000000000000000000000000001
001000000000000000000000000000000000000000000000000000000000000000000000000000000000000000000000000000000000000000000000000000000000000000000001
001000000000000000000000000000000000000000000000000000000000000000000000000000000000000000000000000000000000000000000000000000000000000000000001
001000000000000000000000000000000000000000000000000000000000000000000000000000000000000000000000000000000000000000000000000000000000000000000001
001000000000000000000000000000000000000000000000000000000000000000000000000000000000000000000000000000000000000000000000000000000000000000000001
001000000000000000000000000000000000000000000000000000000000000000000000000000000000000000000000000000000000000000000000000000000000000000000001
001000000000000000000000000000000000000000000000000000000000000000000000000000000000000000000000000000000000000000000000000000000000000000000001
001000000000000000000000000000000000000000000000000000000000000000000000000000000000000000000000000000000000000000000000000000000000000000000001
001000000000000000000000000000000000000000000000000000000000000000000000000000000000000000000000000000000000000000000000000000000000000000000001
001000000000000000000000000000000000000000000000000000000000000000000000000000000000000000000000000000000000000000000000000000000000000000000001
001000000000000000000000000000000000000000000000000000000000000000000000000000000000000000000000000000000000000000000000000000000000000000000001
001000000000000000000000000000000000000000000000000000000000000000000000000000000000000000000000000000000000000000000000000000000000000000000001
001000000000000000000000000000000000000000000000000000000000000000000000000000000000000000000000000000000000000000000000000000000000000000000001
001000000000000000000000000000000000000000000000000000000000000000000000000000000000000000000000000000000000000000000000000000000000000000000001
001000000000000000000000000000000000000000000000000000000000000000000000000000000000000000000000000000000000000000000000000000000000000000000001
001000000000000000000000000000000000000000000000000000000000000000000000000000000000000000000000000000000000000000000000000000000000000000000001
001000000000000000000000000000000000000000000000000000000000000000000000000000000000000000000000000000000000000000000000000000000000000000000001
001000000000000000000000000000000000000000000000000000000000000000000000000000000000000000000000000000000000000000000000000000000000000000000001
001000000000000000000000000000000000000000000000000000000000000000000000000000000000000000000000000000000000000000000000000000000000000000000001
011001000100010001000100010001000100010001000100010001000100010001000100010001000100010001000100010001000100010001000100010001000100010001000101
