1010100010001000100010001000100010001000100010001000100010001000100010001000100010001000100010001000100010001000100010001000100010001000100010001000100010001001
0010000000000000000000000000000000000000000000000000000000000000000000000000000000000000000000000000000000000000000000000000000000000000000000000000000000000001
0010000000000000000000000000000000000000000000000000000000000000000000000000000000000000000000000000000000000000000000000000000000000000000000000000000000000001
0010011001000100010001000100010001000100010001000100010001000100010001000100010001000100010001000100010001000100010001000100010001000100010001000100010100000001
0010000000000000000000000000000000000000000000000000000000000000000000000000000000000000000000000000000000000000000000000000000000000000000000000000000000000001
0010000000000000000000000000000000000000000000000000000000000000000000000000000000000000000000000000000000000000000000000000000000000000000000000000000000000001
0010000000000000000000000000000000000000000000000000000000000000000000000000000000000000000000000000000000000000000000000000000000000000000000000000000000000001
0010000000000000000000000000000000000000000000000000000000000000000000000000000000000000000000000000000000000000000000000000000000000000000000000000000000000001
0010000000000000000000000000000000000000000000000000000000000000000000000000000000000000000000000000000000000000000000000000000000000000000000000000000000000001
0010000000000000000000000000000000000000000000000000000000000000000000000000000000000000000000000000000000000000000000000000000000000000000000000000000000000001
0010000000000000000000000000000000000000000000000000000000000000000000000000000000000000000000000000000000000000000000000000000000000000000000000000000000000001
0010000000000000000000000000000000000000000000000000000000000000000010010000000000001010000000001010100010010000000000000000000000000000000000000000000000000001
0010000000000000000000000000000000000000000000000000000000000000000000010000000000000010000000000010000000010000000000000000000000000000000000000000000000000001
0010000000000000000000000000000000000000000000000000000000000000000000010000100100000010000000000010000000010000000010100000000000000000000000000000000000000001
0010000000000000000000000000000000000000000000000000000000000000000000010000000100000010000000000010000000010000000000100000000000000000000000000000000000000001
0010000000000000000000000000000000000000000000000000000000000000000000010000000100000010000000000010000000010000000000100000000000000000000000000000000000000001
0010000000000000000000000000000000000000000000000000000000000000000000010000000100000010000000000010000000010000000000100000000000000000000000000000000000000001
0010000000000000000000000000000000000000000000000000000000000000000000010000000100000010000000000110010001010000000000100000000000000000000000000000000000000001
0010000000000000000000000000000000000000000000000000000000000000000000010000000110101000100100000000000000000000000000100000000000000000000000000000000000000001
0010000000000000000000000000000000000000000000000000000000000000000000010000000100100010000100000000000000000000000000100000000000000000000000000000000000000001
0010000000000000000000000000000000000000000000000000000000000000000000010000000100100010000100000000000000000000000000100000000000000000000000000000000000000001
0010000000000000000000000000000000000000000000000000000000000000000000010000000100100010000100000000000000001001000000100000000010100000000000000000000000000001
0010000000000000000000000000000000000000000000000000000000000000000000010000000100100010000100000000000000000001000000100000000000100000000000000000000000000001
0010000000000000000000000000000000000000000000000000000000000000000001010000000100100110000100000000000000000001000000100000000000100000101010001001000000000001
0010000000000000000000000000000000000000000000000000000000000000000000000000000101100100010100000000000000000001000000100000000000100000001000000001000000000001
0010000000000000000000000000000000000000000000000000000000000000000000000000000100000000000000000000000000000001000000100000000000100000001000000001000000000001
0010000000000000000000000000000000000000000000000000000000000000000000000000000100000000000000000000000000000001000000100000000000100000001000000001000000000001
0010000000000000000000000000000000000000000000000000000000000000000000000000000100000000000000000000000000000001000000100000000000100000001000000001000000000001
0010000000000000000000000000000000000000000000000000000000000000000000000000000100000000000000000000000000000001000000100000000000100000001000000001000000000001
0010000000000000000000000000000000000000000000000000000000000000000000000000000100000000000000000000000000000001000000100000000000100000011001000101000000000001
0010000000000000000000000000000000000000000000000000000000000000000000000000000100000000000000000000000000000001000000100000000000100000000000000000000000000001
0010101010001000100010001000100010001000100010001000100010001000100010001000100010001000100010001000100010001000100010001000100010001000100010001000100100000001
0010000000000000000000000000000000000000000000000000000000000000000000000000000000000000000000000000000000000001000000000000000000100000000000000000000000000001
0010000000000000000000000000000000000000000000000000000000000000000000000000000000000000000000000000000000000001000000000000000000100000000000000000000000000001
0010000000000000000000000000000000000000000000000000000000000000000000000000000000000000000000000000000000000101000000000000000001100000000000000000000000000001
0010000000000000000000000000000000000000000000000000000000000000000000000000000000000000000000000000000000000000000000000000000000000000000000000000000000000001
0010000000000000000000000000000000000000000000000000000000000000000000000000000000000000000000000000000000000000000000000000000000000000000000000000000000000001
0010000000000000000000000000000000000000000000000000000000000000000000000000000000000000000000000000000000000000000000000000000000000000000000000000000000000001
0010000000000000000000000000000000000000000000000000000000000000000000000000000000000000000000000000000000000000000000000000000000000000000000000000000000000001
0010000000000000000000000000000000000000000000000000000000000000000000000000000000000000000000000000000000000000000000000000000000000000000000000000000000000001
0010000000000000000000000000000000000000000000000000000000000000000000000000000000000000000000000000000000000000000000000000000000000000000000000000000000000001
0010000000000000000000000000000000000000000000000000000000000000000000000000000000000000000000000000000000000000000000000000000000000000000000000000000000000001
0010000000000000000000000000000000000000000000000000000000000000000000000000000000000000000000000000000000000000000000000000000000000000000000000000000000000001
0010000000000000000000000000000000000000000000000000000000000000000000000000000000000000000000000000000000000000000000000000000000000000000000000000000000000001
0010000000000000000000000000000000000000000000000000000000000000000000000000000000000000000000000000000000000000000000000000000000000000000000000000000000000001
0010000000000000000000000000000000000000000000000000000000000000000000000000000000000000000000000000000000000000000000000000000000000000000000000000000000000001
0010000000000000000000000000000000000000000000000000000000000000000000000000000000000000000000000000000000000000000000000000000000000000000000000000000000000001
0010000000000000000000000000000000000000000000000000000000000000000000000000000000000000000000000000000000000000000000000000000000000000000000000000000000000001
0010000000000000000000000000000000000000000000000000000000000000000000000000000000000000000000000000000000000000000000000000000000000000000000000000000000000001
0110010001000100010001000100010001000100010001000100010001000100010001000100010001000100010001000100010001000100010001000100010001000100010001000100010001000101
