1010100010001000100010001000100010001000100010001000100010001000100010001000100010001000100010001000100010001000100010001000100010001000100010001000100010001000100010001001
0010000000000000000000000000100100000000000000000000000000000000000000000000000000000000000000000000000000000000000000000000000000001010000000000000000000000000000000000001
0010000000000000000000000000000100000000000000000000000000000000000000000000000000000000000000000000000000000000000000000000000000000010000000000000000000000000000000000001
0010000000000000000000000000000100000000000000000000000000000000000000000000000000000000000000000000000000000000000000000000000000000010000000000000000000000000000000000001
0010000000000000000000000000000100000000000000000000000000000000000000000000000000000000000000000000000000000000000000000000000000000010000000000000000000000000000000000001
0010000000000000000000000000000100000000000010011010000000000000000000000000000000000000000000000000000000000000000000000000000000000010000000000000000000000000000000000001
0010000000000000000000000000000100000000000000010010000000000000000000000000000000000000000000000000000000000000000000000000000000000010000000000000000000000000000000000001
0010000000000000000001100100010001000100010001000100010001000100010001000100010100000000000000000000000000000000000000000000000000000010000000000000000000000000000000000001
0010000000000000000000000110010001000100010001000100010001000100010001000100010001000100010001000100010001000100010001000101000000000010101000000000000000000000000000000001
0010000000000000000000000000000100001010100010010010000000010000000000000000000000000000000000000000000000000000000000000000000000000010001000000000000000000000000000000001
0010000000000000000000000000000100000010000000010010000000010000000000000000000000000000000000000000000000000000000000000000000000000010001000000000000000000000000000000001
0010000000000000000000000000000100000010000000010010000000010000000000000000000000000000000000000000000000000000000000000000000000000010001000000000000000000000000000000001
0010000000000000000000000000000100000010000000010010000000010000000000000000000000000000000000000000000000000000000000000000000000000010001000000000000000001010100010010001
0010000000000000000010101000100010001000100010001000100010001000100010001000100100000000000000000000000000000000000000000000000000000010001000000000000000000010000000010001
0010000000000000000000000000000100000010000000010110000000010000000000000000000000000000000000000000000000000000000000000000000000000010001000000000000000000010000000010001
0010000000000000000000000000000100000110010001010000000000010000000000000000000000000000000000000000000000000000000000000000000000000010001000000000000000000010000000010001
0010000000000000000000000000000100000000000000000000000000010000000000000000000000000000000000000000000000000000000000000000000000000010001000000000000000000010000000010001
0010000000000000000000000000000100000000000000000000000000010000000000000000000000000000000000000000000000000000000000000000000000000010001000000000000000000010000000010001
0010000000000000000000000000000100000000000000000000000000010000011001000100010001000100010001000100010001000100010001000100010001000100010001000100010001000100010001010001
0010000000000000000000000000000100000000000000000000000000010000000000000000000000000000000000000000000000000000000000000000000000000010001000000000000000000000000000000001
0010000000000000000000000000000100000000000000000000000000010000000000000000000000000000000000000000000000000000000000000000000000000010001000000000000000000000000000000001
0010000000000000000000000000000100000000000000000000000000010000000000000000000000000000000000000000000000000000000000000000000000000010001000000000000000000000000000000001
0010000000000000000000000000000100000000000000001010100010010000000000000000000000000000000000000000000000000000000000000000000000000010001000000000000000000000000000000001
0010000000000000000000000000000100000000000000000010000000010000000000000000000000000000000000000000000000000000000000000000000000000010001000000000000000000000000000000001
0010000000000000000000001010100010001000100010001000100010001000100010001000100010001000100010001000100010001000100010001001000000000010001000000000000000000000000000000001
0010000000000000000000000000000100000000000000000010000000010000000000000000000000000000000000000000000000000000000000000000000000000010001000000000000000000000000000000001
0010000000000000000000000000000100000000000000000010000000010000000000000000000000000000000000000110010001000100010001000100010001000100010001000100010001000100010001010001
0010000000000000000000000000000100000000000000000010000000010000000000000000000000000000000000000000000000000000000000000000000000001001001000000000000000000000101000000001
0010000000000000000000000000000100000000000000000110010001010000000000000000000000000000000000000000000000000000000000000000000000000001001000000000000000000000001000000001
0010000000000000000000000000000100000000000000000000000000010000000000000000000000000000000000000000000000000000000000000000000000000001001000000000000000000000001000000001
0010000000000000000000000000000100000000000000000000000000010000000000000000000000000000000000000000000000000000000000000000000000000001001000000000000000000000001000000001
0010000000000000000000000000000100000000000000000000000000010000000000000000000000000000000000000000000000000000000000000000000000000001001000000000000000000000001000000001
0010000000000000000000000000000100000000000000000000000000010000000000000000000000000000000000000000000000000000000000000000000000000001001000000000000000000000001000000001
0010000000000000000000000000000100000000000000000000000000010000000000000000000000001010100010010000000000000000000000000000000000000001001000000000000000000000001000000001
0010000000000000000000000000000100000000000010101000100100010000000000000000000000000010000000010000000000000000000000000000000000000001001000000000000000000000001000000001
0010000000000000000000000000010100000000000000100000000100010000101010001000100010001000100010001010100010001000100010001000100010001000100010001000100010001000100010010001
0010000000000000000000000000000000000000000000100000000101010000000000000000000000000010000000010000000000000000000000000000000000000001011000000000000000000000001000000001
0010000000000000000000000000000000000000000000100000000100000000000000000000000000000010000000010000000000000000000000000000000000000001000000000000000000000000001000000001
0010000000000000000000000000000000000000000000100000000100000000000000000000000000000010000000010000000000000000000000000000000000000001000000000000000000000000001000000001
0010000000000000000000000000000000000000000000100000000100000000000000000000000000000110010001010000000000000000000000000000000000000001000000000000000000000000001000000001
0010000000000000000000000000000000000000000001100100010100000000000000000000000000000000000000000000000000000000000000000000000000000001000000000000000000000000001000000001
0010000000000000000000000000000000000000000000000000000000000000000000000000000000000000000000000000000000000000000000000000000000000001000000000000000000000000001000000001
0010000000000000000000000000000000000000000000000000000000000000000000000000000000000000000000000000000000000000000000000000000000000101000000000000000000000000011000000001
0010000000000000000000000000000000000000000000000000000000000000000000000000000000000000000000000000000000000000000000000000000000000000000000000000000000000000000000000001
0010000000000000000000000000000000000000000000000000000000000000000000000000000000000000000000000000000000000000000000000000000000000000000000000000000000000000000000000001
0110010001000100010001000100010001000100010001000100010001000100010001000100010001000100010001000100010001000100010001000100010001000100010001000100010001000100010001000101
