1010100010001000100010001000100010001000100010001000100010001000100010001000100010001000100010001000100010001000100010001000100010001000100010001000100010001000100010001001
0010000000000000000000000001100100000000000000000010000000000000000000000000000000000000000000000000000000000000000000000000000000000000000000001010000000000000000000000001
0010000000000000000000000001000100000000000000000010000000000000000000000000000000000000000000000000000000000000000000000000000000000000000000000010000000000000000000000001
0010000000000000000000000001000100000000000000000010000000000000000000000000000000000000000000000000000000000000000000000000000000000000000000000010000000000000000000000001
0010000000000000000000000001000100000000000000000010000000000000000000000000000000000000000000000000000000000000000000000000000000000000000000000010000000000000000000000001
0010000000000000000000000001000100000000000000000010000000000000000000000000000000000000000000000000000000000000000000000000000000000000000000000010000000000000000000000001
0010000000000000000000000001000100000000000000000010000000000000000000000000000000000000000000000000000000000000000000000000000000000000000000000010000000000000000000000001
0010000000000000000000000001000100000000000000000010000010101000100100000000000000000000000000000000000000000000000000000000000000000000000000000010000000000000000000000001
0010000000000000000000000001000100000000000000000010000000100000000100000000000000000000000000000000000000000000000000000000000000000000000000000010000000000000000000000001
0010000000000000000000000001000100000000000000000010000000100000000100000000000000000000000000000000000000000000000000000000000000000000000000000010000000000000000000000001
0010000000000000000000000001000100000000000000000010000000100000000100000000000000000000000000000000000000000000000000000000000000000000000000000010000000000000000000000001
0010000000000000000000000001000100000000000000000010000000100000000100000000000000000000000000000000000000000000000000000000000000000000000000000010000000000000000000000001
0010000000000000000000000001000100000000000000000010000000100000000100000000000000000000000000000000000000000000000000000000000000000000000000000010000000000000000000000001
0010000000000000000000000001000100000000000000000010000001100100010100000000100100000000000000000000000000000000000000000000000000000000000000000010000000001010000000000001
0010000000000000000000000101000100000000000000000110000000000000000000000000000100000000000000000000000000000000000000000000000000000000000000000010000000000010000000000001
0010000000000000000000000000000100000000000000000000000000000000000000000000000100000000000000000000000000000000000000000000000000000000000000000010000000000010000000000001
0010000000000000000000000000000100000000000000000000000001100100010001000100010001000100010001000100010001000100010100000000000000000000000000000010000000000010000000000001
0010000000000000000000000000000100000000000000000000000000000000000000000000000100000000000000000000000000000000000000000000000000000000000000000010000000000010000000000001
0010000000000000000000000000000100000000000000000000000000000000000000000000000100000000000000000000000000000000000000000000000000000000000000000010000000000010000000000001
0010000000000000000000000000000100000000000000000000000000000000000000000000000100000000000000000000000000000000000000000000000000000000000000000010000000000010000000000001
0010000000000000000000000000000100000000000000000000000000000000000000000000000100000000000000000000000000000000000000000000000000000000000000000010000000000010000000000001
0010000000000000000000000000000100000000000000000000000000000000000000000000000100000000000000000000000000000000000000000000000000000000000000000010000000000010000000000001
0010000000001010100010010000000100000000000000000000000010101000100010001000100010001000100010001000100010001000100100000000000000000000000000000010000000000010000000000001
0010000000000010000000010000000100000000000000000000000000000000000000000000000100000000000000000000000000000000000000000000000000000000000000000010000000000010000000000001
0010000000000010000000010000000100000000000000000000000000000000000000000000000100000000000000000000000000000000000000000000000000000000000000000010000000000010000000000001
0010000000000010000000010000000100000000000000000000000000000000000000000000000100000000000000000000000000000000000000000000000000000000000000000010000000000010000000000001
0010000000000010000000010000000100000000000000000000000000000000000000000000000100000000000000000000000000000000000000000000000000000000000000000010000000000010000000000001
0010000000000010000010101000100100000000000000000000000000000000000000000000000100000000000000000000000000000000000000000000000000000000000000000010000000000010000000000001
0010000000000110010000100000000100000000000000000000000000000000000000000000000100000000000000000000000000000000000000000000000000000000000000000010000000000010000000000001
0010000000000000000000100000000100000000000000000000000000000000000000000000000100000000000000000000000000000000000000000000000000000000000000000010000000000010000000000001
0010000000000000000000100000000100000000000000000000000000000000000000000000000100000000000000000000000000000000000000000000000000000000000000000010000000000010000000000001
0010000000000000000000100000000100000000000000000000000000000000000000000000000100000000000000000000000000000000000000000000000000000000000000000010000000000010000000000001
0010000000000000000000100000000100000000000000000000000000000000000000000000000100000000000000000000000000000000000000000000000000000000000000000010000000000010000000000001
0010000000000000000001100100010100000000000000000000000000000000000000000000000100000000000000000000000000000000000000000000000000000000000000000010000000000010000000000001
0010000000000000000000000000000100000000000000000000000000000000000000000000000100000000000000000000000000000000000000000000000000000000000000000010000000000010000000000001
0010000000000000000000000000000100000000000000000000000000000000000000000000000100000000000000000000000000000000000000000000000000000000000000000010000000000010000000000001
0010000000000000000000000000000100000000000000000000000000000000000000000000000100000000000000000000000000000000000000000000000000000000000000000010000000000010000000000001
0010000000000000000000000000000100000000000000000000000000000000000000000000000100000000000000000000000000000000000000000000000000000000000000000010000000000010000000000001
0010000000000000000000000000010100000000000000000000000000000000000000000000000100000000000000000000000000000000000010101000100100000000000000000110000000000010000000000001
0010000000000000000000000000000000000000000000000000000000000000000000000000000100000000000000000000000000000000000000100000000100000000000000000000000000000010000000000001
0010000000000000000000000000000000000000000000000000000000000000000000000000000100000000000000000000000000000000000000100000000100000000000000000000000000000010000000000001
0010000000000000000000000000000000000000000000000000000000000000000000000000010100000000000000000000000000000000000000100000000100000000000000000000000000000110000000000001
0010000000000000000000000000000000000000000000000000000000000000000000000000000000000000000000000000000000000000000000100000000100000000000000000000000000000000000000000001
0010000000000000000000000000000000000000000000000000000000000000000000000000000000000000000000000000000000000000000000100000000100000000000000000000000000000000000000000001
0010000000000000000000000000000000000000000000000000000000000000000000000000000000000000000000000000000000000000000001100100010100000000000000000000000000000000000000000001
0110010001000100010001000100010001000100010001000100010001000100010001000100010001000100010001000100010001000100010001000100010001000100010001000100010001000100010001000101
