10101000100010001000100010001000100010001000100010001000100010001000100010001000100010001000100010001000100010001000100010001000100010001000100010001000100010001001
00100000000000000000000000000000000000000000000000000000000000000000000000000000000000000000000000000000000000000000000000000000000000000000000000000000000000000001
00100000000000000000000000000000000000000000000000000000000000000000000000000000000000000000000000000000000000000000000000000000000000000000000000000000000000000001
00100000000000000000000000000000000000000000000000000000000000000000000000000000000000000000000000000000000000000000000000000000000000000000000000000000000000000001
00100000000000000000000000000000000000000000000000000000000000000000000000000000000000000000000000000000000000000000000000000000000000000000000000000000000000000001
00100000000000000000000000000000000000000000000000000000000000000000000000000000000000000000000000000000000000000000000000000000000000000000000000000000000000000001
00100000000000000000000000000000000000000000000000000000000000000000000000000000000000000000000000000000000000000000000000000000000000000000000000000000000000000001
00100000000000000000011001000100010001000100010001000100010001000100010001000100010001000100010001000100010001000100010001000100010001000100010001000100010001010001
00100000000000000000000000000000000000000000000000000001100100000000000000000000000000000000000000000000000000000000000000000000001010101010100010010000000000000001
00100000000000000000000000000000000000000000000000000001000100000000000000000000000000000000000000000000000000000000000000000000001000100010000000010000000000000001
00100000000000000000000000000000000000000000000000000001000100000000000000000000000000000000000000000000000000000000000000000000001000100010000000010000000000000001
00100000000000000000000000000000000000000000000000000001000100000000000000000000000000000000000000000000000000000000000000000000001000100010000000010000000000000001
00100000000000000000000000000000000000000000000000000001000100000000000000000000000000000000000000000000000000000000000000000000001000100010000000010000000000000001
00100000000000000000101010001000100010001000100010001000100010001000100010001001000000000000000000000000000000000000000000000000001000100010000000010000000000000001
00101010100010010000000000000000000000000000000000000001000100000000000000000000000000000000000000000000000000000000000000000000001000100110010001010000000000000001
00100010000000010000000000000000000000000000000000000001000100000000000000000000000000000000000000000000000000000000000000000000001000100000000000000000000000000001
00100010000000010000000000000000000000000000000000000001000100000000000000000000000000000000000000000000000000000000000000000000001000100000000000000000000000000001
00100010000000010000000000000000000000000000000000000001000100000000000000000000000000000000000000000000000000000000000000000000001000100000000000000000000000000001
00100010000000010000000000000000000000000000000000000001000100000000000000000000000000000000000000000000000000000000000000000000001000100000000000000000000000000001
00100010000000010000000000000000000000000000000000000001000100000000000000000000000000000000000000000000000000000000101010001001001000100000000000000000000000000001
00100110010001010000000000000000000000000000000000000001000100000000000000000000000000000000000000000000000000000000001000000001001000100000000000000000000000000001
00100000000000000000000000000000000000000000000000000001000100000000000000000000000000000000000000000000000000000000001000000001001000100000000000000000000000000001
00100000000000000000000000000000000000000000000000000001000100000000000000000000000000000000000000000000000000000000001000000001001000100000000000000000000000000001
00100000000000000000000000000000000000000000000000000001000100000000000000000000000000000000000000000000000000000000100100000001001000100000000010100000000000000001
00100000000000000000000000000000000000000000000000000001000100000000000000000000000000000000000000000000000000000000000100000001001000100000000000100000000000000001
00100000000000000000000000000000000000000000000000000001000100000000000000000000000000000000000000000000000000000000000101000101001000100000000000100000000000000001
00100000000000000000000000000000000000000000000000000001000100000000000000000000000000000000000000000000000000000000000100000000001000100000000000100000000000000001
00100000000000000000000000000000000000000000000000000001000100000000000000000000000000000000000000000000000000000000000100000000001000100000000000100000000000000001
00100000000000000000000000000000000000000000000000000001000100000000000000000000000000000000000000000000000000000000000100000000001000100000000000100000000000000001
00100000000000000000000000000000000000000000000000000001000100000000000000000000000000000000000000000000000000000000000100000000001000101010100010010000000000000001
00100000000000000000000000000000000000000000000000000001000100000000000000000000000000000000000000000000000000000000000100000000001000100010000000010000000000000001
00100000000000000000000000000000000000000000000000000001000100000000000000000000000000000000000000000000000000000000000100000000001000100010000000010000000000000001
00100000000000000000000000000000000000000000000000000001000100000000000000000000000000000000000000000000000000000000000100000000001000100010000000010000000000000001
00100000000000000000101010001000100010001000100010001000100010001000100010001000100010001000100010001000100010001000100010001000100010001000100010001000100010010001
00100000000000000000000000000000000000000000000000000101000100000000000000000000000000000000000000000000000000000000000100000000011000100010000000010000000000000001
00100000000000000000000000000000000000000000000000000000010100000000000000000000000000000000000000000000000000000000000100000000000001100110010001010000000000000001
00100000000000000000000000000000000000000000000000000000000000000000000000000000000000000000000000000000000000000000000100000000000000000000000000100000000000000001
00100000000000000000000000000000000000000000000000000000000000000000000000000000000000000000000000000000000000000000000100000000000000000000000000100000000000000001
00100000000000000000000000000000000000000000000000000000000000000000000000000000000000000000000000000000000000000000010100000000000000000000000001100000000000000001
00100000000000000000000000000000000000000000000000000000000000000000000000000000000000000000000000000000000000000000000000000000000000000000000000000000000000000001
00100000000000000000000000000000000000000000000000000000000000000000000000000000000000000000000000000000000000000000000000000000000000000000000000000000000000000001
00100000000000000000000000000000000000000000000000000000000000000000000000000000000000000000000000000000000000000000000000000000000000000000000000000000000000000001
00100000000000000000000000000000000000000000000000000000000000000000000000000000000000000000000000000000000000000000000000000000000000000000000000000000000000000001
00100000000000000000000000000000000000000000000000000000000000000000000000000000000000000000000000000000000000000000000000000000000000000000000000000000000000000001
00100000000000000000000000000000000000000000000000000000000000000000000000000000000000000000000000000000000000000000000000000000000000000000000000000000000000000001
00100000000000000000000000000000000000000000000000000000000000000000000000000000000000000000000000000000000000000000000000000000000000000000000000000000000000000001
00100000000000000000000000000000000000000000000000000000000000000000000000000000000000000000000000000000000000000000000000000000000000000000000000000000000000000001
01100100010001000100010001000100010001000100010001000100010001000100010001000100010001000100010001000100010001000100010001000100010001000100010001000100010001000101
