101010001000100010001000100010001000100010001000100010001000100010001000100010001000100010001000100010001000100010001000100010001000100010001001
001000000000000000000000000000000000000000000000000000000000000000000000000000000000000000000000000000000000000000000000000000000000000000000001
001000000000000000000000000000000000000000000000000000000000000000000000000000000000000000000000000000000000000000000000000000000000000000000001
001000000000000000000000000000000000000000000000000000000000000000000000000000000000000000000000000000000000000000000000000000000000000000000001
001000000000000000000000000000000000000010010000000010100000000000000000000000000000000000000000000000000000000000000000000000000000000000000001
001000000000000000000000000000000000000000010000000000100000000000000000000000000000000000000000000000000000000000000000000000000000000000000001
001000000000000000000000000000000000101010001000100100100000000000000000000000000000000000000000000000000000000000000000000000000000000000000001
001000000000000000000000000000000000001000010000000100100000000000000000000000000000000000000000000000000000000000000000000000000000000000000001
001000000000101010001001000000000000001000010000000100100000000000000000000000000000000000000000000000000000000000000000000000000000000000000001
001000000000001000000001000000000000001000010000000100100000000000000000000000000000000000000000000000000000000000000000000000000000000000000001
001000000000001000000001000000000000001000010000000100100000000000000000000000000000000000000000000000000000000000000000000000000000000000000001
001000000000001000000001000000000000011001000100010100100000000000000000000000000000000000000000000000000000000000000000000000000000000000000001
001000000000001000000001000000000000000000010000000000100000000000000000100100000000000000000000000000000000000000001010000000000000000000000001
001000000000001000000001000000000000000000010000000000100000000000000000000100000000000000000000000000001010100010010010000000000000000000000001
001000000000011001000101000000000000000000010000000000100000000000000000000100000000000000000000000000000010000000010010000000000000000000000001
001000000000000000000000000000000000000001010000000001100000000000000000000100000000000000000000000000000010000000010010000000000000000000000001
001000000000000000000000000000000000000000000000000000000000000000000000000100000000000000000000000000000010000000010010000000000000000000000001
001000000000000000000000000000000000000000000000000000000000000000000000000100000000000000001001000000000010101000010010000000000000000000000001
001000000000000000000000000000000000000000000000000000000000000000000000000100000000000000000001000000000010001000010010000000000000000000000001
001000000000000000000000000000000000000000000000000000000000000000000110010001000100010001000100010001000100010001010010000000000000000000000001
001000000000000000000000000000000000000000000000000000000000000000000000000100000000000000000001000000000000001000000010000000000000000000000001
001000000000000000000000000000000000000000000000000000000000000000000000000100000000000000000001000000000000001000000010000000000000000000000001
001000000000000000000000000000000000000000000000000000000000000000001010100010001000100010001000100010001000100010010010000000000000000000000001
001000000000000000000000000000000000000000000000000000000000000000000000000100000000000000000001000000000000001000000010000000000000000000000001
001000000000000000000000000000000000000000000000000000000000000000000000000100000000000000000001000000000000001000000010000000000000000000000001
001000000000000000000000000000000000000000000000000000000000000000000000000100000000000000000001000000000000001000000010000000000000000000000001
001000000000000000000000000000000000000000000000000000000000000000000000000100000000000000000001000000000000001000000010000000000000000000000001
001000000000000000000000000000000000000000000000000000000000000000000000000100000000000000000001000000000000001000000010000000000000000000000001
001000000000000000000000000000000000000000000000000000000000000000000000000100000000000000000001000000000000001000000010000000000000000000000001
001000000000000000000000000000000000000000000000000000000000000000000000000100000000000000000101000000000000011000000010000000000000000000000001
001000000000000000000000000000000000000000000000000000000000000000000000000100000000000000000000000000000000000000000010000000000000000000000001
001000000000000000000000000000000000000000000000000000000000000000000000010100000000000000000000000000000000000000000110000000000000000000000001
001000000000000000000000000000000000000000000000000000000000000000000000000000000000000000000000000000000000000000000000000000000000000000000001
001000000000000000000000000000000000000000000000000000000000000000000000000000000000000000000000000000000000000000000000000000000000000000000001
001000000000000000000000000000000000000000000000000000000000000000000000000000000000000000000000000000000000000000000000000000000000000000000001
001000000000000000000000000000000000000000000000000000000000000000000000000000000000000000000000000000000000000000000000000000000000000000000001
001000000000000000000000000000000000000000000000000000000000000000000000000000000000000000000000000000000000000000000000000000000000000000000001
001000000000000000000000000000000000000000000000000000000000000000000000000000000000000000000000000000000000000000000000000000000000000000000001
001000000000000000000000000000000000000000000000000000000000000000000000000000000000000000000000000000000000000000000000000000000000000000000001
001000000000000000000000000000000000000000000000000000000000000000000000000000000000000000000000000000000000000000000000000000000000000000000001
001000000000000000000000000000000000000000000000000000000000000000000000000000000000000000000000000000000000000000000000000000000000000000000001
001000000000000000000000000000000000000000000000000000000000000000000000000000000000000000000000000000000000000000000000000000000000000000000001
001000000000000000000000000000000000000000000000000000000000000000000000000000000000000000000000000000000000000000000000000000000000000000000001
001000000000000000000000000000000000000000000000000000000000000000000000000000000000000000000000000000000000000000000000000000000000000000000001
001000000000000000000000000000000000000000000000000000000000000000000000000000000000000000000000000000000000000000000000000000000000000000000001
001000000000000000000000000000000000000000000000000000000000000000000000000000000000000000000000000000000000000000000000000000000000000000000001
001000000000000000000000000000000000000000000000000000000000000000000000000000000000000000000000000000000000000000000000000000000000000000000001
001000000000000000000000000000000000000000000000000000000000000000000000000000000000000000000000000000000000000010101000100100000000000000000001
001000000000000000000000000000000000000000000000000000000000000000000000000000000000000000000000000000000000000000100000000100000000000000000001
001000000000000000000000000000000000000000000000000000000000000000000000000000000000000000000000000000000000000000100000000100000000000000000001
001000000000000000000000000000000000000000000000000000000000000000000000000000000000000000000000000000000000000000100000000100000000000000000001
001000000000000000000000000000000000000000000000000000000000000000000000000000000000000000000000000000000000000000100000000100000000000000000001
001000000000000000000000000000000000000000000000000000000000000000000000000000000000000000000000000000000000000000100000000100000000000000000001
001000000000000000000000000000000000000000000000000000000000000000000000000000000000000000000000000000000000000001100100010100000000000000000001
011001000100010001000100010001000100010001000100010001000100010001000100010001000100010001000100010001000100010001000100010001000100010001000101
