101010001000100010001000100010001000100010001000100010001000100010001000100010001000100010001000100010001000100010001000100010001000100010001000100010001001
001000000000000000000000000100000000000000000000000000000000000000000000000000000000000000000000000000000000000000000000001000000000000000000000000000000001
001000000000000000000000000100001001000000000000000000000000000000000000000000000000000000000000000000000000101000000000001000000000000000000000000000000001
001000000000000000000000000100000001000000000000000000000000000000000000000000000000000000000000000000000000001000000000001000000000000000000000000000000001
001000000000000000000000000100000001000000000000000000000000000000000000000000000000000000000000000000000000001000000000001000000000000000000000000000000001
001000000000000000000000000100000001101010001001000000000000000000000000000000000000000000000000000000000000001000000000001000000000000000000000000000000001
001000000000000000000000000100000001001000000001000000000000000000000000000000000000000000000000000000000000001000000000001000000000000000000000000000000001
001000000000000000000000000100000001001000000001000000000000000000000000000000000000000000000000000000000000001000000000001000000000000000000000000000000001
001000000000000000000000000100000001001000000001000000000000000000000000101010001001000000000000000000000000001000000000001000000000000000000000000000000001
001000000000000000000000000100000001001000000001000000000000000000000000001000000001000000000000000000000000001000000000001000000000000000000000000000000001
001000000000000000000000000100000001001000000001000000000000000000000000001000000001000000000000000000000000001000000000001000000000000000000000000000000001
001000000000000000000000000100000001011001000101000000000000000000000000001000000001000000000000000000000000001000000000001000000000000000000000000000000001
001000000000000000000000000100000001000000000000000000000000000000000000001000000001000000000000000000000000001000000000001000000000000000000000000000000001
001000000000000000000000000100000001000000000000000000000000000000000000001000000001000000000000000000000000001000000000001000000000000000000000000000000001
001000000000000000000000000100000001000000000000000000000000000000000000011001000101000000000000000000000000001000000000001000000000000000000000000000000001
001000000000000000000000000100000001000000000000000000000000000000000000000000000000000000000000000000000000001000000000001000000000000000000000000000000001
001000000000000000000000000100000001000000000000000000000000000000000000000000000000000000000000000000000000001000000000001000000000000000000000000000000001
001000000000000000000000000100000001000000000000000000000000000000000000000000000000000000000000000000000000001000000000001000000000000000000000000000000001
001000000000000000000000000100000001000000000000000000000000000000000000000000000000000000000000000000000000001000000000001000000000000000000000000000000001
001000000000000000000000000100000001000000000000000000000000000000000000000000000000000000000000000000000000001000000000001000000000000000000000000000000001
001000000000000000000000000100000001000000000000000000000000000000000000000000000000000000000000000000000000001000000000001000000000000000000000000000000001
001000000000000000000000000100000001000000000000000000000000000000000000000000000000000000000000000000000000001000000000001000000000000000000000000000000001
001000000000000000000000000100000001000000000000000000000000000000000000000000000000000000000000000000000000001000000000001000000000000000000000000000000001
001000000000000000000000000100000001000000000000000000000000000000000000000000000000000010101000100010001000100010001001001000000000000000000000000000000001
001000000000000000000000000100000001000000000000000000000000000000000000000000000000000001100100010001000100010001000101001000000000000000000000000000000001
001000000000000000000000000100000001000000000000000000000000000000000000000000000000000000000000000000000000001000000000001010101000100100000000000000000001
001010001001000000000000000100000001000000000000000000000000000000000000000000000000000000000000000000000000001010101000100100100000000100000000000000000001
001000000001000000000000000100000001000000000000000000000000000000000000000000000000000000000000000000000000001000100000000100100000000100000000000000000001
001000000001000000000000000100000001000000000000000000000000000000000000000000000000000000000000000000000000001000100000000100101010100010010000000000000001
001000000001000000000000000100000101000000000000000000000000000000000000000000000000000000000000000000000000011000100000000100100010000100010000000000000001
001000000001000000000000000100000000000000000000000000000000000000000000000000000000000000000000000000000000000000100000000100100010000100010000000000000001
001000000001000000000000000100000000000000000000000000000000000000000000000000000000000000000000000000000000000000100000000101100010010100010000000000000001
001001001010100010010000010100000000000000000000000000000000000000000000000000000000000000000000000000000000000001100100010100000010000000010000000000000001
001000000010000000010000000000000000000000000000000000000000000000000000000000000000000000000000000000000000000000000000000000000010000000010000000000000001
001000000010000000010000000000000000000000000000000000000000000000000000000000000000000000000000000000000000000000000000000000000110010001010000000000000001
001000000010000000010000000000000000000000000000000000000000000000000000000000000000000000000000000000000000000000000000000000000000000000000000000000000001
001000000010000000010000000000000000000000000000000000000000000000000000000000000000000000000000000000000000000000000000000010101000100100000000000000000001
001000000010000000010000000000000000000000000000000000000000000000000000000000000000000000000000000000000000000000000000000000100000000100000000000000000001
001000000110010001010000000000000000000000000000000000000000000000000000000000000000000000000000000000000000000000000000000000100000000100000000000000000001
001000000000000000000000000000000000000000000000000000000000000000000000000000000000000000000000000010101000100100000000000000100000000100000000000000000001
001000000000000000000000000000000000000000000000000000000000000000000000000000000000000000000000000000100000000100000000000000100000000100000000000000000001
001000000000000000000000000000000000000000000000000000000000000000000000000000000000000000000000000000100000000100000000000000100000000100000000000000000001
001000000000000000000000000000000000000000000000000000000000000000000000000000000000000000000000000000100000000100000000000001100100010100000000000000000001
001000000000000000000000000000000000000000000000000000000000000000000000000000000000000000000000000000100000000100000000000000000000000000000000000000000001
001000000000000000000000000000000000000000000000000000000000000000000000000000000000000000000000000000100000000100000000000000000000000000000000000000000001
001000000000000000000000000000000000000000000000000000000000000000000000000000000000000000000000000001100100010100000000000000000000000000000000000000000001
001000000000000000000000000000000000000000000000000000000000000000000000000000000000000000000000000000000000000000000000000000000000000000000000000000000001
001000000000000000000000000000000000000000000000000000000000000000000000000000000000000000000000000000000000000000000000000000000000000000000000000000000001
001000000000000000000000000000000000000000000000000000000000000000000000000000000000000000000000000000000000000000000000000000000000000000000000000000000001
001000000000000000000000000000000000000000000000000000000000000000000000000000000000000000000000000000000000000000000000000000000000000000000000000000000001
011001000100010001000100010001000100010001000100010001000100010001000100010001000100010001000100010001000100010001000100010001000100010001000100010001000101
