1010100010001000100010001000100010001000100010001000100010001000100010001000100010001000100010001000100010001000100010001000100010001000100010001000100010001001
0010000000000000000000000000000000000000000000000000000000000000000000000000000000000010000000010000000000000000000000000000000000000000000000000000000000000001
0010000000000000000000000000000000000000000000000000000000000000000000000000000000000010000000010000000000000000000000000000000000000000000000000000000000000001
0010000000000000000000000000000000000000000000000000000000000000000000000000000000000010000000010000000000000000000000000000000000000000000000000000000000000001
0010000000000000000000000000000000000000100100000000000000000000000000000000000000000010000000010000000010100000000000000000000000000000000000000000000000000001
0010000000000000000000000000000000000000000100000000000000000000000000000000000000000010000000010000000000100000000000000000000000000000000000000000000000000001
0010000000000000000000000000000000000000000100000000000000000000000000000000000000000110010001010000000000100000000000000000000000000000000000000000000000000001
0010000000000000000000000000000000000000000100000000100100000000000000000000000000000000000000000000000000100000000000000000000000000000000000000000101000000001
0010000000000000000000000000000010101000100100000000000100000000000000000000000000000000000000000000000000100000000000000000000000000000000000000000001000000001
0010000000000000000000000000000000100000000100000000000100000000000000000000000000000000000000000000000000100000000000000000000000000000000000000000001000000001
0010000000000000000000000000000000100000000100000000000100000000100100000000000000000000000000000000000000100000000000000000101000000000000000000000001000000001
0010000000000000000000000000000000100000000100000000000100000000000100000000000000000000000000000000000000100000000000000000001000000000000000000000001000000001
0010000000000000000000000000000000100000000100000000000100000000000100000000000000000000000000000000000000100000000000000000001000000000000000000000001000000001
0010000000000000000000000000000000100000000100000000000100000000000100000000000000000000000000000000000000100000000000000000001000000000000000000000001000000001
0010000000000000000000000000000001100100010100000110010001000100010001000100010001000100010001000100010001000100010100000000001000000000000000000000001000000001
0010000000000000000000000000000000000000000100000000000100000000000100000000000000000000000000000000000000100000000000000000001000000000000000000000001000000001
0010000000000000000000000000000000000000000100000000000100000000000100000000000000000000000000000000000000100000000000000000001000000000000000000000001000000001
0010000000000000000000000000000000000000000100000000000100000000000100000000000000000000000000000000000000100000000000000000001000000000000000000000001000000001
0010000000000000000000000000000000000000000100000000000100000000000100000000000000000000000000000000000000100000000000000000001000000000000000000000001000000001
0010000000000000000000000000000000000000000100000000000100000000000101100100010001000100010001000100010100100000000000000000001000000000000000000000001000000001
0010000000000000000000000000000000000000000100000000000100000000000100000000000000000000000000000000000000100000000000000000001000000000000000000000001000000001
0010000000000000000000000000000000000000000100000000000100000000000100000000000000000000000000000000000000100000000000000000001000000000000000000000001000000001
0010000000000000000000000000000000000000000100001010100010001000100010001000100010001000100010001000100010001000100100000000001000000000000000000000001000000001
0010000000000000000000000000000000000000000100000000000100000000000100000000000000000000000000000000000000100000000000000000001000000000000000000000001000000001
0010000000000000000000000000000000000000000100000000000100000000000100000000000000000000011001000100010001000100010001000100010001000100010001010000001000000001
0010000000000000000000000000000000000000000100000000000100000000000100000000000000000000000000000000000000100000000000000000001000000000000000000000001000000001
0010000000000000000000000000000000000000000100000000000100000000000100000000000000000000000000000000000000100000000000000000001000000000000000000000001000000001
0010000000000000000000000000000000000000000100000000000100000000000100000000000000000000000000000000000000100000000000000000001000000000000000000000001000000001
0010000000000000000000000000000000000000010100000000000100000000000100000000000000000000000000000000000001100000000000000000001000000000000000000000001000000001
0010000000000000000000000000000000000000000000000000000100000000000100000000000000000000101010001000100010001000100010001000100010001000100010010000001000000001
0010000000000000000000000000000000000000000000000000000100000000000100000000000000000000000000000000000000000000000000000000001000000000000000000000001000000001
0010000000000000000000000000000000000000000000000000000100000000000100000000000000000000000000000000000000000000000000000000001000000000000000000000001000000001
0010000000000000000000000000000000000000000000000000000100000000000100000000000000000000000000000000000000000000000000000000001000000000000000000000001000000001
0010000000000000000000000000000000000000000000000000000100000000010100000000000000000000000000000000000000000000000000000000011000000000000000000000001000000001
0010000000000000000000000000000000000000000000000000000100000000000000000000000000000000000000000000000000000000000000000000000000000000000000000000001000000001
0010000000000000000000000000000000000000000000000000000100000000000000000000000000000000000000000000000000000000000000000000000000000000000000000000001000000001
0010000000000000000000000000000000000000000000000000000100000000000000000000000000000000000000000000000000000000000000000000000000000000000000000000001000000001
0010000000000000000000000000000000000000000000000000000100000000000000000000000000000000000000000000000000000000000000000000000000000000000000000000001000000001
0010000000000000000000000000000000000000000000000000000100000000000000000000000000000000000000000000000000000000000000000000000000000000000000000000001000000001
0010000000000000000000000000000000000000000000000000010100000000000000000000000000000000000000000000000000000000000000000000000000000000000000000000011000000001
0010000000000000000000000000000000000000000000000000000000000000000000000000000000000000000000000000000000000000000000000000000000000000000000000000000000000001
0010000000000000000000000000000000000000000000000000000000000000000000000000000000000000000000000000000000000000000000000000000000000000000000000000000000000001
0010000000000000000000000000000000000000000000000000000000000000000000000000000000000000000000000000000000000000000000000000000000000000000000000000000000000001
0010000000000000000000000000000000000000000000000000000000000000000000000000000000000000000000000000000000000000000000000000000000000000000000000000000000000001
0010000000000000000000000000000000000000000000000000000000000000000000000000000000000000000000000000000000000000000000000000000000000000000000000000000000000001
0010000000000000000000000000000000000000000000000000000000000000000000000000000000000000000000000000000000000000000000000000000000000000000000000000000000000001
0010000000000000000000000000000000000000000000000000000000000000000000000000000000000000000000000000000000000000000000000000000000000000000000000000000000000001
0010000000000000000000000000000000000000000000000000000000000000000000000000000000000000000000000000000000000000000000000000000000000000000000000000000000000001
0010000000000000000000000000000000000000000000000000000000000000000000000000000000000000000000000000000000000000000000000000000000000000000000000000000000000001
0110010001000100010001000100010001000100010001000100010001000100010001000100010001000100010001000100010001000100010001000100010001000100010001000100010001000101
