1010100010001000100010001000100010001000100010001000100010001000100010001000100010001000100010001000100010001000100010001000100010001000100010001000100010001000100010001001
0010000000000000000000000000000000000000000000000000000000000000000000000000000000000000000000000000000000000000000000000000000000000000000000000000000000000000000000000001
0010010001000100010001000100010001000100010001000100010001000100010001000100010001000100010001000101000000000000000000000000000000000000000000000000000000000000000000000001
0010000000000000000000000000000000000000000000000000000000000000000000000000000000000000000000000000000000000000000000000000000000000000000000000000000000000000000000000001
0010000000000000000000000000000000000000000000000000000000000000000000000000000000000000000000000000000000000000000000000000000000000000000000000000000000000000000000000001
0010000000000000000000000000000000000000000000000000000000000000000000000000000000000000000000000000000000001010100010010000000000000000000000000000000000000000000000000001
0010000000000000000000000000000000000000000000001001000000000000000000000000000000000000000000000000000000000010000010100000000000000000000000000000000000000000000000000001
0010000000000000000000000000000000000000000000000001100100000000000000000000000000000000000000000000000000001010000000100000000000000000000000000000000000000000000000000001
0010000000000000000000000000000000000000000000000001000100000000000000000000000000000000000000000000000000000010000000100000000000000000000000000000000000000000000000000001
0010000000000000000000000000011001000100010001000100010001000100010001000100010100000000000000000000000000000010000000100000000000000000000000000000000000000000000000000001
0010000000000000000000000000000000000000000000000001000100000000000000000000000000000000000000000000000000000010000000100000000000000000000000000000000000000000000000000001
0010000000000000000000000000000000000000000000000001000100000000000000000000000000000000000000000000000000000010010000100000000000000000000000000000000000000000000000000001
0010000000000000000000000000000000000000000000000001000100000000000000000000000000000000000000000000000000000010000000100000000000000000000000000000000000000000000000000001
0010000000000000000000000000101010001000100010001000100010001000100010001000100100000000000000000000000000000010000000100000000000000000000000000000000000000000000000000001
0010000000000000000000000000000000000000000000000001000100000000000000000000000000000000000000000000000000000010000000100000000000000000000000000000000000000000000000000001
0010000000000000000000000000000000000000000000000001000100000000000000000000000000000000000000000000000000000010000000100000000000000000000000000000000000000000000000000001
0010000000000000000000000000000000000000000000000001000100000000000000000000000000000000000000000000000010101000100100101010101010001001000000000000000000000000000000000001
0010000000000000000000000000000000000000000000000001000100000000000000000000000000000000000010010000000000101010000100100010001000010001000000000000000000000000000000000001
0010100010001000100010001000100010001000100010001000100010001000100010001000100010001000100010001001000000100010000100100010001000010001000000000000000000000000000000000001
0010000000000000000000000000000000000000000000000001000100000000000000000000000000000000000000010000100100100010000100100010001000010001000000000000000000000000000010100001
0010000000000000000000000000000000000000000000000001000100000000000000000110010001000100010001000100010001000100010001000100010001010001000000000000000000000000000000100001
0010000000000000000000000000000000000000000000000001000100000000000000000000000000001010100010001000100010001001000100100010001000010001000000000000000000000000000000100001
0010000000000000000000000000000000000000000000000001000100000000000000000000000000000010000000010000000101100001010100100110011001000101000000000000000000000000000000100001
0010000000000000000000000000000000000000000000000001000100000000000000000000000000000110010001000100010001000101000000100000000000000000000000000000000000000000000000100001
0010000000000000000000000000000000000000000000000001000100000000000000000000000000000000000000010000000100000010000000100000000000000000000000000000000000000000000000100001
0010000000000000000000000000000000000000000000000001000100000000000000000000000000000000000000010000000100000010000000100000000000000000000000000000000000000000000000100001
0010000000000000000000000000000000000000000000000001000100000000000000001010100010001000100010001000100010001000100010001000100010010000000000000000000000000000000000100001
0010000000000000000000000000000000000000000000000001000100000000000000000000000000000000000000010000000100000010000000100000000000000000000000000000000000000000000000100001
0010000000000000000000000000000000000000000000000001000100000000000000000000000000000000000000010000000100000010000000100000000000000000101010001001000000000000000000100001
0010000000000000000000000000000000000000000000000001010100000000000000000000000000000000000001010000000100000110101010001001000000000000001000000001000000000000000000100001
0010000000000000000000000000000000000000000000000001000000000000000000000000000000000000000000000000000100000000001000100001000000000000001000000001000000000000000000100001
0010000000000000000000000000000000000000000000000101000000000000000000000000000000000000000000000000000100000000001001100001000000000000001000000001000000000000000000100001
0010000000000000000000000000000000000000000000000000000000000000000000000000000000000000000000000000000100000000001000000001000000000000001000000001000000000000000000100001
0010000000000000000000000000000000000000000000000000000000000000000000000000000000000000000000000000000100000000001000000001000000000000001000000001000000000000000000100001
0010000000000000000000000000000000000000000000000000000000000000000000000000000000000000000000000000000100000000001000000001000000000000011001000101000000000000000000100001
0010000000000000000000000000000000000000000000000000000000000000000000000000000000000000000000000000000100000000011001000101000000000000000000000000000000000000000010010001
0010000000000000000000000000000000000000000000000000000000000000000000000000000000000000000000000000000100000000000000000000000000000000000000000000000000000000000000010001
0010000000000000000000000000000000000000000000000000000000000000000000000000000000000000000000000000000100000000000000000000000000000000000010101000100100000000000000010001
0010000000000000000000000000000000000000000000000000000000000000000000000000000000000000000000000000000100000000000000000000000000000000000000100000000100000000000000010001
0010000000000000000000000000000000000000000000000000000000000000000000000000000000000000000000000000000100000000000000000000000000000000000000100000000100000000000000010001
0010000000000000000000000000000000000000000000000000000000000000000000000000000000000000000000000000000100000000000000000000000000000000000000100000000100000000000000010001
0010000000000000000000000000000000000000000000000000000000000000000000000000000000000000000000000000000100000000000000000000000000000000000000100000000100000000000000010001
0010000000000000000000000000000000000000000000000000000000000000000000000000000000000000000000000000000100000000000000000000000000000000000000100000000100000000000000010001
0010000000000000000000000000000000000000000000000000000000000000000000000000000000000000000000000000010100000000000000000000000000000000000001100100010100000000000000010001
0010000000000000000000000000000000000000000000000000000000000000000000000000000000000000000000000000000000000000000000000000000000000000000000000000000000000000000001010001
0110010001000100010001000100010001000100010001000100010001000100010001000100010001000100010001000100010001000100010001000100010001000100010001000100010001000100010001000101
