1010100010001000100010001000100010001000100010001000100010001000100010001000100010001000100010001000100010001000100010001000100010001000100010001000100010001001
0010000000000000000000000000000000000000000000000000000000000000000000000000000000000000000000000000000000000000000000000000000000000000000000000000000000000001
0010000000000000000000000000000010010000000000000000000000000000000000000000000000000000000000000000000000000000101000000000000000000000000000000000000000000001
0010000000000000000000000000000000010000000000000000000000000000000000000000000000000000000000000000000000000000001000000000000000000000000000000000000000000001
0010000000000000000000000000000000010000100100000000101000000000000000000000000000000000000000000000000000000000001000000000000000000000000000000000000000000001
0010000000000000000000000000000000010000000100000000001000000000000000000000000000000000000000000000000000000000001000000000000000000000000000000000000000000001
0010000000000000000000000000000000010000000100000000001000000000000000000000000000000000000000000000000000000000001000000000000000000000000000000000000000000001
0010000000000000000000000000000000010000000100000000001000000000000000000000000000000000000000000000000000000000001000000000000000000000000000000000000000000001
0010000000000000000000000000000000010000000100000000001000000000000000000000000000000000000000000000000000000000001000000000000000000000000000000000000000000001
0010000000000000000000000000000000010000000100000000001000000000000000000000000000000000000000000000000000000000001000000000000000000000000000000000000000000001
0010000000000000000000000000000000010000000100000000001000000000000000000000000000000000000000000000000000000000001000000000000000000000000000000000000000000001
0010000000000000000000000000000000010000000100000000001000000000000000000000000000000000000000000000000000000000001000000000000000000000000000000000000000000001
0010000000000000000000000000000000010000011001000100010001000100010001000100010001000100010001000100010001000100010001000100010001000101000000000000000000000001
0010000000000000000000000000000000010000000100000000001000000000000000000000000000000000000000000000000000000000001000000000000000000000000000000000000000000001
0010000000000000000000000000000000010000000100000000001000000000000000000000000000000000000000000000000000000000001000000000000000000000000000000000000000000001
0010000000000000000000000000000000010000010100000000011000000000000010101000100010001001000000000000000000000000001000000000000000000000000000000000000000000001
0010000000000000000000000000000000010000000000000000000000000000000000100000000000000001000000000000000000000000001000000000000000000000000000000000000000000001
0010000000000000000000000000000000010000000000000000000000000000000000100000000000000001000000000000000000000000001000000000000000000000000000000000000000000001
0010000000000000000000000000000000010000000000000000000000000000000000100000000000000001000000000000000000000000001000000000000000000000000000000000000000000001
0010000000000000000000000000000000010000000000000000000000000000000001100100010001000001000000000000000000000000001000000000000000000000000000000000000000000001
0010000000000000000000000000000000010000000000000000000000000000000000000000000000000001000000000000000000000000001000000000000000000000000000000000000000000001
0010000000000000000000000000000000010000000000000000000000000000000000000000000000000001000000000000000000000000001000000000000000000000000000000000000000000001
0010000000000000000000000000000000010000000000000000000000000000000000000000000000000001000000000000000000000000001000000000000000000000000000000000000000000001
0010000000000000000000000000000000010000000000000000000000000000000000000000000000000001000000000000000000000000001000000000000000000000000000000000000000000001
0010000000000000000000000000000000010000000000000000000000000000000000000000000000000001000000000000000000000000001000000000000000000000000000000000000000000001
0010000000000000000000000000000000010000000000000000000000000000000000000000000000000001000000000000000000000000001000000000000000000000000000000000000000000001
0010000000000000000000000000000000010000000000000000000000000000000000001010100010010001000000000000000000000000001000000000000000000000000000000000000000000001
0010000000000000000000000000000000010000101010001000100010001000100010001000100010001000100010001000100010001000100010001000100010001001000000000000000000000001
0010000000000000000000000000000000010000000000000000000000000000000000000010000000010001000000000000000000000000001000000000000000000000000000000000000000000001
0010000000000000000000000000000000010000000000000000000000000000000000000010000000010001000000000000000000000000001000000000000000000000000000000000000000000001
0010000000000000000000000000000001010000000000000000000000000000000000000010000000010001000000000000000000000000011000000000000000000000000000000000000000000001
0010000000000000000000000000000000000000000000000000000000000000000000000010000000010001000000000000000000000000000000000000000000000000000000000000000000000001
0010000000000000000000000000000000000000000000000000000000000000000000000110010001010001000000000000000000000000000000000000000000000000000000000000000000000001
0010000000000000000000000000000000000000000000000000000000000000000000000000000000000001000000000000000000000000000000000000000000000000000000000000000000000001
0010000000000000000000000000000000000000000000000000000000000000000000000000000000000001000000000000000000000000000000000000000000000000000000000000000000000001
0010000000000000000000000000000000000000000000000000000000000000000000000000000000000001000000000000000000000000000000000000000000000000000000000000000000000001
0010000000000000000000000000000000000000000000000000000000000000000000000000000000000001000000000000000000000000000000000000000000000000000000000000000000000001
0010000000000000000000000000000000000000000000000000000000000000000000000000000000000001000000000000000000000000000000000000000000000000000000000000000000000001
0010000000000000000000000000000000000000000000000000000000000000000000000000000000000001000000000000000000000000000000000000000000000000000000000000000000000001
0010000000000000000000000000000000000000000000000000000000000000000000000000000000000001000000000000000000000000000000000000000000000000000000000000000000000001
0010000000000000000000000000000000000000000000000000000000000000000000000000000000000001000000000000000000000000000000000000000000000000000000000000000000000001
0010000000000000000000000000000000000000000000000000000000000000000000000000000000000101000000000000000000000000000000000000000000000000000000000000000000000001
0010000000000000000000000000000000000000000000000000000000000000000000000000000000000000000000000000000000000000000000000000000000000000000000000000000000000001
0010000000000000000000000000000000000000000000000000000000000000000000000000000000000000000000000000000000000000000000000000000000000000000000000000000000000001
0010000000000000000000000000000000000000000000000000000000000000000000000000000000000000000000000000000000000000000000000000000000000000000000000000000000000001
0010000000000000000000000000000000000000000000000000000000000000000000000000000000000000000000000000000000000000000000000000000000000000000000000000000000000001
0010000000000000000000000000000000000000000000000000000000000000000000000000000000000000000000000000000000000000000000000000000000000000000000000000000000000001
0010000000000000000000000000000000000000000000000000000000000000000000000000000000000000000000000000000000000000000000000000000000000000000000000000000000000001
0010000000000000000000000000000000000000000000000000000000000000000000000000000000000000000000000000000000000000000000000000000000000000000000000000000000000001
0110010001000100010001000100010001000100010001000100010001000100010001000100010001000100010001000100010001000100010001000100010001000100010001000100010001000101
