10101000100010001000100010001000100010001000100010001000100010001000100010001000100010001000100010001000100010001000100010001000100010001000100010001000100010001001
00100000000000000000000000001001000000000000000000000000000000000000000000000000000000000000000000000000000000000000000010100000000000000000000000000000000000000001
00100000000000000000000000000001000000000000000000000000000000000000000000000000000000000000000000000000000000000000000000100000000000000000000000000000000000000001
00100000000000000000000000000001000010010000000000000000000000000000000000000000000000000000000000000000000000001010000000100000000000000000000000000000000000000001
00100000000000000000000000000001000000011001000000000000000000000000000000000000000000000000000000000000000000000010000000100000000000000000101000000000000000000001
00100000000000000000000000000001000000010001000000000000000000000000000000000000000000000000000000000000000000000010000000100000000000000000001000000000000000000001
00100000000000000000000000000001000000010001000000000000000000000000000000000000000000000000000000000000000000000010000000100000000000000000001000000000000000000001
00100000000000000000000000000001000000010001000000000000000000000000000000000000000000000000000000000000000000000010000000100000000000000000001000000000000000000001
00100000000000000000000000000001000000010001000000000000000000000000000000000000000000000000000000000000000000000010000000100000000000000000001000000000000000000001
00100000000000000000000000000001000000010001000000000000000000000000000000000000000000000000000000000000000000000010000000100000000000000000001000000000000000000001
00100000000000000000000000000001000000010001000000000000000000000000000000000000000000000000000000000000000000000010000000100000000000000000001000000000000000000001
00100000000000000000000000000001000000010001000000000000000000000000000000000000000000000000000000000000000000000010000000100000000000000000001000000000000000000001
00100000000000000000000000000001000000010001101010001000100010001000100010010000000000000000000000000000000000000010000000100000000000000000001000000000000000000001
00100000000000000000000000000001000000010001011001000100010001000100010001010000000000000000000000000000000000000010000000100000000000000000001000000000000000000001
00100000000000000000000000000001000000010001000000000000000000000000000000000000000000000000000000000000000000000010000000100000000000000000001000000000000000000001
00100000000000000000000000000001000000010001000000000000000000000000000000000000000000000000000000000000000000000010000000100000000000000000001000000000000000000001
00100000000000000000000000000001000000010001000000000000000000000000000000000000000000000000000000000000000000000010000000100000000000000000001000000000000000000001
00100000000000000000000000000001000000010001000000000000000000000000000000000000000000000000000000000000000000000010000000100000000000000000001000000000000000000001
00100000000000000000000000000001000000010001000000000000000000000000000000000000000000000000000000000000000000000010000000100000000000000000001000000000000000000001
00100000000000000000000000000001000000010001000000000000000000000000000000000000000000000000000000000000000000000010000000100000000000000000001000000000000000000001
00100000000000000000000000000001000000010001000000000000000000000000000000000000000000000000000000000000000000000010000000100000000000000000001000000000000000000001
00100000000000000000000000000001000000010001000000000000000000000000000000000000000000000000000000000000000000000010000000100000101010001001001000000000000000000001
00100000000000000000000000000001000000010001000000000000000000000000000000000000000000000000000000000000000000000010000000100000001000000001001000000000000000000001
00100000000000000000000000000001000000010001000000000000000000000000000000000000000000000000000000000000000000000010100100100000001000000001001000001010000000000001
00100000000000000000000000000001000000010001000000000000000000000000000000000000000000000000000000000000000000000010000100100000001000000001001000000010000000000001
00100000000000000000000000000001000000010001000000000000000000000000000000000000000000000000000000000000000000000010000100100000001000000001001000000010000000000001
00100000000000000000000000000001000000010001000000000000000000000000000000000000000000000000000000000000000000000010000100100000001000000001001000000010000000000001
00100000000000000000000000000001000000010001000000000000000000000000000000000000000000000000000000000000000000000010000100100000011001000101001000000010000000000001
00100000000000000000000000000001000000010001000000000000000000000000000000000000000000000000000000000000000000000010000100100000000000000000001000000010000000000001
00100000000000000000000000000001000000010001000000000000000000000000000000000000000000000000000000000000000000000010000100100000000000000000001000000010000000000001
00100000000000000000000000000001000001010001000000000000000000000000000000000000000000000000000000000000000000000110000100100000000000000000001000000010000000000001
00100000000000000000000000000001000000000001000000000000000000000000000000000000000000000000000000000000000000000000000100100000000000000000001000000010000000000001
00100000000000000000000000000101000000000001000000000000000000000000000000000000000000000000000000000000000000000000000101100000000000000000001000000010000000000001
00100000000000000000000000000000000000000001000000000000000000000000000000000000000000000000000000000000000000000000000100000000000000000000001000000010000000000001
00100000000000000000000000000000000000000001000000000000000000000000000000000000000000000000000000000000000000000000000100000000000000000000001000000010000000000001
00100000000000000000000000000000000000000001000000000000000000000000000000000000000000000000000000000000000000000000000100000000000000000000001000000010000000000001
00100000000000000000000000000000000000000001000000000000000000000000000000000000000000000000000000000000000000000000000100000000000000000000001000000010000000000001
00100000000000000000000000000000000000000101000000000000000000000000000000000000000000000000000000000000000000000000000100000000000000000000011000000010000000000001
00100000000000000000000000000000000000000000000000000000000000000000000000000000000000000000000000000000000000000000000100000000000000000000000000000010000000000001
00100000000000000000000000000000000000000000000000000000000000000000000000000000000000000000000000000000000000000000010100000000000000000000000000000110000000000001
00101010100010010000000000000000000000000000000000000000000000000000000000000000000000000000000000000000000000000000000000000000000000000000000000000000000000000001
00100010000000010000000000000000000000000000000000000000000000000000000000000000000000000000000000000000000000000000000000000000000000000000000000000000000000000001
00100010000000010000000000000000000000000000000000000000000000000000000000000000000000000000000000000000000000000000000000000000000000000000000000000000000000000001
00100010000000010000000000000000000000000000000000000000000000000000000000000000000000000000000000000000000000000000000000000000000000000000000000000000000000000001
00100010000000010000000000000000000000000000000000000000000000000000000000000000000000000000000000000000000000000000000000000000000000000000000000000000000000000001
00100010000000010000000000000000000000000000000000000000000000000000000000000000000000000000000000000000000000000000000000000000000000000000000000000000000000000001
00100110010001010000000000000000000000000000000000000000000000000000000000000000000000000000000000000000000000000000000000000000000000000000000000000000000000000001
01100100010001000100010001000100010001000100010001000100010001000100010001000100010001000100010001000100010001000100010001000100010001000100010001000100010001000101
