10101000100010001000100010001000100010001000100010001000100010001000100010001000100010001000100010001000100010001000100010001000100010001000100010001000100010001001
00100000000000000000000000000000000000000000000000000000000000000000000000000000000000000000000000000000000000000000000000000000000000000000000000000000000000000001
00100000000000000000000000000000100100000000000000000000000000000000000000000000000000000000000000000000000000000000000010100000000000000000000000000000000000000001
00100000000000000000000000000000000100000000000000000000000000000000000000000000000000000000000000000000000000000000000000100000000000000000000000000000000000000001
00100000000000000000000000000000000100000000000000000000000000000000000000000000000000000000000000000000000000000000000000100000000000000000000000000000000000000001
00100000000000000000000000000000000100000000000000000000000000000000000000000000000000000000000000000000000000000000000000100000000000000000000000000000000000000001
00100000000000000000000000000000000100000000000000000000000000000000000000000000000000000000000000000000000000000000000000100000000000000000000000000000000000000001
00100000000000000000000000000000000100000000000000000000000000000000000000000000000000000000000000000000000000000000000000100000000000000000000000000000000000000001
00100000000000000000000000000000000100000000000000000000000000000000000000000000000000000000000000000000000000000000000000100000000000000000000000000000000000000001
00100000000000000000000000000000000100000000000000000000000000000000000000000000000000000000000000000000000000000000000000100000000000000000000000000000000000000001
00100000000000000000000000000000000100000000000000000000000000000000000000000000000000000000000000000000000000000000000000100000000000000000000000000000000000000001
00100000000000000000000000000000000100000000000000000000000000000000000000000000000000000000000000000000000000000000000000100000000000000000000000000000000000000001
00100000000000000000000000000000000100000000000000000000000000000000000000000000000000000000000000000000000000000000000000100000000000000000000000000000000000000001
00100000000000000000000000000000000100000000000000000000000000000000000000000000000000000000000000000000000000000000000000100000000000000000000000000000000000000001
00100000000000000000000000000000000100000000000000000000000000000000000000000000000000000000000000000000000000000000000000100000000000000000000000000000000000000001
00100000000000000000000000000000000100000000000000000000000000000000000000000000000000000000000000000000000000000000000000100000000000000000000000000000000000000001
00100000000000000000000000000000000100000000000000000000000000000000000000000000000000000000000000000000000000000000000000100000000000000000000000000000000000000001
00100000000000000000000000000000000100000000000000000000000000000000000000000000000000000000000000000000000000000000000000100000000000000000000000000000000000000001
00100000000000000000000000000000000100000000000000000000000000000000000000000000000000000000000000000000000000000000000000100000000000000000000000000000000000000001
00100000000000000000000000000000000100000000000000000000000000000000000000000000000000000000000000000000000000000000000000101010100010010000000000000000000000000001
00100000000000000000000000000000000100000000000000000000000000000000000000000000000000000000000000000000000000000000000000100010000000010000000000000000000000000001
00100000000000000000000000000000000100000000000000000000000000000000000000000000000000000000000000000000000010010000000000100010000000010000101000000000000000000001
00100000000000000000000000000000000100000000000000000000000000000000000000000000000000000000000000000000000000010000000000100010000000010000001000000000000000000001
00100000000000000000000000000000000100000000000000000000000000000000000000000000000000000000000000000000000000010000000000100010000000010000001000000000000000000001
00100000000000000000000000000000000100000000000000000000000000000000000000000000000000000000000000000000000000010000000000100010000000010000001000000000000000000001
00100000000000000000000000000000000100000000000000000000000000000000000000000000000000000000000000000000000000010000000000100110010001010000001000000000000000000001
00100000000000000000000000000000000100000000000000000000000000000000000000000000000000000000000000000000000000010000000000100000000000000000001000000000000000000001
00100000000000000000000000000000000100000000000000000000000000000000000000000000000000000000000000000000000000010000000000100000000000000000001000000000000000000001
00100000000000000000000000000000000100000000000000000000000000000000000000000000000000000000000000000000000000010000000000100000000000000000001000000000000000000001
00100000000000000000000000000000000100000000000000000000000000000000000000000000000000000000000000000000000000010000000000100000000000000000001000000000000000000001
00100000000000000000000000000000000100000000000000000000000000000000000000000000000000000000000000000000000000010000000000100000000000000000001000000000000000000001
00100000000000000000000000000000000100000000000000000000000000000000000000000000000000000000000000000000000000010000000000100000000000000000001000000000000000000001
00100000000000000000000000000000000100000000000000000000000000000000000000000000000000000000000000000000000000010000000001100000000000000000001000001010100010010001
00100000000000000000000000000000000100000000000000000000000000000000000000000000000000000000000000000000000000010000000000000000000000000000001000000010000000010001
00100000000000000000000000000000000100000000000000000000000000000000000000000000000000000000000000000000000000010000000000000000000000000000001000000010000000010001
00100000000000000000000000000000000100000000000000000000000000000000000000000000000000000000000000000000000000010000000000000000000000000000001000000010000000010001
00100000000000000000000000000000000100000000000000000000000000000000000000000000000000000000000000000000000000010000000000000000000000000000001000000010000000010001
00100000000000000000000000000000000100000000000000000000000000000000000000000000000000000000000000000000000001010000000000000000000000000000011000000010000000010001
00100000000000000000000000000000000100000000000000000000000000000000000000000000000000000000000000000000000000000000000000000000000000000000000000000110010001010001
00100000000000000000000000000000000100000000000000000000000000000000000000000000000000000000000000000000000000000000000000000000000000000000000000000000000000000001
00100000000000000000000000000000000100000000000000000000000000000000000000000000000000000000000000000000000000000000000000000000000000000000000000000000000000000001
00100000000000000000000000000000000100000000000000000000000000000000000000000000000000000000000000000000000000000000000000000000000000000000000000000000000000000001
00100000000000000000000000000000010100000000000000000000000000000000000000000000000000000000000000000000000000000000000000000000000000000000000000000000000000000001
00100000000000000000000000000000000000000000000000000000000000000000000000000000000000000000000000000000000000000000000000000000000000000000000000000000000000000001
00100000000000000000000000000000000000000000000000000000000000000000000000000000000000000000000000000000000000000000000000000000000000000000000000000000000000000001
00100000000000000000000000000000000000000000000000000000000000000000000000000000000000000000000000000000000000000000000000000000000000000000000000000000000000000001
00100000000000000000000000000000000000000000000000000000000000000000000000000000000000000000000000000000000000000000000000000000000000000000000000000000000000000001
01100100010001000100010001000100010001000100010001000100010001000100010001000100010001000100010001000100010001000100010001000100010001000100010001000100010001000101
