10101000100010001000100010001000100010001000100010001000100010001000100010001000100010001000100010001000100010001000100010001000100010001000100010001001
00100000000000000000000000010000000000000000000000000000000000000000000000001010100010010000000000000000000000000000000000000000000000000000000000000001
00100000000000000000000000010000000000000000000000000000000000000000000000000010000000010000000000000000000000000000000000000000000000000000000000000001
00100000000000000000000000010000000010010000000000001010000000000000000000000010000000010000000000000000000000000000000000000000000000000000000000000001
00100000000000000000000010101000100100010000000000000010000000000000000000000010000000010000000000000000000000000000000000000000000000000000000000000001
00100000000000000000000000100000000100010000000000000010000000000000000000000010000000010000000000000000000000000000000000000000000000000000000000000001
00100000000000000000000000100000000100010000000010010010000000000000101000000010000000010000000000000000000000000000000000000000000000000000000000000001
00100000000000000000000000100000000100010000000000010010000000000000001000000110010001010000000000000000000000000000000000000000000000000000000000000001
00100000000000000000000000100000000100010000000000010010000000000000001000000000000000100000000000000000000000000000000000000000000000000000000000000001
00100000000000000000000000100000000100010000000000010010000000000000001000000000000000100000000000000000000000000000000000000000000000000000000000000001
00100000000000000000000001100100010100010000000000011010100010011001001000000000000000101010000000000000000000000000000000000000000000000000000000000001
00100000000000000000000000010000000000010000000000010010000000010001001000000000000000100010000000000000000000000000000000000000000000000000000000000001
00100000000000000000000000010000000000010000000000010010000000010001001000000000000000100010000000000000000000000000000000000000000000000000000000000001
00100000000000000000000000010000000000010000000000010010000000010001001000000000000000100010000000000000000000000000000000000000000000000000000000000001
00100000000000000000000000010000000000010000000000010010000000010001001000000000000000100010000000000000000000000000000000000000000000000000000000000001
00100000000000000000000000010000000001010000000000010010000000010001001000000000000000100010000000000000000000000000000000000000000000000000000000000001
00100000000000000000000000010000000000000000000000010110010001010001001000000000000000100010000000000000000000000000000000000000000000000000000000000001
00100000000010101000100100010000000000000000000000010000000000000001001000000000000000100010000000000000000000000000000000000000000000000000000000000001
00100000000000100000000100010000000000000000000000010000000000000001001000000000000000100010000000000000000000000000000000000000000000000000000000000001
00100000000000100000000100010000000000000000000001010000000000000001011000000000000000100010000000000000000000000000000000000000000000000000000000000001
00100000000000100000000100010000000000000000000000000000000000000001000000000000000000100010000000000000000000000000000000000000000000000000000000000001
00100000000000100000000100010000000000000000000000000000000000000001000000000000000000100010000000000000000000000000000000000000000000000000000000000001
00100000000000100000000100010000000000000000000000000000000000000001000000000000000000100010000000000000000000000000000000000000000000000000000000000001
00100000000001100100010101010000000000000000000000000000000000000001000000000000000001100100010001000100010001000100010001000100010001000101000000000001
00100000000000000000000000000000000000000000000000000000000000000101000000000000000000000110000000000000000000000000000000000000000000000000000000000001
00100000000000000000000000000000000000000000000000000000000000000000000000000000000000000000000000000000000000000000000000000000000000000000000000000001
00100000000000000000000000000000000000000000000000000000000000000000000000000000000000000000000000000000000000000000000000000000000000000000000000000001
00100000000000000000000000000000000000000000000000000000000000000000000000000000000000000000000000000000000000000000000000000000000000000000000000000001
00100000000000000000000000000000000000000000000000000000000000000000000000000000000010101000100010001000100010001000100010001000100010001001000000000001
00100000000000000000000000000000000000000000000000000000000000000000000000000000000000000000000000000000000000000000000000000000000000000000000000000001
00100000000000000000000000000000000000000000000000000000000000000000000000000000000000000000000000000000000000000000000000000000000000000000000000000001
00100000000000000000101010001001000000000000000000000000000000000000000000000000000000000000000000000000000000000000000000000000000000000000000000000001
00100000000000000000001000000001000000000000000000000000000000000000000000000000000000000000000000000000000000000000000000000000000000000000000000000001
00100000000000000000001000000001000000000000000000000000000000000000000000000000000000000000000000000000000000000000000000000000000000000000000000000001
00100000000000000000001000000001000000000000000000000000000000000000000000000000000000000000000000000000000000000000000000000000000000000000000000000001
00100000000000000000001000000001000000000000000000000000000000000000000000000000000000000000000000000000000000000000000000000000000000000000000000000001
00100000000000000000001000000001000000000000000000000000000000000000000000000000000000000000000000000000000000000000000000000000000000000000000000000001
00100000000000000000011001000101000000000000000000000000000000000000000000000000000000000000000000000000000000000000000000000000000000000000000000000001
00100000000000000000000000000000000000000000000000000000000000000000000000000000000000000000000000000000000000000000000000000000000000000000000000000001
00100000000000000000000000000000000000000000000000000000000000000000000000000000000000000000000000000000000000000000000000000000000000000000000000000001
00100000000000000000000000000000000000000000000000000000000000000000000000000000000000000000000000000000000000000000000000000000000000000000000000000001
00100000000000000000000000000000000000000000000000000000000000000000000000000000000000000000000000000000000000000000000000000000000000000000000000000001
00100000000000000000000000000000000000000000000000000000000000000000000000000000000000000000000000000000000000000000000000000000000000000000000000000001
00100000000000000000000000000000000000000000000000000000000000000000000000000000000000000000000000000000000000000000000000000000000000000000000000000001
00100000000000000000000000000000000000000000000000000000000000000000000000000000000000001010100010010000000000000000000000000000000000000000000000000001
00100000000000000000000000000000000000000000000000000000000000000000000000000000000000000010000000010000000000000000000000000000000000000000000000000001
00100000000000000000000000000000000000000000000000000000000000000000000000000000000000000010000000010000000000000000000000000000000000000000000000000001
00100000000000000000000000000000000000000000000000000000000000000000000000000000000000000010000000010000000000000000000000000000000000000000000000000001
00100000000000000000000000000000000000000000000000000000000000000000000000000000000000000010000000010000000000000000000000000000000000000000000000000001
00100000000000000000000000000000000000000000000000000000000000000000000000000000000000000010000000010000000000000000000000000000000000000000000000000001
00100000000000000000000000000000000000000000000000000000000000000000000000000000000000000110010001010000000000000000000000000000000000000000000000000001
01100100010001000100010001000100010001000100010001000100010001000100010001000100010001000100010001000100010001000100010001000100010001000100010001000101
