10101000100010001000100010001000100010001000100010001000100010001000100010001000100010001000100010001000100010001000100010001000100010001000100010001000100010001000100010001001
00100000000000000000000000000000000000000000000000000000000000000000000000000000000000000000000000000000000000000000000000000000000000000000000000000000000000000000000000000001
00100100010001000100010001000100010001000100010001000100010001000100010001000100010100000000000000000000000000000000000000000000000000001010000000000000000000000000000000000001
00100110010001000100010001000100010001000100010001000100010001000100010001000100010001000100010001000100010001000100010001000100010001000100010001000100010001000100010001010001
00100000000000000000000000000000000100000000000000000000000000000000000000000000000000000000000000000000000000000000000000000000000000000010000000000000000000000000000000000001
00100000000000000000000000000000000100000000000000000000000000000000000000000000000000000000000000000000000000000000000000000000000000000010000000000000000000000000000000000001
00100000000000000110010001000100010001000100010001000100010100000000000000000000000000000000000000000000000000000000000000000000000000000010000000000000000000000000000000000001
00100000000000000000000000000000000100000000000000000000000000000000000000000000000000000000000000000000000000000000000000000000000000000010000000000000000000000000000000000001
00100000000000001010100010001000100010001000100010001000100100000000000000000000000000000000000000000000000000000000000000000000000000000010000000000000000000000000000000000001
00100000000000000000000000000000000100000000000000000000000000000000000000000000000000000000000000000000000000000000000000000000000000000010000000000000000000000000000000000001
00100000000000000000000000000000000100000000000000000000000000000000000000000000000000000000000000000000000000000000000000000000000000000010000000000000000000000000000000000001
00100000000000000000000000000000000100000000000000000000000000000000000000000000000000000000000000000000000000000000000000000000000000000010000000000000000000000000000000000001
00100000000000000000000000000000000100000000000000000000000000000000000000000000000000000000000000000000000000000000000000000000000000000010000000000000000000000000000000000001
00100000000000000000000000000000000100000000000000000000000000000000000000000000000000000000000000000000000000000000000000000000000000000010000000000000000000000000000000000001
00101000100010001000100010001000100010001000100010001000100010001000100010001000100110100000000000000000000000000000000000000000000000000010000000000000000000000000000000000001
00100000000000000000000000000000000100000000000000000000000000000000000000000000000100100000000000000000000000000000000000000000000000000010000000000000000000000000000000000001
00100000000000000000000000000000000100000000000000000000000000000000000000000000000100100000000000000000000000000000000000000000000000000010000000000000000000000000000000000001
00100000000000000000000000000000000100000000000000000000000000000000000000000000000100100000000000000000000000000000000000000000000000000010000000000000000000000000000000000001
00100000000000000000000000000000000100000000000000000000000000000000000000000000000100100000000000000000000000000000000000000000000000000010000000000000000000000000000000000001
00100000000000000000000000000000000100000000000000000000000000000000011001000100010001000100010001000100010001000100010001000100010001010010000000000000000000000000000000000001
00100000000000000000000000000000000100000000000000000000000000000000000000000000000100100000000000000000000000000000000000000000000000000010000000000000000000000000000000000001
00100000000000000000000000000000000100000000000000000000000000000000000000000000000100100000000000000000000000000000000000000000000000000010000000000000000000000000000000000001
00100000000000000000000000000000000100000000000000000000000000000000000000000000000100100000000000000000000000000000000000000000000000000010000000000000000000000000000000000001
00100000000000000000000000000000000100000000000000000000000000000000000000000000010101100000000000000000000000000000000000000000000000000010000000000000000000000000000000000001
00100000000000000000000000000000000100000000000000000000000000000000000000000000000000000110010001000100010001000100010001000100010001000100010100000000000000000000000000000001
00100000000000000000000000000000000100000000000000000000000000000000000000000000000000000000001000000001000000000000000000000000000000000010000000000000000000000000000000000001
00100000000000000000000000000000000100000000000000000000000000000000000000000000000000000000001000000001000000000000000000000000000000000010000000000000000000000000000000000001
00100000000000000000000000000000000100000000000000000000000000000000101010001000100010001000100010001000100010001000100010001000100010010010101010001001000000000000000000000001
00100000000000000000000000000000000100000000000000000000000000000000000000000000000000000000001000000001000000000000000000000000000000000010001000000001000000000000000000000001
00100000000000000000000000000000000100000000000000000000000010101000100100000000000000001010100010001000100010001000100010001000100010001000100100000001000000000000000000000001
00100000000000000000000000000000000100000000000000000000000000100000000100000000000000000000011001000101000000000000000000000000000000000010001000000001000000000000000000000001
00100000000000000000000000000000000100000000000000000000000000100000101010001001000000000000000000000000000000000000000000000000000000000010001000000001000000000000000000000001
00100000000000000000000000000000000100000000000000000000000000100000001000000001000000000000000000000000000000000000000000000000000000000010001000000001000000000000000000000001
00100000000000000000000000000000000100000000000000000000000000100000001000000001000000000000000000000000000000000000000000000000000000000010011001000101000000000000000000000001
00100000000000000000000000000000000100000000000000000000000000100000001000000001000000000000000000000000000000000000000000000000000000000010000000000000000000000000000000000001
00100000000000000000000000000000000100000000000000000000000001100100001000000001000000000000000000000000000000000000000000000000000000000010000000000000000000000000000000000001
00101010100010001000100010001000100010001000100010001000100010001000100010001000100010001000100010001000100010001000100010001000100010001000100010001000100010001000100010010001
00100000000000000000000000000000000000000000000000000000000000000000011001000101000000000000000000000000000000000000000000000000000000000000000000000000000000000000000000000001
00100000000000000000000000000000000000000000000000000000000000000000000000000000000000000000000000000000000000000000000000000000000000000000000000000000000000000000000000000001
00100000000000000000000000000000000000000000000000000000000000000000000000000000000000000000000000000000000000000000000000000000000000000000000000000000000000000000000000000001
00100000000000000000000000000000000000000000000000000000000000000000000000000000000000000000000000000000000000000000000000000000000000000000000000000000000000000000000000000001
00100000000000000000000000000000000000000000000000000000000000000000000000000000000000000000000000000000000000000000000000000000000000000000000000000000000000000000000000000001
00100000000000000000000000000000000000000000000000000000000000000000000000000000000000000000000000000000000000000000000000000000000000000000000000000000000000000000000000000001
00100000000000000000000000000000000000000000000000000000000000000000000000000000000000000000000000000000000000000000000000000000000000000000000000000000000000000000000000000001
01100100010001000100010001000100010001000100010001000100010001000100010001000100010001000100010001000100010001000100010001000100010001000100010001000100010001000100010001000101
