1010100010001000100010001000100010001000100010001000100010001000100010001000100010001000100010001000100010001000100010001000100010001000100010001000100010001001
0010000000000000000000000000000000000000000000000000000000000000000000000000000000000000000000000000000000000000000000000000000000000000000000000000000000000001
0010000000000000000000000000000000000000000000000000000000000000000000000000000000000000000000000000000000000000000000000000000000000000000000000000000000000001
0010011001000100010001000100010001000100010001000100010001000100010001000100010001000100010001000100010001000100010001000100010001010000000000000000000000000001
0010000000000000000000000000000000000000000000000000000000000000000000000000000000000000000000000000000000000000000000000000000000000000000000000000000000000001
0010000000000000000000000000000000000000000000000000000000000000000000000000000000000000000000000000000000000000000000000000000000000000000000000000000000000001
0010000000000000000000000000000000000000000000000000000000000000000000000000000000000000000000000000000000000000000000000000000000000000000000000000000000000001
0010000000000000000000000000000000000000000000000000100100000000000000000000000000000000000000000000000000000000000000000000000000001010000000000000000000000001
0010000000000000000000000000000000000000000000000000000100000000000000000000000000000000000000000000000000000000000000000000000000000010000000000000000000000001
0010000000000000000000000000000000000000000000000000000100000000000000000000000000000000000000000000000000000000000000000000000000000010000000000000000000000001
0010000000000000000000000000000000000000000000000000000100000000100100000000000000000000000000000000000000000000000000000000000010100010000000000000000000000001
0010000000000000000000000000000000000000000000000000000100000000000100000000000000000000000000000000000000000000000000000000000000100010000000000000000000000001
0010000000000000000000000000000000000000000000000000000100000000000100000000000000000000000000000000000000000000000000000000000000100010000000000000000000000001
0010000000000000000000000000000000000000000000000000000100000000000100000000000000000000000000000000000000000000000000000000000000100010000000000000000000000001
0010000000000000000000000000000000000000000000000000000100000000000100000000000000000000000000000000000000000000000000000000000000100010000000000000000000000001
0010000000000000000000000000000000000000000000000000000100000000000100000000000000000000000000000000000000000000000000000000000000100010000000000000000000000001
0010000000000000000000000000000000000000000000000000000100000000000100000000000000000000100100000000000000001010000000000000000000100010000000000000000000000001
0010000000000000000000000000000000000000000000000000000100000110010001000100010001000100010001000100010001000100010001000100010001000100010100000000000000000001
0010000000000000000000000000000000000000000000000000000100000000000100000000000000000000000100000000000000000010000000000000000000100010000000000000000000000001
0010000000000000000000000000000000000000000000000000000100000000000100000000000000000000000100000000000000000010000000000000000000100010000000000000000000000001
0010000000000000000000000000000000000000000000000000000100000000000100000000000000000000000100000000000000000010000000000000000000100010000000000000000000000001
0010000000000000000000000000000000000000000000000000000100000000000100000000000000000000000100000000000000000010000000000000000000100010000000000000000000000001
0010000000000000000000000000000000000000000000000000000100000000000100000000000000000000000100000000000000000010000000000000000000100010000000000000000000000001
0010000000000000000000000000000000000000000000000000000100000000000100000000000000000000000100000000000000000010000000000000000000100010000000000000000000000001
0010000000000000000000000000000000000000000000000000000100000000000100000000000000000000000100000000000000000010000000000000000000100010000000000000000000000001
0010000000000000000000000000000000000000000000000000000100000000000100000000000000000000000100000000000000000010000000000000000000100010000000000000000000000001
0010101010001000100010001000100010001000100010001000100010001000100010001000100010001000100010001000100010001000100010001000100010010010000000000000000000000001
0010000000000000000000000000000000000000000000000000000100000000000100000000000000000000000100000000000000000010000000000000000000100010000000000000000000000001
0010000000000000000000000000000000000000000000000000000100001010100010001000100010001000100010001000100010001000100010001000100010001000100100000000000000000001
0010000000000000000000000000000000000000000000000000000100000000000100000000000000000000010100000000000000000110000000000000000000100010000000000000000000000001
0010000000000000000000000000000000000000000000000000000100000000000100000000000000000000000000000000000000000000000000000000000000100010000000000000000000000001
0010000000000000000000000000000000000000000000000000000100000000000100000000000000000000000000000000000000000000000000000000000000100010000000000000000000000001
0010000000000000000000000000000000000000000000000000000100000000000100000000000000000000000000000000000000000000000000000000000000100010000000000000000000000001
0010000000000000000000000000000000000000000000000000000100000000000100000000000000000000000000000000000000000000000000000000000000100010000000000000000000000001
0010000000000000000000000000000000000000000000000000000100000000010100000000000000000000000000000000000000000000000000000000000001100010000000000000000000000001
0010000000000000000000000000000000000000000000000000010100000000000000000000000000000000000000000000000000000000000000000000000000000110000000000000000000000001
0010000000000000000000000000000000000000000000000000000000000000000000000000000000000000000000000000000000000000000000000000000000000000000000000000000000000001
0010000000000000000000000000000000000000000000000000000000000000000000000000000000000000000000000000000000000000000000000000000000000000000000000000000000000001
0010000000000000000000000000000000000000000000000000000000000000000000000000000000000000000000001010100010010000000000000000000000000000000000000000000000000001
0010000000000000000000000000000000000000000000000000000000000000000000000000000000000000000000000010000000011010100010010000000000000000000000000000000000000001
0010000000000000000000000000000000000000000000000000000000000000000000000000000000000000000000000010000000010010000000010000000000000000000000000000000000000001
0010000000000000000000000000000000000000000000000000000000000000000000000000000000000000000000000010000000010010000000010000000000000000000000000000000000000001
0010000000000000000000000000000000000000000000000000000000000000000000000000000000000000000000000010000000010010000000010000000000000000000000000000000000000001
0010000000000000000000000000000000000000000000000000000000000000000000000000000000000000000000000010000000010010000000010000000000000000000000000000000000000001
0010000000000000000000000000000000000000000000000000000000000000000000000000000000000000000000000110010001010010000000010000000000000000000000000000000000000001
0010000000000000000000000000000000000000000000000000000000000000000000000000000000000000000000000000000000000110010001010000000000000000000000000000000000000001
0010000000000000000000000000000000000000000000000000000000000000000000000000000000000000000000000000000000000000000000000000000000000000000000000000000000000001
0010000000000000000000000000000000000000000000000000000000000000000000000000000000000000000000000000000000000000000000000000000000000000000000000000000000000001
0110010001000100010001000100010001000100010001000100010001000100010001000100010001000100010001000100010001000100010001000100010001000100010001000100010001000101
