10101000100010001000100010001000100010001000100010001000100010001000100010001000100010001000100010001000100010001000100010001000100010001000100010001000100010001000100010001001
00100000000000000000000000000000000000000000000000000000000000000000000000000000000000000000000000000000000000000000000000000000000000000000000000000000000000000000000000000001
00100000000000000000000000000000000000000000000010101000100100000000000000000000000000000000000000000000000000000000000000000000000000000000000000000000000000000000000000000001
00100000000000000000000000000000000000000000000000100000000100000000000000000000000000000000000000000000000000000000000000000000000000000000000000000000000000000000000000000001
00100000000000000000000000001010100010010000000000100000000100000000000000000000000000000000000000000000000000000000000000000000000000000000000000000000000000000000000000000001
00100000000000000000000000000010000000010000000000100000000100000000000000000000000000000000000000000000000000000000000000000000000000000000000000000000000000000000000000000001
00100000000000000000000000000010000000010000000010010000000100000000000000000000101000000000000000000000000000000000000000000000000000000000000000000000000000000000000000000001
00100000000000000000000000000010000000010000000000010000000100000000000000000000001000000000000000000000000000000000000000000000000000000000000000000000000000000000000000000001
00100000000000000000000000000010000000010000000000010100010100000000000000000000001000000000000000000000000000000000000000000000000000000000000000000000000000000000000000000001
00100000000000000000000000000010000000010000000000010000000000000000000000000000001000000000000000000000000000000000000000000000000000000000000000000000000000000000000000000001
00100000000000000000000000000110010001010000000000010000000000000000000000000000001000000000000000001010100010010000000000000000000000000000000000000000000000000000000000000001
00100000000000000000000000000000000000000000000000010000000000000000000000000000001000000000000000000010000000010000000000000000000000000000000000000000000000000000000000000001
00100000000000000000000000000000000000000000000000010000000000000000000000000000001000000000000000001010100010010000000000000000000000000000000000000000000000000000000000000001
00100000000000000000000000000000000000000000000000010000000000000000000000000000001000000000000000000010000000011010100010010000000000000000000000000000000000000000000000000001
00100000000000000000000000000000000000000000000000010000000000000000000000000000001000000000000000000010000000010010000000010000000000000000000000000000000000000000000000000001
00100000000000000000000000000000000000000000000000010000000000000000000000000000001000000000000000000010000000010010000010101000100100000000000000000000000000000000000000000001
00100000000000000000000000000000000000000000000000010000000000000000000000000000001000000000000000000010010000010010000000100000000100000000000000000000000000000000000000000001
00100000000000000000000000000000000000000000000000010000000000000000000000000000001000000000000000000010000000010010000000100000000100000000000000000000000000000000000000000001
00100000000000000000000000000000000000000000000000010000000000000000000000000000001000000000000000000110010001010010000000100000000100000000000000000000000000000000000000000001
00100000000000000000000000000000000000000000000000010000000000000000000000000000001000000000000000000000000000000110010000100000000100000000000000000000000000000000000000000001
00100000000000000000000000000000000000000000000000010000000000000000000000000000001000000000000000000000000000000000000000100000000100000000000000000000000000000000000000000001
00100000000000000000000000000000000000000000000000010000000000000000000000000000001000000000000000000000000000000000000001100100010100000000000000000000000000000000000000000001
00100000000000000000000000000000000000000000000001010000000000000000000000000000011000000000000000000000000000000000000000000000000000000000000000000000000000000000000000000001
00100000000000000000000000000000000000000000000000000000000000000000000000000000000000000000000000000000000000000000000000000000000000000000000000000000000000000000000000000001
00100000000000000000000000000000000000000000000000000000000000000000000000000000000000000000000000000000000000000000000000000000000000000000000000000000000000000000000000000001
00100000000000000000000000000000000000000000000000001010100010010000000000000000000000000000000000000000000000000000000000000000000000000000000000000000000000000000000000000001
00100000000000000000000000000000000000000000000000000010000000010000000000000000000000000000000000000000000000000000000000000000000000000000000000000000000000000000000000000001
00100000000000000000000000000000000000000000000000000010000000010000000000000000000000000000000000000000000000000000000000000000000000000000000000000000000000000000000000000001
00100000000000000000000000000000000000000000000000000010000000010000000000000000000000000000000000000000000000000000000000000000000000000000000000000000000000000000000000000001
00100000000000000000000000000000000000000000000000000010000000010000000000000000000000000000000000000000000000000000000000000000000000000000000000000000000000000000000000000001
00100000000000000000000000000000000000000000000000000010000000010000000000000000000000000000000000000000000000000000000000000000000000000000000000000000000000000000000000000001
00100000000000000000000000000000000000000000000000000110010001010000000000000000000000000000000000000000000000000000000000000000000000000000000000000000000000000000000000000001
00100000000000000000000000000000000000000000000000000000000000000000000000000000000000000000000000000000000000000000000000000000000010101000100100001010100010010000000000000001
00100000000000000000000000000000000000000000000000000000000000000000000000000000000000000000000000000000000000000000000000000000000000100000000100000010000000010000000000000001
00100000000000000000000000000000000000000000000000000000000000000000000000000000000000000000000000000000000000000000000000000000000000100000000100000010000000011001000000000001
00100000000000000000000000000000000000000000000000000000000000000000000000000000000000000000000000000000000000000000000000000000000000100000000100000010000000010001000000000001
00100000000000000000000000000000000000000000000000000000000000000000000000000000000000000000000000000000000000000000000000000000000000100000000100000010000000010001000000000001
00100000000000000000000000000000000000000000000000000000000000000000000000000000000000000000000000000000000000000000000000000000000000100000000100000010000000010001000000000001
00100000000000000000000000000000000000000000000000000000000000000000000000000000000000000000000000000000000000000000000000000000000001100100010100000110010001010001000000000001
00100000000000000000000000000000000000000000000000000000000000000000000000000000000000000000000000000000000000000000000000000000000000000000000000000000000000000001000000000001
00100000000000000000000000000000000000000000000000000000000000000000000000000000000000000000000000000000000000000000000000000000000000000000000000000000000000000001000000000001
00100000000000000000000000000000000000000000000000000000000000000000000000000000000000000000000000000000000000000000000000000000000000000000000000000000000000000001000000000001
00100000000000000000000000000000000000000000000000000000000000000000000000000000000000000000000000000000000000000000000000000000000000000000000000000000000000000101000000000001
00100000000000000000000000000000000000000000000000000000000000000000000000000000000000000000000000000000000000000000000000000000000000000000000000000000000000000000000000000001
01100100010001000100010001000100010001000100010001000100010001000100010001000100010001000100010001000100010001000100010001000100010001000100010001000100010001000100010001000101
