1010100010001000100010001000100010001000100010001000100010001000100010001000100010001000100010001000100010001000100010001000100010001000100010001000100010001000100010001001
0010000000000000000000000000000000000000000000000000000000000000000000000000000000000000000000000000000000000000000000000000000000000000000000000000000000000000000000000001
0010000000000000000000000000000000000000000000000000000000000000000000000000000000000000000000000000000000000000000000000000000000000000000000000000000000000000000000000001
0010000000000000000000000000000000000000000000000000000000000000000000000000000000000000000000000000000000000000000000000000000000000000000000000000000000000000000000000001
0010000000000000000000000000000000000000100100000000000000000000000000000000000000000000000000000000000000000000000000000000000000000000000000000000000000000000000000000001
0010000000000000000000000000000000000000000110010000000000000000000000000000000000000000000000000000000010100000000000000000000000000000000000000000000000000000000000000001
0010000000000000000000000000000000000000000100010000000000000000000000000000000000000000000000000000000000100000000000000000000000000000000000000000000000000000000000000001
0010000000000000000000000000000000000000000100010000000000000000000000000000000000000000000000000000000000100000000000000000000000000000000000000000000000000000000000000001
0010000000000000000000000000000000000000000100010000000000000000000000000000000000000000000000000000000000100000000000000000000000000000000000000000000000000000000000000001
0010000000000000000000000000011001000100010001000100010001000100010001000100010001000100010001000100010100100000000000000000000000000000000000000000000000000000000000000001
0010000000000000000000000000000000000000000100010000000000000000000000000000000000000000000000000000000000100000000000000000000000000000000000000000000000000000000000000001
0010000000000000000000000000000000000000000100010000000000000000101010010000000000000000000000000000000000100000000000000000000000000000000000000000000000000000000000000001
0010000000000000000000000000000000000000010100010000000000000000001000010000000000000000000000000000000000100000000000000000000000000000000000000000000000000000000000000001
0010000000000000000000000000000000000000000000010000000000000000001000010000000000000000000000000000000000100000000000000000000000000000000000000000000000000000000000000001
0010000000000000000000000000000000000000000000010000000000000000001000010000000000000000000000000000000000100000000000000000000000000000000000000000000000000000000000000001
0010000000000000000000000000000000000000000000010000000000000000001000010000000000000000000000000000000000100000000000000000000000000000000000000000000000000000000000000001
0010000000000000000000000000000000000000000000010000000000000000001000010000000000000000100100000000000000100000000000000000000000000000000000000000000000000000101000000001
0010000000000000000000000000000000000000000000010000000000000000001000010000000000000000000100000000000000100000000000000000000000000000000000000000000000000000001000000001
0010000000000000000000000000000000000000000000010000000000000000011001010000000000000000000100000000000000100000000000000000000000000000000000000000000000000000001000000001
0010000000000000000000000000101010001000100010001000100010001000100010001000100010001000100010001000100100100000000000000000000000000000000000000000000000000000001000000001
0010000000000000000000000000000000000000000000010000000000000000000000000000000000000000000100000000000000100000000000000000000000000000000000000000000000000000001000000001
0010000000000000000000000000000000000000000000010000000000000000000000000000000000000000000100000000000000100000000000000000000000000000000000000000000000000000001000000001
0010000000000000000000000000000000000000000000010000000000000000000000000000000000000000000100000000000000100000000000000000000000000000000000000000000000000000001000000001
0010000000000000000000000000000000000000000000010000000000000000000000000000000000000000000100000000000000100000000000000000000000000000000000000000000000000000001000000001
0010000000000000000000000000000000000000000000010000000000000000000000000000000000000000000100000000000000100000000000000000000000000000000000000000101010001001001000000001
0010000000000000000000000000000000000000000000010000000000000000000000000000000000000000000100000000000000100000000000000000000000000000000000000000001000000001001000000001
0010000000000000000000000000000000000000000000010000000000000000000000000000000000000000000100000000000000100000000000000000000000000000000000000000001000000001001000000001
0010000000000000000000000000000000000000000000010000000000000000000000000000000000000000000100000000000000100000000000000000000000000000000000000000001000000001001000000001
0010000000000000000000000000000000000000000001010000000000000000000000000000000000000000000100000000000001100000000000000000000000000000000000000000001000000001001000000001
0010000000000000000000000000000000000000000000000000000000000000000000000000000000000000000100000000000000000000000000000000000000000000000000000000001000000001001000000001
0010000000000000000000000000000000000000000000000000000000000000000000000000000000000000000100000000000000000000000000000000000000000000000000000000011001000101001000000001
0010000000000000000000000000000000000000000000000000000000000000000000000000000000000000000100000000000000000000000000000000000000000000000000000000000000000000001000000001
0010000000000000000000000000000000000000000000000000000000000000000000000000000000000000000100000000000000000000000000000000000000000000000000000000000000000000001000000001
0010000000000000000000000000000000000000000000000000000000000000000000000000000000000000000100000000000000000000000000000000000000000000000000000000000000000000001000000001
0010000000000000000000000000000000000000000000000000000000000000000000000000000000000000000100000000000000000000000000000000000000000000000000000000000000000000001000000001
0010000000000000000000000000000000000000000000000000000000000000000000000000000000000000000100000000000000000000000000000000000000000000000000000000000000000000001000000001
0010000000000000000000000000000000000000000000000000000000000000000000000000000000000000000100000000000000000000000000000000000000000000000000000000000000000000001000000001
0010000000000000000000000000000000000000000000000000000000000000000000000000000000000000000100000000000000000000000000000000000000000000000000000000000000000000001000000001
0010000000000000000000000000000000000000000000000000000000000000000000000000000000000000000100000000000000000000000000000000000000000000000000000000000000000000001000000001
0010000000000000000000000000000000000000000000000000000000000000000000000000000000000000000100000000000000000000000000000000000000000000000000000000000000000000001000000001
0010000000000000000000000000000000000000000000000000000000000000000000000000000000000000000100000000000000000000000000000000000000000000000000000000000000000000001000000001
0010000000000000000000000000000000000000000000000000000000000000000000000000000000000000000100000000000000000000000000000000000000000000000000000000000000000000001000000001
0010000000000000000000000000000000000000000000000000000000000000000000000000000000000000010100000000000000000000000000000000000000000000000000000000000000000000011000000001
0010000000000000000000000000000000000000000000000000000000000000000000000000000000000000000000000000000000000000000000000000000000000000000000000000000000000000000000000001
0010000000000000000000000000000000000000000000000000000000000000000000000000000000000000000000000000000000000000000000000000000000000000000000000000000000000000000000000001
0110010001000100010001000100010001000100010001000100010001000100010001000100010001000100010001000100010001000100010001000100010001000100010001000100010001000100010001000101
