101010001000100010001000100010001000100010001000100010001000100010001000100010001000100010001000100010001000100010001000100010001000100010001000100010001000100010001000100010001000100010001000100010001000100010001000100010001001
001000000000000000000000000000000000000000000000101010001001000000000000000000000000000000001010100010010000000000000000001000000001000000000000000000000000000000000000000000000000000000000000000000000000000000000000000000000001
001001000100010001000100010001000100010001000100010001000100010001000100010001000100010001000100010001000100010001000100010001000100010001000100010001000100010100000000000000000000000000000000000000000000000000000000000000000001
001000000000000000000000000000000000000000000000001000000001000000000000000000000000000000000010000000010000000000000000001000000001000000000000000000000000000000000000000000000000000000000000000000000000000000000000000000000001
001000000000000000000000000000000000000010010000001000000001000000000000000000000000000000000010000000010000000000000000001010100001000000000000000000000000000000000000000000000000000000000000000000000000000000000000000000000001
001000000000000000000000000000000000000000010000001000000001000000000000000000000000000000000010000000010000000000000000001000100001000000000000000000000000000000000000000000000000000000000000000000000000000000000000000000000001
001000000000000000000000000000000000000000010000001000000001000000000000000000000000000000000010000000011010100010010000011000100101000000000000000000000000000000000000000000000000000000000000000000000000000000000000000000000001
001000000000000000000000000000000000000000010000011010010101000000000000000000000000000010100110010001010010000000010000000000100000000000000000000000000000000000000000000000000000000000000000000000000000000000000000000000000001
001000000000000000000000000000000000000000010000000000010000000000000000000000000000000000100000000000000010000000010000000000100000000000000000000000000000000000000000000000000000000000000000000000000000000000000000000000000001
001000000000000000000000000000000000000000010000000000010000000000000000000000000000000000100000000000000010000000010000000000100000000000000000000000000000000000000000000000000000000000000000000000000000000000000000000000000001
001000000000000000000000000000000000000000010000000000010000000000000000000000000000000000100000000000000010000000010000000000100000000000000000000000000000000000000000000000000000000000000000000000000000000000000000000000000001
001000000000000000000000000000000000000000010000000000010000000000000000000000000000000000100000000000000010000000010000000000100000000000000000000000000000000000000000000000000000000000000000000000000000000000000000000000000001
001000000000000000000000000000000000000000010000000000010000000000000000000000000000000000100000000000000110010001010000000000100000000000000000000000000000000000000000000000000000000000000000000000000000000000000000000000000001
001000000000000000000000000000000000000000010000000000010000000000000000000010010000000000100000000010100000000000000000000000100000000000000000000000000000000000000000000000000000000000000000000000000000000000000000000000000001
001000000000000000000000000000000000000000010000000000010000000000000000000000010000000000100000000000100000000000000000000000100000000000000000000000000000000000000000000000001010100010010000000000000000000000000000000000000001
001000000000000000000000000000000000000000010000000000010000000000000000000000010000000000100000000000100000000000000000000000100000000000000000000000000000000000000000000000000010000000010000000000000000000000000000000000000001
001000000000000000000000000000000000000000010000000000010000000000000000000000010000000000100000000000100000000000000000000000100000000000000000000000000000000000000000000000000010000000010000000000000000000000001010100010010001
001000000000000000000000000000000000000000010000000000010000000000000000000000010000000000100000000000100000000000000000000000100000000000000000000000000000000000000000000000000010000000010000000000000000000000000010000000010001
001000000000000000000000000000000000000000010000000000010000000000000000000000010000000000100000000000100000000000000000000000100000000000000000000000000000000000000000000000000010000000010000000000000000000000000010000000010001
001000000000000000000000000000000000000000010000000000010000000000000000000000010000000000100000000000100000000000000000000000100000000000000000000000000000000000000000000000000010000000010000000000000000000000000010000000010001
001000000000000000000000000000000000000000010000000000010000000000000000000000010000000000100000000000100000000000000000000000100000000000000000000000000000000000000000000000000110010001010000000000000000000000000010000000010001
001000000000000000000000000000000000000000010000000000010000000000000000000000010000000000100000000000100000000000000000000000100000000000000000000000000000000000000000000000000000000000000000000000000000000000000010000000010001
001000000000000000000000000000000000000000010000000000010000000000000000000000010000000000100000000000100000000000000000000000100000000000000000000000000000000000000000000000000000000000000000000000000000000000000110010001010001
001000000000000000000000000000000000000000010000000000010000000000000000000000010000000000100000000000100000000000000000000000100000000000000000000000000000000000000000000000000000000000000000000000000000000000000000000000000001
001000000000000000000000000000000000000000010000000001010000000000000000000000010000000001100000000000100000000000000000000000100000000000000000000000000000000000000000000000000000000000000000000000000000000000000000000000000001
001000000000000000000000000000000000000000010000000000000000000000000000000000010000000000000000000000100000000000000000000000100000000000000000000000000000000000000000000000000000000000000000000000000000000000000000000000000001
001000000000000000000000000000000000000000010000000000000000000000000000000000010000000000000000000000100000000000000000000000100000000000000000000000000000000000000000000000000000000000000000000000000000000000000000000000000001
001000000000000000000000000000000000000000010000000000000000000000000000000001010000000000000000000001100000000000000000000000100000000000000000000000000000000000000000000000000000000000000000000000000000000000000000000000000001
001000000000000000000000000000000000000000010000000000000000000000000000000000000000000000000000000000000000000000000000000000100000000000000000000000000000000000000000000000000000000000000000000000000000000000000000000000000001
001000000000000000000000000000000000000000010000000000000000000000000000000000000000000000000000000000000000000000000000000000100000000000000000000000000000000000000000000000000000000000000000000000000000000000000000000000000001
001000000000000000000000000000000000000000010000000000000000000000000000000000000000000000000000000000000000000000000000000000100000000000000000000000000000000000000000000000000000000000000000000000000000000000000000000000000001
001000000000000000000000000000000000000000010000000000000000000000000000000000000000000000000000000000000000000000000000000000100000000000000000000000000000000000000000000000000000000000000000000000000000000000000000000000000001
001000000000000000000000000000000000000000010000000000000000000000000000000000000000000000000000000000000000000000000000000000100000000000000000000000000000000000000000000000000000000000000000000000000000000000000000000000000001
001010001000100010001000100010001000100010001000100010001000100010001000100010001000100010001000100010001000100010001000100010001000100010001000100010001000100100000000000000000000000000000000000000000000000000000000000000000001
011001000100010001000100010001000100010001000100010001000100010001000100010001000100010001000100010001000100010001000100010001000100010001000100010001000100010001000100010001000100010001000100010001000100010001000100010001000101
