10101000100010001000100010001000100010001000100010001000100010001000100010001000100010001000100010001000100010001000100010001000100010001000100010001000100010001000100010001001
00100000000000000000000000000000000000000000000000000000000000000000000000000000000000000000000000000000000000000000000000000000000000000000000000000000000000000000000000000001
00100000000000000000000000000000000000000000000000000000000000000000000000000000000000000000000000000000000000000000000010101000100100000000000000000000000000000000000000000001
00100110010001000100010001000100010001000100010001000100010001000100010001000100010001000100010001000100010001010000000000100000000100000000000000000000000000000000000000000001
00100000000000000000000000000000000000000000000000000000000000000000000000000000000000000000000000000000000000000000000000100000000100000000000000000000000000000000000000000001
00100000000000000000000000000000000000000000100100000000000000000000000000000000000000000000000000000000000010100000000000100000000100000000000000000000000000000000000000000001
00100000000000000000000000000000000000000000000100000000000000000000000000000000000000000000000000000000000000100000000000100000000100000000000000000000000000000000000000000001
00100000000000000000000000000000000000000000000100001001000000000000000000000000000000000000000000000000000000100000000000100000000110100000000000000000000000000000000000000001
00100000000000000000000000000000000000000000000100000001100100000000000000000000000000000000000000000000000000100000000001100100010100100000101000000000000000000000000000000001
00100000000000000000000000000000000000000000000100000001000100000000000000000000000000000000000000000000000000100000000000000000000000100000001000000000000000000000000000000001
00100000000000000000000000000000000000000000000100000001000100000000000000000000000000000000000000000000000000100000000000000000000000100000001000000000000000000000000000000001
00100000000000000000000000000000000000000000000100000001000100000000000000000000000000000000000000000000000000100000000000000000000000100000001000000000000000000000000000000001
00100000000000000000000000000000000000000000000100000001000100000000000000000000000000000000000000000000000000100000000000000000000000100000001000000000000000000000000000000001
00100000000000000000000000000000000000000000000100000001000100000000000000000000000000000000000000000000000000100000000000000000000000100000001000000000000000000000000000000001
00100000000000000000000000000000000000000000000100000001000100000000000000000000000000000000000000000000000000100000000000000000000000100000001000000000000000000000000000000001
00100000000000000000000000000000000000000000000100000001000100000000000000000000000000000000000000000000000000100000000000000000000000100000001000000000000000000000000000000001
00100000000000000000000000000000000000000000000100000001000100000000000000000000000000000000000000000000000000100000000000000000000000100000001000000000000000000000000000000001
00100000000000000000000000000000000000000000000100000001000100000000000000000000000000000000000000000000000000100000000000000000000000100000001000000000000000000000000000000001
00100000000000000000000000000000000000000000000100000001000100000000000000000000000000000000000000000000000000100000000000000000000000100000001000000000000000000000000000000001
00100000000000000000000000000000000000000000000100000001000100000000000000000000000000000000000000000000000000100000000000000000000000100000001000000000000000000000000000000001
00100000000000000000000000000000000000000000000100000001000100000000000000000000000000000000000000000000000000100000000000000000000000100000001000000000000000000000000000000001
00101010100010001000100010001000100010001000100010001000100010001000100010001000100010001000100010001000100010010000000000000000000000100000001000000000000000000000000000000001
00100000000000000000000000000000000000000000000100000001000100000000000000000000000000000000000000000000000000100000000000000000000000100000001000000000000000000000000000000001
00100000000000000000000000000000000000000000000100000001000100000000000000000000000000000000000000000000000000100000000000000000000000100000001000000000000000000000000000000001
00100000000000000000000000000000000000000000000100000001000100000000000000000000000000000000000000000000000000100000000000000000000000100000001000000000000000000000000000000001
00100000000000000000000000000000000000000000000100000001000100000000000000000000000000000000000000000000000000100000000000000000000000100000001000000000000000000000000000000001
00100000000000000000000000000000000000000000000100000001000100000000000000000000000000000000000000000000000000100000000000000000000000100000001000000000000000000000000000000001
00100000000000000000000000000000000000000000000100000001000100000000000000000000000000000000000000000000000000100000000000000000000000100000001000000000000000000000000000000001
00100000000000000000000000000000000000000000000100000001000100000000000000000000000000000000000000000000000000100000000000000000000000100000001000000000000000000000000000000001
00100000000000000000000000000000000000000000010100000001000100000000000000000000000000000000000000000000000001100000000000000000000000100000001000000000000000000000000000000001
00100000000000000000000000000000000000000000000000000001000100000000000000000000000000000000000000000000000000000000000000000000101010001001001000000000000000000000000000000001
00100000000000000000000000000000000000000000000000000001000100000000000000000000000000000000000000000000000000000000000000000000001000100001001000000000000000000000000000000001
00100000000000000000000000000000000000000000000000000001000100000000000000000000000000000000000000000000000000000000000000000000001010101000100010001000100100000000000000000001
00100000000000000000000000000000000000000000000000000001000100000000000000000000000000000000000000000000000000000000000000000000001000100001001000000000000100000000000000000001
00100000000000000000000000000000000000000000000000000001000100000000000000000000000000000000000000000000000000000000000000000000001000100001001000000000000100000000000000000001
00100000000000000000000000000000000000000000000000000101000100000000000000000000000000000000000000000000000000000000000000000000001001100100010001000100010100000000000000000001
00100000000000000000000000000000000000000000000000000000000100000000000000000000000000000000000000000000000000000000000000000000011001000101001000000000000000000000000000000001
00100000000000000000000000000000000000000000000000000000010100000000000000000000000000000000000000000000000000000000000000000000000000000000011000000000000000000000000000000001
00100000000000000000000000000000000000000000000000000000000000000000000000000000000000000000000000000000000000000000000000000000000000000000000000000000000000000000000000000001
00100000000000000000000000000000000000000000000000000000000000000000000000000000000000000000000000000000000000000000000000000000000000000000000000000000000000000000000000000001
00100000000000000000000000000000000000000000000000000000000000000000000000000000000000000000000000000000000000000000000000000000000000000000000000000000000000000000000000000001
00100000000000000000000000000000000000000000000000000000000000000000000000000000000000000000000000000000000000000000000000000000000000000000000000000000000000000000000000000001
00100000000000000000000000000000000000000000000000000000000000000000000000000000000000000000000000000000000000000000000000000000000000000000000000000000000000000000000000000001
00100000000000000000000000000000000000000000000000000000000000000000000000000000000000000000000000000000000000000000000000000000000000000000000000000000000000000000000000000001
01100100010001000100010001000100010001000100010001000100010001000100010001000100010001000100010001000100010001000100010001000100010001000100010001000100010001000100010001000101
