10101000100010001000100010001000100010001000100010001000100010001000100010001000100010001000100010001000100010001000100010001000100010001000100010001000100010001001
00100000000000000000000000000000000000000000000000000000000000000000000000000000000000000000000000000000000000000000000000000000000000000000000000000000000000000001
00100000000000000000000000000000000000000000000000000000000000000000000000000000000000000000000000000000000000000000000000000000000000000000000000000000000000000001
00100000000000000000000000000000000010010000000000000000000000000000000000000000000000000000000000000000000000000000000000000000000000001010000000000000000000000001
00100000000000000000000000000000000000010000000000000000000000000000000000000000000000000000000000000000000000000000000000000000000000000010000000000000000000000001
00100000000000000000000000000000000000010000000000000000000000000000000000000000000000000000000000000000000000000000000000000000000000000010000000000000000000000001
00100000000000000000000000000000000000010000000000000000000000000000000000000000000000001010100010010000000000000000000000000000000000000010000000000000000000000001
00100000000000000000000000000000000000010000000000000000000000000000000000000000000000000010000000010000000000000000000000000000000000000010000000000000000000000001
00100000000000000000000000000000000000010000000000000000100100000000000000000000000000000010000000010000000000000000000000000000000000000010000010101000100100000001
00100000000000000000000000000000000000010000000000000000000100000000000000000000000000000010000000010000000000000000000000000000000000000010000000100000000100000001
00100000000000000000000000000000000000010000000000000000000100000000000000000000000000000010000000010000101010001001000000000000000000000010000000100000000100000001
00100000000000000000000000000000000000010000000000000000000100000000000000000000000000000010000000010000001000000001000000000000000000000010000000100000000100000001
00100000000000000000000000000000000000010000000000000000000100000000000000000000000000000110101010001001001000000001000000000000000000000010000000100000000100000001
00100000000000000000000000000000000000010000000000000000000100000000000000000000000000000000001000000001001000000001000000000000000000000010000000100000000100000001
00100000000000000000000000000000000000010000000000000000000100000000000000000000000000000000001000000001001000000001000000000000000000000010000001100100010100000001
00100000000000000000000000000000000000010000000000000000000100000000000000000000000000000000001000000001001000000001000000000000000000000010000000000000000000000001
00100000000000000000000000000000000000010000000000000000011001000100010001000100010001000101001000000001011001000101000000000000000000000010000000000000000000000001
00100000000000000000000000000000000000010000000000000000000100000000000000000000000000000000001000000001000000000000000000000000000000000010000000000000000000000001
00100000000000000000000000000000000000010000000000000000000100000000000000000000000000000000011001000101000000000000000000000000000000000010000000000000000000000001
00100000000000000000000000000000000000010000000000000000000100000000000000000000000000000000000000000000000000000000000000000000000010101000100100000000000000000001
00100000000000000000000000000000000000010000000000000000000100000000000000000000000000000000000000000000000000000000000000000000000000100010000100000000000000000001
00100000000000000000000000000000000000010000000000000000000100000000000000000000000000000000000000001010100010010000000000000000101000100010000100000000000000000001
00100000000000000000000000000000000000010000000000000000000100000000000000000000000000000000000000000010000000010000000000000000001000100010000100000000000000000001
00100000000000000000000000000000000000010000000000000000000100000000000000000000000000000000000000000010000000010000000000000000001000100010000100000000000000000001
00100000000000000000000000000000000000010000000000000000000100000000000000000000000000000000000000000010000000010000000000000000001000100010000100000000000000000001
00100000000000000000000000000000000000010000000000000000000100000000000000000000000000000000000000000010000000010000000000000000001001100100010100000000000000000001
00100000000000000000000000000000000000010000000000000000000100000000000000000000000000000000000000000010000000010000000000000000001000000010000000000000000000000001
00100000000000000000000000000000000000010000000000000000000100000000000000000000000000000000000000000110010000010000000000000000001000000010000000000000000000000001
00100000000000000000000000000000000000010000000000000000000100000000000000000000000000000000000000000000000000010000000000000000001000000010000000000000000000000001
00100000000000000000000000000000000000010000000000000000000100000000000000000000000000000000000000000000000000010000000000000000001000000010000000000000000000000001
00100000000000000000000000000000000000010000000000000000000100001010100010010000000000000000000000000000000000010000000000000000001000000010000000000000000000000001
00100000000000000000000000000000000000010000000000000000000100000010000000010000000000000000000000000000000000010000000000000000001000000010000000000000000000000001
00100000000000000000000000000000000000010000000000000000000100000010000000010000000000000000000000000000000000010000000000000000001000001010100010010000000000000001
00100000000000000000000000000000000000010000000000000000000100000010000000010000000000000000000000000000000000010000000000000000001000000010000000010000000000000001
00100000000000000000000000000000000000010000000000000000000100000010000000010000000000000000000000000000000001010000000000000000011000000010000000010000000000000001
00100000000000000000000000000000000000010000000000000000000100000010000000010000000000000000000000000000000000000000000000000000000000000010000000010000000000000001
00100000000000000000000000000000000001010000000000000000000100000110010001010000000000000000000000000000000000000000000000000000000000000010000000010000000000000001
00100000000000000000000000000000000000000000000000000000000100000000000000000000000000000000000000000000000000000000000000000000000000000010000000010000000000000001
00100000000000000000000000000000000000000000000000000000000100000000000000000000000000000000000000000000000000000000000000000000000000000110010001010000000000000001
00100000000000000000000000000000000000000000000000000000000100000000000000000000000000000000000000000000000000000000000000000000000000000000000000000000000000000001
00100000000000000000000000000000000000000000000000000000000100000000000000000000000000000000000000000000000000000000000000000000000000000000000000000000000000000001
00100000000000000000000000000000000000000000000000000000000100000000000000000000000000000000000000000000000000000000000000000000000000000000000000000000000000000001
00100000000000000000000000000000000000000000000000000000010100000000000000000000000000000000000000000000000000000000000000000000000000000000000000000000000000000001
00100000000000000000000000000000000000000000000000000000000000000000000000000000000000000000000000000000000000000000000000000000000000000000000000000000000000000001
00100000000000000000000000000000000000000000000000000000000000000000000000000000000000000000000000000000000000000000000000000000000000000000000000000000000000000001
00100000000000000000000000000000000000000000000000000000000000000000000000000000000000000000000000000000000000000000000000000000000000000000000000000000000000000001
00100000000000000000000000000000000000000000000000000000000000000000000000000000000000000000000000000000000000000000000000000000000000000000000000000000000000000001
01100100010001000100010001000100010001000100010001000100010001000100010001000100010001000100010001000100010001000100010001000100010001000100010001000100010001000101
