1010100010001000100010001000100010001000100010001000100010001000100010001000100010001000100010001000100010001000100010001000100010001000100010001000100010001000100010001001
0010000000000000000000000000000000000000000000000000000000000000000000000000000000000000000000000000000000000000000000000000000000000000000000000000000000000000000000000001
0010010001000100010001000100010001000100010001000100010001000100010001000100010001000101000000000000000000000000000000000000000000000000000000000000000000000000000000000001
0010000000000000000000000000000000000000000000000000000000000000000000000000000000000000000000000000000000000000000000000000000000000000000000000000000000000000000000000001
0010000000000000000000000000000000000000000000000000000000000000000000000000000000000000000000000000000000000000000000000000000000000000000000000000000000000000000000000001
0010000000000000000000000000000000000000000000000000000000000000000000000000000000000000000000000000000000000000000000000000000000000000000000000000000000000000000000000001
0010000000000000000000000000000000000000000000000000000000000000000000000000000000000000000000000000000000000000000000000000000000000000000000000000000000000000000000000001
0010000000000000000001100100010001000100010001000100010001000100010001000101000000000000000000000000000000000000101000000000000000000000000000000000000000000000000000000001
0010000000000000000000000000000000000000000000000000000100100000000000000000000000000000000000000000000000000000001000000000000000000000000000000000000000000000000000000001
0010000000000000000000000000000000000000000000000000000100100000000000000000000000000000000000000000000000000000001000000000000000000000000000000000000000000000000000000001
0010000000000000000000000000000000000000000000000000000100100000000000000000000000000000000000000000000000000000001000000000000000000000000000000000000000000000000000000001
0010000000000000000000000000000000000000000000000000000100100000000000000000000000000000000000000000000000000000001000000000000000000000000000001010100010010000000000000001
0010000000000000000010101000100010001000100010001000100010001000100010001001000000000000000000000000000000000000001000000000000000000000000000000010000000010000000000000001
0010000000000000000000000000000000000000000000000000000100100000000000000000100100000000101000000000000000000000001000000000000000000000000000000010000000010000000000000001
0010000000000000000000000000000000000000000000000110010001000100010001000100010001000100010001000100010001000100010100000000000000000000000000000010000000010000000000000001
0010100010001000100010001000100010001000100010001000100010001000100010001000100010001001001000000000000000000000001000000000000000000000000000000010000000010000000000000001
0010000000000000000000000000000000000000000000000000000101100000000000000000000100000000001000000000000000000000001000000000000000000000000000000010000000010000000000000001
0010000000000000000000000000000000000000000000000000000100000000000000000000000100000000001000000000000000000000001000000000000000000000000000000110010001010000000000000001
0010000000000000000000000000000000000000000000000000000100000000000000000000000100000000001000000000000000000000001000000000000000000000000000000000000000000000000000000001
0010000000000000000000000000000000000000000000000000000100000000000000000000000100000000001000000000000000000000001000000000000000000000000000000000000000000000000000000001
0010000000000000000000000000000000000000000000000000000100000000000000000000000100000000001000000000000000000000001000000000000000000000000000000000000000000000000000000001
0010000000000000000000000000000000000000000000000000000100000000000000000000000100000000001000000000000000000000001000000000000000000000000000000000000000000000000000000001
0010000000000000000000000000000000000000000000001010100010001000100010001000100001100100010001000100010001000100010001000100010100000000000000000000000000000000000000000001
0010000000000000000000000000000000000000000000000000000100000000000000000000000100000000001000000000000000000000001000000000000000000000000000000000000000000000000000000001
0010000000000000000000000000000000000000000000000000000100000000000000000000010100001010100010010000000000001010100010001001000000000000000000000000000000000000000000000001
0010000000000000000000000000000000000000000000000000000100000000000000000000000010101000100010001000100010001000100010101000100100000000000000000000000000000000000000000001
0010000000000000000000000000000000000000000000000000000100000000000000000000000000000010000000010000000000001010100010001000100010010000000000000000000000000000000000000001
0010000000000000000000000000000000000000000000000000000100000000000000000000000000000010000000010000000000000010001000100001000100011001000000000000000000001010000000000001
0010000000000000000000000000000000000000000000000000000100000000000000000000000000000010000000010000000000000010001000100001000100010001000000000000000000000010000000000001
0010000000000000000000000000000000000000000000000000000100000000000000000000000000000010000000010000000000000110010001000100010001010001000000000000000000000010000000000001
0010000000000000000000000000000000000000000000000000010100000000000000000000000000000110010001010000000000000000011000100000000100000001000000000000000000000010000000000001
0010000000000000000000000000000000000000000000000000000000000000000000000000000000000000000000000000000000000000000001100100010100000001000000000000000000000010000000000001
0010000000000000000000000000000000000000000000000000000000000000000000000000000000000000000000000000000000000000000000000000000000000001000000000000000000000010000000000001
0010000000000000000000000000000000000000000000000000000000000000000000000000000000000000000000000000000000000000000000000000000000000001000000000000000000000010000000000001
0010000000000000000000000000000000000000000000000000000000000000000000000000000000000000000000000000000000000000000000000000000000000001000000000000000000000010000000000001
0010000000000000000000000000000000000000000000000000000000000000000000000000000000000000000000000000000000000000000000000000000000000001000000000000000000000010000000000001
0010000000000000000000000000000000000000000000000000000000000000000000000000000000000000000000000000000000000000000000000000000000000001000000000000000000000010000000000001
0010000000000000000000000000000000000000000000000000000000000000000000000000000000000000000000000000000000000000000000000000000000000001000000000000000000000010000000000001
0010000000000000000000000000000000000000000000000000000000000000000000000000000000000000000000000000000000000000000000000000000000000001000000000000000000000010000000000001
0010000000000000000000000000000000000000000000000000000000000000000000000000000000000000000000000000000000000000000000000000000000000001000000000000000000000010000000000001
0010000000000000000000000000000000000000000000000000000000000000000000000000000000000000000000000000000000000000000000000000000000000001000000000000000000000010000000000001
0010000000000000000000000000000000000000000000000000000000000000000000000000000000000000000000000000000000000000000000000000000000000101000000000000000000000110000000000001
0010000000000000000000000000000000000000000000000000000000000000000000000000000000000000000000000000000000000000000000000000000000000000000000000000000000000000000000000001
0010000000000000000000000000000000000000000000000000000000000000000000000000000000000000000000000000000000000000000000000000000000000000000000000000000000000000000000000001
0010000000000000000000000000000000000000000000000000000000000000000000000000000000000000000000000000000000000000000000000000000000000000000000000000000000000000000000000001
0110010001000100010001000100010001000100010001000100010001000100010001000100010001000100010001000100010001000100010001000100010001000100010001000100010001000100010001000101
