1010100010001000100010001000100010001000100010001000100010001000100010001000100010001000100010001000100010001000100010001000100010001000100010001000100010001000100010001000100010001000100010001001
0010000000000000000000000000000000000000000000000000000000000000000000000000000000000000000000000000000000000000000000000000000000000000000000000000000000000000000000000000000000000000000000000001
0010000000000000000000000000000000000000000000000000000000000000000000000000000000000000000000000000000000000000000000000000000000000000000000000000000000000000000000000000000000000000000000000001
0010011001000100010001000100010001000100010001000101000000000000000000000000000000000000000000000000000010100000000000000000000000000000000000000000000000000000000000000000000000000000000000000001
0010000000000000000000000000000000000001000000000000000000000000000000000000000000000000000000000000000000100000000000000000000000000000000000000000000000000000000000000000000000000000000000000001
0010000000000000000000000000000000001010100010010000000000000000000000000000000000000000000000000000000000100000000000000000000000000000000000000000000000000000000000000000000000000000000000000001
0010101010001000100010001000100010001000100010001001000000000000000000000000000000000000000000000000000000100000000000000000000000000000000000000000000000000000000000000000000000000000000000000001
0010000000000000000000000000000000000010000000010000100100000000000000000000000010100000000000000000000000100000000000000000000000000000000000000000000000000000000000000000000000000000000000000001
0010000000000000000000000000000000000010000000010000000100000000000000000000000000100000000000000000000000100000000000000000000000000000000000000000000000000000000000000000000000000000000000000001
0010000000000000000000000000011001000100010001000100010001000101000000000000000000100000000000000000000000100000000000000000000000000000000000000000000000000000000000000000000000000000000000000001
0010000000000000000000000000000000000010000000010000000100000000000000000000000000100000000000000000000000100000000000000000000000000000000000000000000000000000000000000000000000000000000000000001
0010000000000000000000000000000000000110010001011010100010010000000000000000000000100000000000000000000000100000000000000000000000000000000000000000000000000000000000000000000000000000000000000001
0010000000000000000000000000000000000001000000000010101010001001000000000000000000100000000000000000000000100000000000000000000000000000000000000000000000000000000000000000000000000000000000000001
0010000000000000000000000000000000000001000000000010001000010001000000000000000000100000000000000000000000100000000000000000000000000000000000000000000000000000000000000000000000000000000000000001
0010000000000000000000000000000000000001000000000010001000010001000000000000000000100000000000000000000000100000000000000000000000000000000000000000000000000000000000000000000000000000000000000001
0010000000000000000000000000000000000001000000000010011001000100010001000100010001000100010001000100010001000100010001000100010001000100010001000100010001000100010001000100010100000000000000000001
0010000000000000000000000000000000000001000000000010001001100100010001000100010001000100010001000100010001000100010001000100010001010000000000000000000000000000101010001001000000000000000000000001
0010000000000000000000000000000000000001000000000110001001010001000000000000000000100000000000000000000000100000000000000000000000000000000000000000000000000000001000000001000000000000000000000001
0010000000000000101010001001000000000001000000000000011001000101000000000000000000100000000000000000000000100000000000000000000000000000000000000000000000000000001000000001000000000000000000000001
0010000000000000001000000001000000000001000000000000000100000000000000000000000000100000000000000000000000100000000000000000000000000000000000000000000000000000001000000001000000000000000000000001
0010000000000000001000000001000000000001000000000000000100000000000000000000000000100000000000000000000000100000000000000000000000000000000000000000000000000000001000000001000000000000000000000001
0010000000000000001000000001000000000001000000000000000100000000000000000000000000100000000000000000000000100000000000000000000000000000000000000000000000000000001000000001000000000000000000000001
0010000000000000001000000001000000000001000000000000010100000000000000000000000001100000000000000000000000100000000000000000000000000000000000000000000000000000011001000101000000000000000000000001
0010000000000000001000000001000000000001000000000000000000000000000000000000000000000000000000000000000000100000000000000000000000000000000000000000000000000000000000000000000000000000000000000001
0010000000000000011001000101000000000001000000000000000000000000000000000000000000000000000000000000000000100000000000000000000000000000000000000000000000000000000000000000000000000000000000000001
0010000000000000000000000000000000000001000000000000000000000000000000000000000000000000000000000000000000100000000000000000000000000000000000000000000000000000000000000000000000000000000000000001
0010000000000000000000001010100010010001000000000000000010101000101010001001100010001000100010001000100010001000100010001000100010010000000000000000000000000000000000000000000000000000000000000001
0010000000000000000000000010000000010001000000000000000000000000001000000001000000000000000000000000000000100000000000000000000000000000000000000000000000000000000000000000000000000000000000000001
0010000000000000000000000010000000010101000000000000000000000000001000000001000000000000000000000000000001100000000000000000000000000000000000000000000000000000000000000000000000000000000000000001
0010000000000000000000000010000000010000000000000000000000000000001000000001000000000000000000000000000000000000000000000000000000000000000000000000000000000000000000000000000000000000000000000001
0010000000000000000000000010000000010000000000000000000000000000001000000001000000000000000000000000000000000000000000000000000000000000000000000000000000000000000000000000000000000000000000000001
0010000000000000000000000010000000010000000000000000000000001010100010010001000000000000000000000000000000000000000000000000000000000000000000000000000000000000000000000000000000000000000000000001
0010000000000000000000000110010001010000000000000000000000000010011000010101000000000000000000000000000000000000000000000000000000000000000000000000000000000000000000000000000000000000000000000001
0010000000000000000000000000000000000000000000000000000000000010000000010000000000000000000000000000000000000000000000000000000000000000000000000000000000000000000000000000000000000000000000000001
0010000000000000000000000000000000000000000000000000000000000010000000010000000000000000000000000000000000000000000000000000000000000000000000000000000000000000000000000000000000000000000000000001
0010000000000000000000000000000000000000000000000000000000000010000000010000000000000000000000000000000000000000000000000000000000000000000000000000000000000000000000000000000000000000000000000001
0010000000000000000000000000000000000000000000000000000000000010000000010000000000000000000000000000000000000000000000000000000000000000000000000000000000000000000000000000000000000000000000000001
0010000000000000000000000000000000000000000000000000101010001000100010001000100010001000100010001000100010001000100010001000100010001000100010001000100010001000100010001000100100000000000000000001
0010000000000000000000000000000000000000000000000000000000000000000000000000000000000000000000000000000000000000000000000000000000000000000000000000000000000000000000000000000000000000000000000001
0110010001000100010001000100010001000100010001000100010001000100010001000100010001000100010001000100010001000100010001000100010001000100010001000100010001000100010001000100010001000100010001000101
