1010100010001000100010001000100010001000100010001000100010001000100010001000100010001000100010001000100010001000100010001000100010001000100010001000100010001000100010001001
0010000000000000000000000000000000000000000000000000000000000000000000000000000000000000000000000000000000000000000000000000000000000000000000000000000000000000000000000001
0010000000000000000000000000000000000000000000000000000000000000000000000000000000000000000000000000000000000000000000000000000000000000000000000000000000000000000000000001
0010000000000000000000000000000000001001000000000000000000000000000000000000000000000000000000000000000010100000000000000000000000000000000000000000000000000000000000000001
0010000001100100010001000100010001000100010001000100010001000100010001000100010001000100010001000100010001000101000000000000000000000000000000000000000000000000000000000001
0010000000000000000000000000000000000001000000000000000000000000000000000000000000000000000000000000000000100000000000000000000000000000000000000000000000000000000000000001
0010000000000000000000000000000000000001000000000000000000000000000000000000000000000000000000000000000000100000000000000000000000000000000000000000000000000000000000000001
0010000000000000000000000000000000000001000000000000000000000000000000000000000000000000000000000000000000100000000000000000000000000000000000000000000000000000000000000001
0010000000000000000000000000000000000001000000000000000000000000000000000000000000000000000000000000000000100000000000000000000000000000000000000000000000000000000000000001
0010000000000000000000000000000000000001000000000000000000000000000000000000000000000000000000000000000000100000000000000000000000000000000000000000000000000000000000000001
0010000000000000000000000000000000000001000000000000000000000000000000000000000000000000000000000000000000100000000000000000000000000000000000000000000000000000000000000001
0010000000000000000000000000000000000110010001000100010001000100010001000100010001000100010001000100010001000100010001000100010001000100010001000100010001010000000000000001
0010000000000000000000000000000000000001011001000100010001000100010001000100010001000100010001000100010001000100010001000100010001000100010001000101000000000000000000000001
0010000000000000000000000000000000000001000000000000000000000000000000000000000000000010000000010000000000100000000000000000000000000000000000000000000000000000000000000001
0010000000000000000000000000000000000001000000000000000000000000000000000000000000000010000000010000000000100000000000000000000000000000000000000000000000000000000000000001
0010000000000000000000000000000000000001101010001001000000000000000000000000000000000010000000010000000000100000000000000000000000000000000000000000000000000000000000000001
0010000000000000000000000000000000000001001000000001000000000000000000000000000000000010000000010000000000100000000000000000000000000000000000000000000000000000000000000001
0010000000000000000000000000000000000001001000000001000000000000000000000000000000000010000000010000000000100000000000000000000000000000000000000000000000000000000000000001
0010000000000000000000000000000000000001001000000001000000000000000000000000000000000110010001010000000000100000000000000000000000000000000000000000000000000000000000000001
0010000000000000000000000000000000000001001000000001000000000000000000000000000000000000000000000000000000100000000000000000000000000000000000000000000000000000000000000001
0010000000000000000000000000000000000001001000000001000000000000000000000000000000000000000000000000000000100000000000000000000000000000000000000000000000000000000000000001
0010000010101000100010001000100010001000100010001000100010001000100010001000100010001000100010001000100010001001000000000000000000000000000000000000000000000000000000000001
0010000000000000000000000000000000000001000000000000000000000000000000000000000000000000000000000000000000100000000000000000000000000000000000000000000000000000000000000001
0010000000000000000000000000000000000001000000000000000000000000000000000000000000000000000000000000000000100000000000000000000000000000000000000000000000000000000000000001
0010000000000000000000000000000000000001000000000000000000000000000000000000000000000000000000000000000000100000000000000000000000000000000000000000000000000000000000000001
0010000000000000000000000000000000000001000000000000000000000000000000000000000000000000000000000000000000100000000000000000000000000000000000000000000000000000000000000001
0010000000000000000010101000100100000001000000000000000000000000000000000000000000000000000000000000000000100000000000000000000000000000000000000000000000000000000000000001
0010000000000000000000100000000100000001000000000000000000000000000000000000000000000000000000000000000000100000000000000000000000000000000000000000000000000000000000000001
0010000000000000000000100000000100000101000000000000000000000000000000000000000000000000000000000000000001100000000000000000000000000000000000000000000000000000000000000001
0010000000000000000000100000000100000000000000000000000000000000000000000000000000000000000000000000000000000000000000000000000000000000000000000000000000000000000000000001
0010000000000000000000100000000100000000101010001000100010001000100010001000100010001000100010001000100010001000100010001000100010001000100010001001000000000000000000000001
0010000000000000000000100000000100000000000000000000000000000000000000000000000000000000000000000000000000000000000000000000000000000000000000000000000000000000000000000001
0010000000000000000001100100101010001010100010001000100010001000100010001000100010001000100010001000100010001000100010001000100010001000100010001000100010010000000000000001
0010000000000000000000000000001000000001000000000000000000000000000000000000000000000000000000000000000000000000000000000000000000000000000000000000000000000000000000000001
0010000000000000000000000000001000000001000010101000100100000000000000000000000000000000000000000000000000000000000000000000000000000000000000000000000000001010100010010001
0010000000000000000000000000001000000001000000100000000100000000000000000000000000000000000000000000000000000000000000000000000000000000000000000000000000000010000000010001
0010000000000000000000000000001000000001000000100000000100000000000000000000000000000000000000000000000000000000000000000000000000000000000000000000000000000010000000010001
0010000000000000000000000000001000000001000000100000000100000000000000000000000000000000000000000000000000000000000000000000000000000000000000000000000000000010000000010001
0010000000000000000000000000011001000101000000100000000100000000000000000000000000000000000000000000000000000000000000000000000000000000000000000000000000000010000000010001
0010000000000000000000000000000000000000000000100000000100000000000000000000000000000000000000000000000000000000000000000000000000000000000000000000000000000010000000010001
0010000000000000000000000000000000000000000001100100010100000000000000000000000000000000000000000000000000000000000000000000000000000000000000000000000000000110010001010001
0010000000000000000000000000000000000000000000000000000000000000000000000000000000000000000000000000000000000000000000000000000000000000000000000000000000000000000000000001
0010000000000000000000000000000000000000000000000000000000000000000000000000000000000000000000000000000000000000000000000000000000000000000000000000000000000000000000000001
0010000000000000000000000000000000000000000000000000000000000000000000000000000000000000000000000000000000000000000000000000000000000000000000000000000000000000000000000001
0010000000000000000000000000000000000000000000000000000000000000000000000000000000000000000000000000000000000000000000000000000000000000000000000000000000000000000000000001
0110010001000100010001000100010001000100010001000100010001000100010001000100010001000100010001000100010001000100010001000100010001000100010001000100010001000100010001000101
