101010001000100010001000100010001000100010001000100010001000100010001000100010001000100010001000100010001000100010001000100010001000100010001000100010001000100010001000100010001001
001000000000000000000000000000000000000000000000000000000000000000000000000000000000000000000000000000000000000000000000000000000000000000000000000000000000000000000000000000000001
001000000000000000000000000000000000000000000000000000000000000000000000000000000000000000000000000000000000000000000000000000000000000000000000000000000000000000000000000000000001
001000000000000000000000000000000000000000000000000000000000000000000000000000000000000000000000000000000000000000000000000000000000000000000000000000000000000000000000000000000001
001000000000000000000000000000000000000000000000000000000000000000000000000000000000000000000000000000000000000000000000000000000000000000000000000000000000000000000000000000000001
001000000000011001000100010001000100010001000100010001000100010100000000000000000000000000000000000000000000000000000000000000000000000000000000000000000000000000000000000000000001
001000000000000001100100010001000100010001000100010001000100010001000100010001010000000000000000000000000000000000000000000000000000000000000000000000000000000000000000000000000001
001000000000000000000000000000000000000000000000000000000000000000000000000000000000000000000000000000000000000000000000000000000000000000000000000000000000000000000000000000000001
001000000000000000000000000000000000000000000000000000001001000000000000000000000000000000000000000000000000000000000000000000001010000000000000000000000000000000000000000000000001
001000000000101010001000100010001000100010001000100010001000100100000000000000000000000000000000000000000000000000000000000000000010000000000000000000000000000000000000000000000001
001000000000000000000000000000000000000000000000000000000001000000000000000000000000000000000000000000000000000000000000000000000010000000000000000000000000000000000000000000000001
001000000000000000000000000000000000000000000000000000000001000000000000000000000000000000000000000000000000000000000000000000000010000000000000000000000000000000000000000000000001
001000000000000000000000000000000000101010001001000000000001000000000000000000000000000000000000000000000000000000000000000000000010000000000000000000000000000000000000000000000001
001000000000000010101000100010001000100010001000100010001000100010001000100010010000000000000000000000000000000000000000101010001001000000000000000000000000000000000000000000000001
001000000000000000000000000000000000001000000001000000000001000000000000000000000000000000000000000000000000000000000000001000000001000000000000000000000000000000000000000000000001
001000000000000000000000000000000000001000000001000000000001000000000000000000000000000000000000000000000000000000000000001000000001000000000000000000000000000000000000000000000001
001000000000000000000000000000000000001000000001000000000001000000000000000000000000000000000000000000000000000000000000001000000001000000000000000000000000000000000000000000000001
001000000000000000000000000000000000001000000001000000000001000000000000000000000000000000000000000000000000000000000000001000000001000000000000000000000000000000000000000000000001
001000000000000000000000000000000000011001000101000000000001000000000000000000000000000000000000000000000000000000000000001000000001000010101000100100000000000000000000000000000001
001000000000000000000000000000000000000000000000000000000001000000000000000000000000000000000000000000000000000000000000011001000101000000100000000100000000000000000000000000000001
001000000000000000000000000000000000000000000000000000000001000000000000000000000000000000000000000000000000000000000000000000000010000000100000000100000000000000000000000000000001
001000000000000000000000000000000000000000000000000000000001000000000000000000000000000000000000000000000000000000000000000000000010000000100000000100000000000000000000000000000001
001000000000000000000000000000000000000000000000000000000001000000000000000000000000000000000000000000000000000010010000000000000010000000101010000100000000000000000000000000000001
001000000000000000000000000000000000000000000000000000000001000000000000000000000000000000000000000000000000000000010000000000000010000000100010000100000000000000000000000000000001
001000000000000000000000000000000000000000000000000000000001000000000000000000000000000000000000000000000000000000010000000000000010000001100010010100000000000000000000000000000001
001000000000000000000000000000000000000000000000000000000001000000000000000000000000000000000000101010001001000000010000000000000010000000000010000000000000000000000000000000000001
001000000000000000000000000000000000000000000000000000000001000000000000000000000000000000000000001000000001000000010000000000000010000000000010000000000000000000000000000000000001
001000000000000000000000000000000000000000000000000000000001000000000000000000000000000000000000001000000001000000010000000000000010000000000010000000000000000000000000000000000001
001000000000000000000000000000000000000000000000000000000001000000000000000000000000000000000000001000000001000000010000000000000010000000000010000000000000000000000000000000000001
001000000000000000000000000000000000000000000000000000000001000000000000000000000000000000000000001000000001000000010000000000000010000000000010000000000000000000000000000000000001
001000000000000000000000000000000000000000000000000000000001000000000000000000000000000000000000001000000001000000010000000000000010000000000010000000000000000000000000000000000001
001000000000000000000000000000000000000000000000000000000001101010001001000000000000000000000000011001000101000000010000000000000010000000000010000000000000000000000000000000000001
001000000000000000000000000000000000000000000000000000000001001000000001000000000000000000000000000000000000000000010000000000000010000000000010000000000000000000000000000000000001
001000000000000000000000000000000000000000000000000000000001001000000001000000000000000000000000000000000000000000010000000000000010000000000010000000000000000000000000000000000001
001000000000000000000000000000000000000000000000000000000101001000000001000000000000000000000000000000000000000000010000000000000110000000000010000000000000000000000000000000000001
001000000000000000000000000000000000000000000000000000000000001000000001000000000000000000000000000000000000000000010000000000000000000000000010000000000000000000000000000000000001
001000000000000000000000000000000000000000000000000000000000001000000001000000000000000000000000000000000000000000010000000000000000000000000010000000000000000000000000000000000001
001000000000000000000000000000000000000000000000000000000000011001000101000000000000000000000000000000000000000001010000000000000000000000000110000000000000000000000000000000000001
001000000000000000000000000000000000000000000000000000000000000000000000000000000000000000000000000000000000000000000000000000000000000000000000000000000000000000000000000000000001
001000000000000000000000000000000000000000000000000000000000000000000000000000000000000000000000000000000000000000000000000000000000000000000000000000000000000000000000000000000001
001000000000000000000000000000000000000000000000000000000000000000000000000000000000000000000000000000000000000000000000000000000000000000000000000000000000000000000000000000000001
001000000000000000000000000000000000000000000000000000000000000000000000000000000000000000000000000000000000000000000000000000000000000000000000000000000000000000000000000000000001
001000000000000000000000000000000000000000000000000000000000000000000000000000000000000000000000000000000000000000000000000000000000000000000000000000000000000000000000000000000001
011001000100010001000100010001000100010001000100010001000100010001000100010001000100010001000100010001000100010001000100010001000100010001000100010001000100010001000100010001000101
