1010100010001000100010001000100010001000100010001000100010001000100010001000100010001000100010001000100010001000100010001000100010001000100010001000100010001000100010001001
0010000000000000000000000000000000000000000000000000000000000000000000000000000000000000000000000000000000000000000000000000000000000000000000000000000000000000000000000001
0010000000000000000000000000000000000000000000000000000000000000000000000000000000000000000000000000000000000000000000000000000000000000000000000000000000000000000000000001
0010000000000000000000000000000000000000000000000000000000000000000000000000000000000000000000000000000000000000000000000000000000000000000000000000000000000000000000000001
0010000000000000000000000000000000000000000000000000000000000000000000000000000000000000000000000000000000000000000000000000000000000000000000000000000000000000000000000001
0010000000000000000000000000000000000000000010010000000000000000000000000000000000000000000000000000000000000000000000000000000000000000000000000000000000000000101000000001
0010000000000000000000000000000000000000000000010000000000000000000000000000000000000000000000000000000000000000000000000000000000000000000000000000000000000000001000000001
0010000000000000000000000000000000000000000000010000100100000000000000000000000000000000000000000000000000000000000000000000000000000000000000000000000000000000101000000001
0010000000000000000000000000000000000000000000010000000100000000000000000000000000000000000000000000000000000000000000000000000000000000000000000000000000000000001000000001
0010000000000000000000000000000000000000000000010000000100000000000000000000000000000000000000000000000000000000000000000000000000000000000000000000000000000000001000000001
0010000000000000000000000000000000000000000000010000000100000000000000000000000000000000000000000000000000000000000000000000000000000000000000000000000000000000001000000001
0010000000000000000000000000000000000000000000010000000100000000000000000000000000000000000000000000000000000000000000000000000000000000000000000000000000000000001000000001
0010000000000000000000000000000000000000000000010000000100000000000000000000000000000000000000000000000000000000000000000000000000000000000000000000000000000000001000000001
0010000000000000000000000000000000000000000000010000000100000000000000000000000000000000000000000000000000000000000000000000000000000000000000000000000000000000001000000001
0010000000000000000000000000000000000000000000010000000100000000000000000000000000000000000000000000000000000000000000000000000000000000000000000000000000000000001000000001
0010000000000000000000000000000000000000000000010000000100000000000000000000000010101001000000000000000000000000000000000000000000000000000000000000000000000000001000000001
0010000000000000000000000000000000000000000000010000000100000000000000000000000000100001000000000000000000000000000000000000000000000000000000000000000000000000001000000001
0010000000000000000000000000000000000000000000010000000100000000000000000000000000100001000000000000000000000000000000000000000000000000000000000000000000000000001000000001
0010000000000000000000000000000000000000000000010000000100000000000000000000000000100001000000000000000000000000000000000000000000000000000000000000000000000000001000000001
0010000000000000000000000000000000000000000000010000000100000000000000000000000000100001000000000000100100000000000000000000101000000000000000000000000000000000001000000001
0010000000000000000000000000000000000000000000010000000100000000000000000000000000100001000000000000000100000000000000000000001000000000000000000000000000000000001000000001
0010000000000000000000000000000000000000000000010000000100000000000000000000000000100001000000000000000100000000000000000000001000000000000000000000000000000000001000000001
0010000000000000000000000000000000000000000000010000000100000000000000000000000001100101000000000000000100000000000000000000001000000000000000000000000000000000001000000001
0010000000000000000000000000000000000000000000010000000100000000000000000000000000000000000000000000000100000000000000000000001000000000000000000000000000000000001000000001
0010000000000000000000000000000000000000000000010000000100000000000000000000000000000000000000000000000100000000000000001001001000000000000000000000000000000000001000000001
0010000000000000000000000000000000000000000000010000000100000000000000000000000000000000000000000000000100000000000000000001001000000000000000000000000000000000001000000001
0010000000000000000000000000000000000000000000010000000100000000000000000000000000000000000000000000000100000000000000000001001000000000000000000000000000000000001000000001
0010000000000000000000000000000000000000000000010000000100000000000000000000000000000000000000000000000100000000000000000001001000000000000000000000000000000000001000000001
0010000000000000000000000000000000000000000000010000000100000000000000000000000000000000000000000000000100000000000000000001001000000000000000000000000000000000001000000001
0010000000000000000000000000000000000000000000010000000100000000000000000000000000000000000000000000000100000000000000000001001000000000000000000000000000000000001000000001
0010000000000000000000000000000000000000000000010000000100000000000000000000000000000000000000000000000100000000000000000001001000000000000000000000000000000000001000000001
0010000000000000000000000000000000000000000000010000000100000000000000000000000000000000000000000000000100000000000000000001001000000000000000000000000000000000001000000001
0010000000000000000000000000000000000000000000010000000100000000000000000000000000000000000000000000000100000000000000000101001000000000000000000000000000000000001000000001
0010000000000000000000000000000000000000000000010000000100000000000000000000000000000000000000000000010100000000000000000000011000000000000000000000000000000000001000000001
0010000000000000000000000000000000000000000000010000000100000000000000000000000000000000000000000000000000000000000000000000000000000000000010101000100100000000001000000001
0010000000000000000000000000000000000000000000010000000100000000000000000000000000000000000000000000000000000000000000000000000000000000000000100000000100000000001000000001
0010000000000000000000000000000000000000000000010000000100000000000000000000000000000000000000000000000000000000000000000000000000000000000000100000000100000000001000000001
0010000000000000000000000000000000000000000000010000000100000000000000000000000000000000000000000000000000000000000000000000000000000000000000100000000100000000001000000001
0010000000000000000000000000000000000000000000010000000100000000000000000000000000000000000000000000000000000000000000000000000000000000000000100000000100000000001000000001
0010000000000000000000000000000000000000000000010000000100000000000000000000000000000000000000000000000000000000000000000000000000000000000000100000000100000000001000000001
0010000000000000000000000000000000000000000000010000000100000000000000000000000000000000000000000000000000000000000000000000000000000000000001100100010100000000001000000001
0010000000000000000000000000000000000000000000010000000100000000000000000000000000000000000000000000000000000000000000000000000000000000000000000000000000000000001000000001
0010000000000000000000000000000000000000000001010000010100000000000000000000000000000000000000000000000000000000000000000000000000000000000000000000000000000000011000000001
0010000000000000000000000000000000000000000000000000000000000000000000000000000000000000000000000000000000000000000000000000000000000000000000000000000000000000000000000001
0010000000000000000000000000000000000000000000000000000000000000000000000000000000000000000000000000000000000000000000000000000000000000000000000000000000000000000000000001
0110010001000100010001000100010001000100010001000100010001000100010001000100010001000100010001000100010001000100010001000100010001000100010001000100010001000100010001000101
