101010001000100010001000100010001000100010001000100010001000100010001000100010001000100010001000100010001000100010001000100010001000100010001000100010001000100010001001
001000000000000000000000000010010000000000000000000000000000000000000000000000000000000000000000000000001010000000000000000000000000000000000000000000000000000000000001
001000000000000000000000000000011001000000000000000000000000000010100000000000000000000000000000000000000010000000000000000000000000000000000000000000000000000000000001
001000000000000000000000000000010001000000000000000000000000000000100000000000000000000000000000000000000010000000000000000000000000000000000000000000000000000000000001
001000000000000000000000000000010001000000000000000000000000000000100000000000000000000000000000000000000010000000000000000000000000000000000000000000000000000000000001
001000000000000000000000000000010001000000000000000000000000000000100000000000000000000000000000000000000010000000000000000000000000000000000000000000000000000000000001
001000000000000000000000000000010001000000000000000000000000000000100000000000000000000000000000000000000010000000000000000000000000000000000000000000000000000000000001
001000000000000000000000000000010001000000000000000010010000000000100000000000000000101000000000000000000010000000000000000000000000000000000000000000000000000010100001
001000000000000000000000000000010001000000000000000000010000000000100000000000000000001000000000000000000010000000000000000000000000000000000000000000000000000000100001
001000000000000000000000000000010001000000000000000000010000000000100000000000000000001000000000000000000010000000000000000000000000000000000000000000000000000000100001
001000000000000000000000000000010001000000000000000000010000000000100000000000000000001000000000000000000010000000001010100010010000000000000000000000000000000000100001
001000000000000000000000000000010001000000000000000000010000000000100000000000000000001000000000000000000010000000000010000000010000000000000000000000000000000000100001
001000000000000000000000000000010001000000000000000000010000000000100000000000000000001000000000000000000010000000000010000000010000000000000000000000000000000000100001
001000000000000000000000000000010001000000000000000000010000000000100000000000000000001000000000000000000010000000000010000000010000000000000000000000000000000000100001
001000000000000000000000000000010001000000000000000000010000000000100000000000000000001010101000100100000010000000000010000000010000000000000000000000000000000000100001
001000000000000000000000000000010001000000000000000001100100010001000100010001000100010001000100010001000100010001000100010001000100010001000100010001000100010100100001
001000000000000000000000000000010001000000000000000000010000000000100000000000000000001000100000000100000010000000000110010001010000000000000000000000000000000000100001
001000000000000000000000000000010001000000000000000000010000011001000100010001000100010001000100010001000100010001000100010001000100010001010000000000000000000000100001
001000000000000000000000000000010101000000000000000000010000000001100000000000000000001000100000000100000010000000000000000000000000000000000000000000000000000000100001
001000000000000000000000000000010000000000000000000000010000000000000110010001000100010001000100010001000100010001000100010001000100010001000100010001000101000000100001
001000000000000000000000000000010000000000000000000000010000000000000000000000000000001001100100010100000010000000000000000000000000000000000000000000000000000000100001
001000000000000000000000000000010000000000000000000000010000000000000000000000000000001000000000000000000010000000000000000000000000000000000000000000000000000000100001
001000000000000000000000000000010000000000000000000000010000000000000000000000000000001000000000000000000010000000000000000000000000000000000000000000000000000000100001
001000000000000000000000000000010000000000000000000000010000000000000000000000000000011000000000000000000010000000000000000000000000000000000000000000000000000000100001
001000000000000000000000000000010000000000000000000000010000000000000000000000000000000000000000000000000010000000000000000000000000000000000000000000000000000000100001
001000000000000000000000000000010000000000000000000000010000000000000000000000000000000000000000000000000010000000000000000000000000000000000000000000000000000000100001
001000000000000000000000000000010000000000000000000000010000000000000000000000000000000000000000011001000100010001000100010001000100010001000100010001000100010100100001
001000000000000000000000000000010000000000000000000000010000000000000000000000000000000000000000000000000010000000000000000000000000000000000000000000000000000000100001
001000000000000000000000000001010000000000000000000000010000101010001000100010001000100010001000100010001000100010001000100010001000100010010000000000000000000000100001
001000000000000000000000000000000000000000000000000000010000000000000000000000000000000000000000000000000000000000000000000000000000000000000000000000000000000000100001
001000000000000000000000000000000000000000000000000000010000000000000000000000000000000000000000000000000000000000000000000000000000000000000000000000000000000000100001
001000000000000000000000000000000000000000000000000000010000000000000000000010101000100100000000000000000000000000000000000000000000000000000000000000000000000000100001
001000000000000000000000000000000000000000000000000000010000000000001010100010001000100010001000100010001000100010001000100010001000100010001000100010001001000000100001
001000000000000000000000000000000000000000000000000010101000100010001010100010011000100010001000101010001000100010001000100010001000100010001000100010001000100100100001
001000000000000000000000000000000000000000000000000000010000000000000010000000010000000100000000000000000000000000000000000000000000000000000000000000000000000000100001
001000000000000000000000000000000000000000000000000000010000000000000010000000010000000100000000000000000000000000000000000000000000000000000000000000000000000000100001
001000000000000000000000000000000000000000000000000000010000000000000010000000010000000100000000000000000000000000000000000000000000000000000000000000000000000000100001
001000000000000000000000000000000000000000000000000000010000000000000010000000010100010100000000000000000000000000000000000000000000000000000000000000000000000000100001
001000000000000000000000000000000000000000000000000000010000000000000010000000010000000000000000000000000000000000000000000000000000000000000000000000000000000000100001
001000000000000000000000000000000000000000000000000000010000000000000110010010101000100100000000000000000000000000000000000000000000000000000000000000000000000000100001
001000000000000000000000000000000000000000000000000000010000000000000000000000100000000100000000000000000000000000000000000000000000000000000000000000000000000000100001
001000000000000000000000000000000000000000000000000000010000000000000000000000100000000100000000000000000000000000000000000000000000000000000000000000000000000000100001
001000000000000000000000000000000000000000000000000001010000000000000000000000100000000100000000000000000000000000000000000000000000000000000000000000000000000001100001
001000000000000000000000000000000000000000000000000000000000000000000000000000100000000100000000000000000000000000000000000000000000000000000000000000000000000000000001
001000000000000000000000000000000000000000000000000000000000000000000000000000100000000100000000000000000000000000000000000000000000000000000000000000000000000000000001
001000000000000000000000000000000000000000000000000000000000000000000000000001100100010100000000000000000000000000000000000000000000000000000000000000000000000000000001
011001000100010001000100010001000100010001000100010001000100010001000100010001000100010001000100010001000100010001000100010001000100010001000100010001000100010001000101
