101010001000100010001000100010001000100010001000100010001000100010001000100010001000100010001000100010001000100010001000100010001000100010001000100010001000100010001001
001000000000000000000000000010010000000000000000000000000000000000000000000000000000000000000000000010101000100100001010000000000000000000000000000000000000000000000001
001000000000000000000000000000010000000000000000000000000000000000000000000000000000000000000000000000100000000100000010000000000000000000000000000000000000000000000001
001000000000000000000000000000010000000000000000000000000000000000000000000000000000000000000000000000100000000100000010000000000000000000000000000000000000000000000001
001000000000000000000000000000010000000000000000000000000000000000000000000000000000000000000000000000100000000100000010000000000000000000000000000000000000000000000001
001000000000000000000000000000010000000000001001000000000000000000000000000000000000000000000000000000100000000100000010000010100000000000000000000000000000000000000001
001000000000000000000000000000010000000000000001000000000000000000000000000000000000000000000000000000100000000100000010000000100000000000000000000000000000000000000001
001000000000000000000000000000010000000000000001000000000000000000000000000000000000000000000000000001100100010100000010000000100000000000000000000000000000000000000001
001000000000000000000000000000010000000000000001000000000000000000000000000000000000000000000000000000000000000000000010000000100000000000000000000000000000000000000001
001000000000000000000000000000010000000000000001000000000000000000000000000000000000000000000000000000000000000000000010000000100000000000000000000000000000000000000001
001000000000000000000000000000010000000000000001000000000000000000000000000000000000000000000000000000000000000000000010000000100000000000000000000000000000000000000001
001000000000000000000000000000010000000000000001000000000000000000000000000000000000000000000000000000000000000000000010000000100000000000000000000000000000000000000001
001000000000000000000000000000010000000000000001000000000000000000000000000000000000000000000000000000000000000000000010000000100000000000000000000000000000000000000001
001000000000000000000000000000010000000000000001000000000000000000000000000000000000000000000000000000000000000000000010000000100000000000000000000000000000000000000001
001000000000000000000000000000010000000000000001000000000000000000000000000000000000000000000000000000000000000000000010000000100000000000000000000000000000000000000001
001000000000000000000000000000010000000000000001000000000000000000000000000000000000000000000000000000000000000000000010000000100000000000000000000000000000000000000001
001000000000000000000000000000010000000000000001000000000000000000000000000000000000000000000000000000000000000000000010000000100000000000000000000000000000000000000001
001000000000000000000000000000010000000000000001000000000000000000000000000000000000000000000000000000000000000000000010000000100000000000000000000000000000000000000001
001000000000000000000000000000010000000000000001000000000000000000000000000000000000000000000000000000000000000000000010000000100000000000000000000000000000000000000001
001000000000000000000000000000010000000000000001000000000000000000000000000000000000000000000000000000000000000000000010000000100000000000000000000000000000000000000001
001000000000000000000000000000010000000000000001000000000000000000000000000000000000000000000000000000000000000000000010000000100000000000000000000000000000000000000001
001000000000000000000000000000010000000000000001000000000000000000000000000000000000000000000000000000000000000000000010000000100000000000000000000000000000000000000001
001000000000000000000000000000010000000000000001000000000000000000000000000000000000000000000000000000000000000000000010000000100000000000000000000000000000000000000001
001000000000000000000000000000010000000000000001000000000000000000000000000000000000000000000000000000000000000000001001000000100000000000000000101000000000000000000001
001000000000000000000000000000010000000000000001000000000000000000000000000000000000000000000000000000000000000000000001000000100000000000000000001000000000000000000001
001000000000000000000000000000010000000000000001000000000000000000000000000000000000000000000000000000000000000000000001000000100000000000000000001000000000000000000001
001000000000000000000000000000010000000000000001000000000000000000000000000000000000000000000000000000000000000000000001000000100000000000000000001000000000000000000001
001000000000000000000000000000010000000000000001000000000000000000000000000000000000000000000000000000000000000000000001000000100000000000000000001000000000000000000001
001000000000000000000000000000010000000000000001000000000000000000000000000000000000000000000000000000000000000000000001000000100000000000000000001000000000000000000001
001000000000000000000000000000010000000000000001000000000000000000000000000000000000000000000000000000000000000000000001000000100000000000000000001000000000000000000001
001000000000000000000000000000010000000000000001000000000000000000000000000000000000000000000000000000000000000000000001000000100000000000000000001000000000000000000001
001000000000000000000000000001010000000000000001101010001001000000000000000000000000000000000000000000000000000000000001000000100000000000000000001000000000000000000001
001000000000000000000000000000000000000000000001001000000001000000000000000000000000000000000000000000000000000000000001000000100000000000000000001000000000000000000001
001000000000000000000000000000000000000000000101001000000001000000000000000000000000000000000000000000000000000000000001000001100000000000000000001000000000000000000001
001000000000000000000000000000000000000000000000001000000001000000000000000000000000000000000000000000000000000000000001000000000000000000000000001000000000000000000001
001000000000000000000000000000000000000000000000001000000001000000000000000000000000000000000000000000000000000000000001000000000000000000000000001000000000000000000001
001000000000000000000000000000000000000000000000001000000001000000000000000000000000000000000000000000000000000000000001000000000000000000000000001000000000000000000001
001000000000000000000000000000000000000000000000011001000101000000000000000000000000000000000000000000000000000000000001000000000000000000000000001000000000000000000001
001000000000000000000000000000000000000000000000000000000000000000000000000000000000000000000000000000000000000000000101000000000000000000000000011000000000000000000001
001000000000000000000000000000000000000000000000000000000000000000000000000000000000000000000000000000000000000000000000000000000000000000000000000000000000000000000001
001000000000000000000000000000000000000000000000000000000000000000000000000000000000000000000000000000000000000000000000000000000000000000000000000000000000000000000001
001000000000000000000000000000000000000000000000000000000000000000000000000000000000000000000000000000000000000000000000000000000000000000000000000000000000000000000001
001000000000000000000000000000000000000000000000000000000000000000000000000000000000000000000000000000000000000000000000000000000000000000000000000000000000000000000001
001000000000000000000000000000000000000000000000000000000000000000000000000000000000000000000000000000000000000000000000000000000000000000000000000000000000000000000001
001000000000000000000000000000000000000000000000000000000000000000000000000000000000000000000000000000000000000000000000000000000000000000000000000000000000000000000001
001000000000000000000000000000000000000000000000000000000000000000000000000000000000000000000000000000000000000000000000000000000000000000000000000000000000000000000001
011001000100010001000100010001000100010001000100010001000100010001000100010001000100010001000100010001000100010001000100010001000100010001000100010001000100010001000101
