101010001000100010001000100010001000100010001000100010001000100010001000100010001000100010001000100010001000100010001000100010001000100010001000100010001000100010001000100010001001
001000000000000000000000000000000000000000000000000000000000000000000000000000000000000000000000000000000000000000000000000000000000000000000000000000000000000000000000000000000001
001000000000000000000000000000000000000000000000000000000000000000000000000000000000000000000000000000000000000000000000000000000000000000000000000000000000000000000000000000000001
001000000000000000000000000000000000000000000000000000000000000000000000000000000000000000000000000000000000000000000000000000000000000000000000000000000000000000000000000000000001
001000000000000000000000000000000000000000000000000000000000000000000000000000000000000000000000000000000000000000000000000000000000000000000000000000000000000000000000000000000001
001000000000000000000000000000000000000000000000000000000000000000000000000000000000000000000000000000000000000000000000000000000000000000000000000000000000000000000000000000000001
001000000000000000000000000000000000000000000000000000000000000000000000000000000000000000000000000000000000000000000000000000000000000000000000000000000000000000000000000000000001
001000000000000000000000000000000000000000000000000000000000000000000000000000000000000000000000000000000000000000000000000000000000000000000000000000000000000000000000000000000001
001000000000000000000000011001000100010001000100010001000100010001000100010001000100010001000100010001000100010001000101000000000000000000000000000000000000000000000000000000000001
001000000000000000000000000001100100010001000100010001000100010001000100010001000100010001010000000000000000000000000000000000000000000000000000000000000000000000000000000000000001
001000000000000000000000000000000000000000000000000000000000000000000000000000000000000000000000000000000000000000000000000000000000000000000000000000001010100010010000000000000001
001000000000000000000000000000000000000000000000000000000000000000000000000000000000000000000000000000000000000000000000000000000000000000000000000000000010000000010000000000000001
001000000000000000000000000000000000000000000000000000000000000000000000000000000000000000000000000000000000000000000000000000000000000000000000000000000010000000010000000000000001
001000000000000000000000000000000000000000000000000000000000000000000000000000000000000000000000000000000000000000000000000000000000000000000000000000000010000000010000000000000001
001000000000000000000000000000000000000000000000000000000000000000000000000000001001000000000000000010100000000000000000000000000000000000000000000000000010000000010000000000000001
001000000000000000000000000000000000000000000000000000000000000000000000000000000001000000000000101010001001000000000000000000000000000000000000000000000010000000010000000000000001
001000000000000000000000000010101000100010001000100010001000100010001000100010001000100010010000001000100001000000000000000000000000000010100000000000000110010001010000000000000001
001000000000000000000000000000000000000000000000000000000000000000000000000000000001000000010000001000100001000000000000000000000000000000100000000000000000000000000000000000000001
001000000000000000000000000000000000000000000000000000000000000000000000000000000001000000010000001000100001000000000000000000000000000000100000000000000000000000000000000000000001
001000000000000000000000000000000000000000000000000000000000000000000000000000000001000000010000001000100001000000000000000000000000000000100000000000000000000000000000000000000001
001000000000000000000000000000000000000000000000000000000000000000000000000000000001000000010000001000100001000000000000000000000000000000100000000000000000000000000000000000000001
001000000000000000000000000000000000000000000000000000000000000000000000000000000001000000010000011010101000100100000000000000000000000000100000000000000000000000000000000000000001
001000000000000000000000000000000000000000000000000000000000000000000000000000000001000000010000000000100000000100000000000000000000000000100000000000000000000000000000000000000001
001000000000000000000000101010001000100010001000100010001000100010001000100010001000100010001000100010001000100010001001000000000000000000100000000000000000000000000000000000000001
001000000000000000000000000000000000000000000000000000000000000000000000000000000001000000010000000000100000000100000000000000000000000000100000000000000000000000000000000000000001
001000000000000000000000000000000000000000000000000000000000000000000000000000000001000000010000000000100000000100000000000000001010100010010000000000000000000000000000000000000001
001000000000000000000000000000000000000000000000000000000000000000000000000000000001000000010000000000100000000100000000000000000010000000010000000000000000000000000000000000000001
001000000000000000000000000000000000000000000000000000000000000000000000000000000101000000010000000001100100010100000000000000000010000000010000000000000000000000000000000000000001
001000000000000000000000000000000000000000000000000000000000000000000000000000000000000000010000000000000000000000000000000000000010000000010000000000000000000000000000000000000001
001000000000000000000000000000000000000000000000000000000000000000000000000000000000000000010000000000000000000000000000000000001010100010001001000000000000000000000000000000000001
001000000000000000000000000000000000000000000000000000000000000000000000000000000000000000010000000000000000000000000000000000000010000000010001000000000000000000000000000000000001
001000000000000000000000000000000000000000000000000000000000000000000000000000000000000000010000000000000000000000000000000000000010010001010001000000000000000000000000000000000001
001000000000000000000000000000000000000000000000000000000000000000000000000000000000000000010000000000000000000000000000000000000010000000100001000000000000000000000000000000000001
001000000000000000000000000000000000000000000000000000000000000000000000000000000000000000010000000000000000000000000000000000000010000000100001000000000000000000000000000000000001
001000000000000000000000000000000000000000000000000000000000000000000000000000000000000000010000000000000000000000000000000000000110010001000101000000000000000000000000000000000001
001000000000000000000000000000000000000000000000000000000000000000000000000000000000000000010000000000000000000000000000000000000000000000100000000000000000000000000000000000000001
001000000000000000000000000000000000000000000000000000000000000000000000000000000000000001010000000000000000000000000000000000000000000001100000000000000000000000000000000000000001
001000000000000000000000000000000000000000000000000000000000000000000000000000000000000000000000000000000000000000000000000000000000000000000000101010001000100010001000100010010001
001000000000000000000000000000000000000000000000000000000000000000000000000000000000000000000000000000000000000000000000000000000000000000000000011001000100010001000100010001010001
001000000000000000000000000000000000000000000000000000000000000000000000000000000000000000000000000000000000000000000000000000000000000000000000000000000000000000000000000000000001
001000000000000000000000000000000000000000000000000000000000000000000000000000000000000000000000000000000000000000000000000000000000000000000000000000000000000000000000000000000001
001000000000000000000000000000000000000000000000000000000000000000000000000000000000000000000000000000000000000000000000000000000000000000000000000000000000000000000000000000000001
001000000000000000000000000000000000000000000000000000000000000000000000000000000000000000000000000000000000000000000000000000000000000000000000000000000000000000000000000000000001
011001000100010001000100010001000100010001000100010001000100010001000100010001000100010001000100010001000100010001000100010001000100010001000100010001000100010001000100010001000101
