10101000100010001000100010001000100010001000100010001000100010001000100010001000100010001000100010001000100010001000100010001000100010001001
00100000000000000000000000000000000000000000000000000000000000000000000000000000000000000000000000000000000000000000000000000000000000000001
00100000000000000000000000000000000000000000000000000000000000000000000000000000000000000000000000000000000000000000000000000000000000000001
00100000000000000000000000000000000000000000000000000000000000000000000000000000000000000000000000000000000000000000000000000000000000000001
00100000000000000000000000000000000000000000000000000000000000000000000000000000000000000000000000000000000000000000000000000000000000000001
00100000000000000000000000000000000000000000000000000000000000000000000000000000000000000000000000000000000000000000000000000000000000000001
00100000000000000000000000000000000000000000000000000000000000000000000000000000000000000000000000000000000000000000000000000000000000000001
00100000000000000000000000000000000000000000000000000000000000000000000000000000000000000000000000000000000000000000000000000000000000000001
00100000000010101000100100000000000000000000000000000000000000000000000000000000000000000000000000000000000000000000000000000000000000000001
00100000000000100000000100000000000000000000000000000000000000000000000000000000000000000000000000000000000000000000000000000000000000000001
00100000000000100000000100000000000000000000000000000000000000000000000000000000000000000000000000000000000000000000000000000000000000000001
00100000000000100000000100000000000000000000000000000000000000000000000000000000000000000000000000000000000000000000000000000000000000000001
00100000000000100000000100000000000000000000000000000000000000000000000000000000000000000000000000000000000000000000000000000000000000000001
00100000000000100000000100000000000000000000000000000000000000000000000000000000000000000000000000000000000000000000000000000000000000000001
00100000000001100100010100000000000000000000000000000000000000000000000000000000000000000000000000000000000000000000000000000000000000000001
00100000000000000000000000000000000000000000000000000000000000001010100010010000000000000000000000000000000000000000000000000000000000000001
00100000000000000000000000000000000000000000000000000000000000000010000000010000000000000000000000000000000000000000000000000000000000000001
00100000000000000000000000000000000000000000000000000000000000000010000000010000000000000000000000000000000000000000000000000000000000000001
00100000000000000000000010101000100100000000000000000000000000000010000000010000000000000000000000000000000000000000000000000000000000000001
00100000000000000000000000100000000100000000000000000000000000000010000000010000000000000000000000000000000000000000000000000000000000000001
00100000000000000000000000100000000100000000000000000000000000000010000000010000000000000000000000000000100100000000000000000000000010100001
00100000000000000000000000100000000100000000000000000000000000000110010001010000000000000000000000000000000100000000000000000000000000100001
00100000000000000000000000100000000100000000000000000000000000000000000000000000000000000000000000000000000100000000000000000000000000100001
00100000000000000000000000100000000100000000000000000000000000000000000000000000000000000000000000000000000100000000000000000000000000100001
00100000000000000000000001100100010100000000000000000000000000000000000000000000000000000000000000000000000100000000000000000000000000100001
00100000000000000000000000000000000000000000000000000000000000000000000000000000000000000000000000000000000100000000000000000000000000100001
00100000000000000000000000000000000000000000000000000000000000000000000000000000000000000000000000000000000100000000000000000000000000100001
00100000000000000000000000000000000000000000000000000000000000000000000000000000000000000000000000000000000100000000000000000000000000100001
00100000000000000000000000000000000000000000000000000000000000000000000000000000000000000000000000000000000100000000000000000000000000100001
00100000000000000000000000000000000000000000000000000000000000000000000000000000000000000000000000000000000100001010100010010000000000100001
00100000000000000000000000000000000000000000000000000000000000000000000000000000000000000000000000000000000100000010000000010000000000100001
00100000000000000000000000000000000000000000000000000000000000000000000000000000000000000000000000000000000100000010000000010000000000100001
00100000000000000000000000000000000000000000000000000000000000000000000000000000000000000000000000000000000100000010000000010000000000100001
00100000000000000000000000000000000000000000000000000000000000000000000000000000000000000000000000000000000100000010000000010000000000100001
00100000000000000000000000000000000000000000000000000000000000000000000000000000000000000000000000000000000100000010000000010000000000100001
00100000000000000000000000000000000000000000000000000000000000000000000000000000000000000000000000000000010100000110010001010000000001100001
00100000000000000000000000000000000000000000000000000000000000000000000000000000000000000000000000000000000000000000000000000000000000000001
00100000000000000000000000000000000000000000000000000000000000000000000000000000000000000000000000000000000000000000000000000000000000000001
00100000000000000000000000000000000000000000000000000000000000000000000000000000000000000000000000000000000000000000000000000000000000000001
00100000000000000000000000000000000000000000000000000000000000000000000000000000000000000000000000000000000000000000000000000000000000000001
00100000000000000000000000000000000000000000000000000000000000000000000000000000000000000000000000000000000000000000000000000000000000000001
00100000000000000000000000000000000000000000000000000000000000000000000000000000000000000000000000000000000000000000000000000000000000000001
00100000000000000000000000000000000000000000000000000000000000000000000000000000000000000000000000000000000000000000000000000000000000000001
00100000000000000000000000000000000000000000000000000000000000000000000000000000000000000000000000000000000000000000000000000000000000000001
00100000000000000000000000000000000000000000000000000000000000000000000000000000000000000000000000000000000000000000000000000000000000000001
00100000000000000000000000000000000000000000000000000000000000000000000000000000000000000000000000000000000000000000000000000000000000000001
00100000000000000000000000000000000000000000000000000000000000000000000000000000000000000000000000000000000000000000000000000000000000000001
00100000000000000000000000000000000000000000000000000000000000000000000000000000000000000000000000000000000000000000000000000000000000000001
00100000000000000000000000000000000000000000000000000000000000000000000000000000000000000000000000000000000000000000000000000000000000000001
00100000000000000000000000000000000000000000000000000000000000000000000000000000000000000000000000000000000000000000000000000000000000000001
00100000000000000000000000000000000000000000000000000000000000000000000000000000000000000000000000000000000000000000000000000000000000000001
00100000000000000000000000000000000000000000000000000000000000000000000000000000000000000000000000000000000000000000000000000000000000000001
00100000000000000000000000000000000000000000000000000000000000000000000000000000000000000000000000000000000000000000000000000000000000000001
00100000000000000000000000000000000000000000000000000000000000000000000000000000000000000000000000000000000000000000000000000000000000000001
00100000000000000000000000000000000000000000000000000000000000000000000000000000000000000000000000000000000000000000000000000000000000000001
01100100010001000100010001000100010001000100010001000100010001000100010001000100010001000100010001000100010001000100010001000100010001000101
