1010100010001000100010001000100010001000100010001000100010001000100010001000100010001000100010001000100010001000100010001000100010001000100010001000100010001000100010001001
0010000000000000000000000000000000000000000000000000000000000000000000000000000000000000000000000000000000000000000000000000000000000000000000000000000000000000000000000001
0010000000000000000000000000000000000000000000000000000000000000000000000000000000000000000000000000000000000000000000000000000000000000000000000000000000000000000000000001
0010000000000000000000000000000000000000000000000000000000000000000000000000000000000000000000000000000000000000000000000000000000000000000000000000000000000000000000000001
0010000000000000000000000000000000000000000000000000000000000000000000000000000000000000000000000000000000000000000000000000000000000000000000000000000000000000000000000001
0010000000000000000000000000000000000000000000000000000000000000000000000000000000000000000000000000000000000000000000000000000000000000000000000000000000000000000000000001
0010000000000000000000000000000000000000000000000000000000000000000000000000000000000000000000000000000000000000000000000000000000000000000000000000000000000000000000000001
0010000000000000000000000000000000000000000000000000000000000000000000000000000000000000000000000000000000000000000000000000000000000000000000000000000000000000000000000001
0010000000000000000000000000000000000000000000000000000010010000000000001010000000000000000000000000000000000000000000000000000000000000000000000000000000000000000000000001
0010000000000000000000000000000000000000000000000000000000011001000000000010000000001010000000000000000000000000000000000000000000000000000000000000000000000000000000000001
0010000000000000000000000000000000000000000000000000000000010001000000000010000000000010000000000000000000000000000000000000000000000000000000000000000000000000000000000001
0010000000000000000000000000000000000000000000000000000000010001000000000010000000000010000000000000000000000000000000000000000000000000000000000000000000000000000000000001
0010000000000000000000000000000000000000000000000000000000010001000000000010000000000010000000000000000000000000000000000000000000000000000000000000000000000000000000000001
0010000000000000000000000000000000000000000000000000000000010001000000000010100100000010000000000000000000000000000000000000101000000000000000000000000000000000000000000001
0010000000000000000000001010100010010000000000000000000000010001000000000010000100000010000000000000000000000000000000000000001000000000000000000000000000000000000000000001
0010000000000000000000000010000000010000000000000000000000010001000000000010000100000010000000000000000000000000000000000000001000000000000000000000000000000000000000000001
0010000000000000000000000010000000010000000000000000000000010001000000000010000100000010100100000000000000000000000000000000001000000000000000000000000000000000000010100001
0010000000000000000000000010000000010000000000000000000000010001000000000010000100000010000110010000000000000000000000000000101000000000000000000000000000000000000000100001
0010000000000000000000000010000000010000000000000000000000010001000000000010000100000010000100011001000000000000000000000000001000000000000000001010000000000000000000100001
0010000000000000000000000010000000010000000000000000000000010001000000000010000100000010000100010001000000000000000000000000001000000000000000000010000000000000000000100001
0010000000000000000000000110010001010000101010001001000001010001000000000110000100000010000100010001000000000000000000000000001000000000000000000010000000000000000000100001
0010000000000000000000000000000000000000001000000001000000000001000000000000000100000010000100010001000000000000000000000000001000000000000000000010000000000000000000100001
0010000000000000000000000000000000000000001000000001000000000001000000000000000100000010000100010001000000000000000000000000001000000000000000000010000000000000000000100001
0010000000000000000000000000000000000000001000000001000000000101000000000000000100000110000100010001000000000000000000000000001000000000000000000010000000000000000000100001
0010000000000000000000000000000000000000001000000001000000000000000000000000000100000000000100010001000000000000000000000000001000000000000000000010000000000000000000100001
0010000000000000000000000000000000000000001000000001000000000000000000000000000100000000000100010001000000000000000010101000100100000000000000000010000000000000000000100001
0010000000000000000000000000000000000000011001000101000000000000000000000000000100000000000100010001000000000000000000100000000110010000000000000010000000001010000000100001
0010000000000000000000000000000000000000000000000000000000000000000000000000000100000000000100010001000000000000000000100000000100011001000000000010000000000010000000100001
0010000000000000000000000000000000000000000000000000000000000000000000000000000100000000000100010001000000000000000000100000000100010001000000000010000000000010000000100001
0010000000000000000000000000000000000000000000000000000000000000000000000000000100000000000100010001000000000000000000100000000100010001000000000010000000000010000000100001
0010000000000000000000000000000000000000000000000000000000000000000000000000000100000000000100010001000000000000000000100000000100010001000000000010000000000010000000100001
0010000000000000000000000000000000000000000000000000000000000000000000000000000100000000000100010001000000000000000001100100010100010001000010101000100100000010000000100001
0010000000000000000000000000000000000000000000000000000000000000000000000000000100000000000100010001000000000000000000000000001000010001000000100010000100000010000000100001
0010000000000000000000000000000000000000000010101000100100000000000000000000010100000000000101010001000000000000000000000000011000010001000000100010000100000010000000100001
0010000000000000000000000000000000000000000000100000000100000000000000000000000000000000000100000001000000000000000000000000000000010001000000100010000110101000100100100001
0010000000000000000000000000000000000000000000100000000100000000000000000000000000000000000100000001000000000000000000000000000000010101000000100010000100100010000100100001
0010000000000000000000000000000000000000000000100000000100000000000000000000000000000000000100000001000000000000000000000000000000010000000000100010000100100010000100100001
0010000000000000000000000000000000000000000000100000000100000000000000000000000000000000000100000001000000000000000000000000000000010000000001100100010100100010000100100001
0010000000000000000000000000000000000000000000100000000100000000000000000000000000000000000100000101000000000000000000000000000000010000000000000110000000100010000100100001
0010000000000000000000000000000000000000000001100100010100000000000000000000000000000000000100000000000000000000000000000000000000010000000000000000000000100010000100100001
0010000000000000000000000000000000000000000000000000000000000000000000000000000000000000000100000000000000000000000000000000000000010000000000000000000001100100010100100001
0010000000000000000000000000000000000000000000000000000000000000000000000000000000000000000100000000000000000000000000000000000001010000000000000000000000000110000000100001
0010000000000000000000000000000000000000000000000000000000000000000000000000000000000000000100000000000000000000000000000000000000000000000000000000000000000000000000100001
0010000000000000000000000000000000000000000000000000000000000000000000000000000000000000010100000000000000000000000000000000000000000000000000000000000000000000000001100001
0010000000000000000000000000000000000000000000000000000000000000000000000000000000000000000000000000000000000000000000000000000000000000000000000000000000000000000000000001
0110010001000100010001000100010001000100010001000100010001000100010001000100010001000100010001000100010001000100010001000100010001000100010001000100010001000100010001000101
