10101000100010001000100010001000100010001000100010001000100010001000100010001000100010001000100010001000100010001000100010001000100010001000100010001000100010001000100010001000100010001000100010001000100010001001
00100000000000000000000000000000000000000000000000000000000000000000000000000000000000000000000000000000000000000000000000000000000000000000000000000000000000000000000000000000000000000000000000000000000000000001
00100100010001000100010001000100010001000100010100000000000000000000000000000000000000000000000000000000000000000000000000000000000000000000000000000000000000000000000000000000000000000000000000000000000000000001
00100000000000000000000000000000000000000000000000000000000000000000000000000000000000000000000000000000000000000000000000000000000000000000000000000000000000000000000000000000000000000000000000000000000000000001
00100000000000000000000000000000000000000000000000000000000000000000000000000000000000000000000000000000000000000000000000000000000000000000000000000000000000000000000000001010100010010000000000000000000000000001
00101000100010001000100010001000100010001000100100000000000000000000000000000000000000000000000000000000000000000000000000000000000000000000000000000000000000000000000000000010000000010000000000000000000000000001
00100000000000000000000000000000000000000000000000000000000000000000000000000000000000000000000000000000000000000000000000000000000000000000000000000000000000000000000000000010000000010000000000000000000000000001
00100000000000000000000000000000000000000000000000000000000000000000000000000000000000000000000000000000000000000000000000000000000000000000000000000000000000000000000000000010000000010000000000000000000000000001
00100000000000000000000000000000000000000000000000000000000000000000000000000000000000000000000000000000000000000000000000000000000000000000000000000000000000000000000000000010000000010000000000000000000000000001
00100000000000000000000000000000000000000000000000000000000000000000000000000000000000000000000000000000000000000000000000000000000000000000000000000000000000000000000000000010000000010000000000000000000000000001
00100000000000000000000000000000000000000000000000000000000000000000000000000000000000000000000000000000000000000000000000000000000000000000000000000000000000000000000000000110010001010000000000000000000000000001
00100000000000000000000000000000000000000000000000000000000000000000000000000000000000000000000000000000000000000000000000000000000000000000000000000000000000000000000000000000000000000000000000000000000000000001
00100000000000000000000000000000000000000000000000000000000000000000000000000000000000000000000000000000000000000000000000000000000000000000000000000000000000000000000000000000000000000000000000000000000000000001
00100000000000000000000000000000000000000000000000000000000000000000000000000000000000000000000000000000000000000000000000000000000000000000000000000000000000000000000000000000000000000000000000000000000000000001
00100000000000000000000000000000000000000000000000000000000000000000000000000000000000000000000000000000000000000000000000000000000000000000000000000000000000000000000000000000000000000000000000000000000000000001
00100000000000000000000000000000000000000000000000000000000000000000000000000000000000000000000000000000000000000000000000000000000000000000000000000000000000000000000000000000000000000000000000000000000000000001
00100000000000000000000000000000000000000000000000000000000000000000000000000000000000000000000000000000000000000000000000000000000000000000000000000000000000000000000000000000000000000000000000000000000000000001
00100000000000000000000000000000000000000000000000000000000000000000000000000000000000000000100100000000101000000000000000000000000000000000000000000000000000000000000000000000000000000000000000000000000000000001
00100000000000000000000000000000000000000000000000000000000000000000000000000000000000000000000100000000001000000000000000000000000000000000000000000000000000000000000000000000000000000000000000000000000000000001
00100000000000000000000000000000000000000000000000000000000000000000000000000000000000000000000100000000001000000000000000000000000000000000000000000000000000000000000000000000000000000000000000000000000000000001
00101000100100000000000000000000000000000000000000000000000000000000000000000000000000000000000100000000001000000000000000000000000000000000000000000000000000000000000000000000000000000000000000000000000000000001
00100000000100000000000000000000000000000000000000000000000000000000000000000000000000000000101010001001001000000000000000000000000000000000000000000000000000000000000000000000000000000000000000000000000000000001
00100000000100000000000000000000000000000000000000000000000000000000000000000000000000000000001000000001001000000000000000000000000000000000000000000000000000000000000000000000000000000000000000000000000000000001
00100000000100000000000000000000000000000000000000000000000000000000000000000000000000000000001000000001001000000000000000000000000000000000000000000000000000000000000000000000000000000000000000000000000000000001
00100000000100000000000000000000000000000000000000000000000000000000000000000000000000000000001000000001001000000000000000000000000000000000000000000000000000000000000000000000000000000000000000000000000000000001
00100000000100000000000000000000000000000000000000000000000000000000000000000000000000000000001000000001001000000000000000000000000000000000000000000000000000000000000000000000000000000000000000000000000000000001
00100100010110101000100100000000000000000000000000000000000000000000000000000000000000000000001000000001001000000000000000000000000000000000000000000000000000000000000000000000000000000000000000000000000000000001
00100000000000100000000100000000000000000000000000000000000000000000000000000000000000000000011001000101001000000000101010001000100010010000000000000000000000000000000000000000000000000000000000000000000000000001
00100000000000100000000100000000000000000000000000000000000000000000000000000000000000000000010100000000011000000000001000000000000000010000000000000000000000000000000000000000000000000000000000000000000000000001
00100000000000100000000100000000000000000000000000000000000000000000000000000000000000000000000000000000000000000000001000000000000000011010100010010000000000000000000000000000000000000000000000000000000000000001
00100000000000100000000100000000000000000000000000000000000000000000000000000000000000000000000000000000000000000000001000000000000000010010000000010000000000000000000000000000000000000000000000000000000000000001
00100000000000100000000100000000000000000000000000000000000000000000000000000000000000000000000000000000000000000000011001000100010001010010000000010000000000000000000000000000000000000000000000000000000000000001
00100000000001100100010100000000000000000000000000000000000000000000000000000000000000000000000000000000000000000000000000000000000000000010000000010000000000000000000000000000000000000000000000000000000000000001
00100000000000000000000000000000000000000000000000000000000000000000000000000000000000000000000000000000000000000000000000000000000000000010000000010000000000000000000000000000000000000000000000000000000000000001
00100000000000000000000000000000000000000000000000000000000000000000000000000000000000000000000000000000000000000000000000000000000000000010000000010000000000000000000000000000000000000000000000000000000000000001
00100000000000000000000000000000000000000000000000000000000000000000000000000000000000000000000000000000000000000000000000000000000000000110010001010000000000000000000000000000000000000000000000000000000000000001
01100100010001000100010001000100010001000100010001000100010001000100010001000100010001000100010001000100010001000100010001000100010001000100010001000100010001000100010001000100010001000100010001000100010001000101
