10101000100010001000100010001000100010001000100010001000100010001000100010001000100010001000100010001000100010001000100010001000100010001000100010001000100010001001
00100000000000000000000000001001000000000000101000000000000000000000000000000000000000000000000000000000000000000000000000000000000000000000000000000000000000000001
00100000000000000000000000000001000000000000001000000000000000000000000000000000000000000000000000000000000000000000000000000000000000000000000000000000000000000001
00100000000000000000000000000001000000000000001000000000000000000000000000000000000000000000000000000000000000000000000000000000000000000000000000000000000000000001
00100000000000000000000000000001000000000000001000000000000000000000000000000000000000000000000000000000000000000000000000000000000000000000000000000000000000000001
00100000000000000000000000000001000000000000001000000000000000000000000000000000000000000000000000000000000000000000000000000000000000000000000000000000000000000001
00100000000000000000000000000001000000000000001000000000000000000000000000000000000000000000000000000000000000000000000000000000000000000000000000000000000000000001
00100000000000000000000000000001000000001010100010011001000000000000000000000000000000000000000000000000000010100000000000000000000000000000000000000000000000000001
00100000000000000000000000000001000000000010001000010001000000000000000000000000000000000000000000000000000000100000000000000000000000000000000000000000000000000001
00100000000000000000000000000001000000000010001000010001000000000000000000000000000000000000000000000000000000100000000000000000000000000000000000000000000000000001
00100000000000000000000000000001000000000010001000010001000000000000000000000000000000000000000000000000000000100000000000000000000000000000000000000000000000000001
00100000000000000000000000000001000000000010101010001000100010001000100100000000000000000000000000000000000000100000000000000000000000000000000000000000000000000001
00100000000000000000000000000001000000000010001000010001000000000000000100000000000000000000000000000000000000100000000000000000000000000000000000000000000000000001
00100000000000000000000000000101000000000110011001000100010001000100010100000000000000000000000000000000000000100000000000000000000000000000000000000000000000000001
00100000000000000000000000000000000000000000000000000001000000000000000000000000100100000000000000000000000000100000000000000000101000000000000000000000000000000001
00100000000000000000000000000000000000000000000000000001000000000000000000000000000100000000000000000000000000100000000000000000001000000000000000000000000000000001
00100000000000000000000000000000000000000000000000000001000000000000000000000000000100000000000000000000000000100000000000000000001000000000000000000000000000000001
00100000000000000000000000000000000000000000000000000001000000000000000000000000000100000000000000000000000000100000000000000000001000000000000000000000000000000001
00100000000000000000000000000000000000000000000000000001000000000000000000000000000100000000000000000000000000100000000000000000001000000000000000000000000000000001
00100000000000000000000000000000000000000000000000000001000000000000000000000000000100000000000000000000000000100000000000000000001000000000000000000000000000000001
00100000000000000000000000000000000000000000000000000001000000000000000000000000000100000000000000000000000000100000000000000000001000000000000000000000000000000001
00100000000000000000000000000000000000000000000000000001000000000000000000000000000100000000000000000000000000100000000000000000001000000000000000000000000000000001
00100000000000000000000000000000000000000000000000000001000000000000000000000000000100000000000000000000000000100000000000000000001000000000000000000000000000000001
00100000000000000000000000000000000000000000000000000001000000000000000000000000000100000000000000000000000000100000000000000000001000000000000000000000000000000001
00100000000000000000000000000000000000000000000000000001000000000000000000000000000100000000000000000000000000100000000000000000001000000000000000000000000000000001
00100000000000000000000000000000000000000000000000000001000000000000000000000000000100000000000000000000000000100000000000000000001000000000000000000000000000000001
00100000000000000000000000000000000000000000000000000001000000000000000000000000000100000000000000000000000000100000000000000000001010101000100100000000000000000001
00100000000000000000000000000000000000000000000000000001000000000000000000000000000100000000000000000000000000100000000000000000001000100000000100000000000000000001
00100000000000000000000000000000000000000000000000000001000000000000000000000000000100000000000000000000000000100000000000000000001000100000000100000000000000000001
00100000000000000000000000000000000000000000000000000101000000000000000000000000000110101000100100000000000001100000000000000000001000100000000100000000000000000001
00100000000000000000000000000000000000000000000000000000000000000000000000000000000100100000000100000000000000000000000000000000001000100000000100000000000000000001
00100000000000000000000000000000000000000000000000000000000000000000000000000000000100100000000100000000000000000000000000000000001000100000000100000000000000000001
00100000000000000000000000000000000000000000000000000000000000000000000000000000000100100000000100000000000000000000000000000000001001100100010100000000000000000001
00100000000000000000000000000000000000000000000000000000000000000000000000000000000100100000000100000000000000000000000000000000001000000000000000000000000000000001
00100000000000000000000000000000000000000000000000000000000000000000000000000000010100100000000100000000000010101000100100000000011000000000000000000000000000000001
00100000000000000000000000000000000000000000000000000000000000000000000000000000000001100100010100000000000000100000000100000000000000000000000000000000000000000001
00100000000000000000000000000000000000000000000000000000000000000000000000000000000000000000000000001010100010010000000100000000000000000000000000000000000000000001
00100000000000000000000000000000000000000000000000000000000000000000000000000000000000000000000000000010000000010000000100000000000000000000000000000000000000000001
00100000000000000000000000000000000000000000000000000000000000000000000000000000000000000000000000000010000000010000000100000000000000000000000000000000000000000001
00100000000000000000000000000000000000000000000000000000000000000000000000000000000000000000000000000010000000010000000100000000000000000000000000000000000000000001
00100000000000000000000000000000000000001010100010010000000000000000000000000000000000000000000000000010000000010100010100000000000000000000000000000000000000000001
00100000000000000000000000000000000000000010000000010000000000000000000000000000000000000000000000000010000000010000000000000000000000000000000000000000000000000001
00100000000000000000000000000000000000000010000000010000000000000000000000000000000000000000000000000110010001010000000000000000000000000000000000000000000000000001
00100000000000000000000000000000000000000010000000010000000000000000000000000000000000000000000000000000000000000000000000000000000000000000000000000000000000000001
00100000000000000000000000000000000000000010000000010000000000000000000000000000000000000000000000000000000000000000000000000000000000000000000000000000000000000001
00100000000000000000000000000000000000000010000000010000000000000000000000000000000000000000000000000000000000000000000000000000000000000000000000000000000000000001
00100000000000000000000000000000000000000110010001010000000000000000000000000000000000000000000000000000000000000000000000000000000000000000000000000000000000000001
01100100010001000100010001000100010001000100010001000100010001000100010001000100010001000100010001000100010001000100010001000100010001000100010001000100010001000101
