101010001000100010001000100010001000100010001000100010001000100010001000100010001000100010001000100010001000100010001000100010001000100010001000100010001000100010001000100010001000100010001001
001000000000000000000000000000000000000000000000000000000000000000000000000000000000000000000000000000000000000000000000000000000000000000000000000000000000000000000000000000000000000000000001
001000000000000000000000000000000000000000000000000000000000000000000000000000000000000000000000000000000000000000000000000000000000000000000000000000000000000000000000000000000000000000000001
001000000000000000000000000000000000000000000000000000000000000000000000000000000000000000000000000000000000000000000000000000000000000000000000000000000000000000000000000000000000000000000001
001000000000000000000000000000000000000000000000000000000000000000000000000000000000000000000000000000000000000000000000000000000000000000000000000000000000000000000000000000000000000000000001
001000000000000000000000000000000000000000000000000000000000000000000000000000000000000000000000000000000000000000000000000000000000000000000000000010101000100100000000000000000000000000000001
001000000000000000000000000000000000000000000000000000000000000000000000000000000000000000000000000000000000000000000000000000000000000000000000000000100000000100000000000000000000000000000001
001000000000000000000000000000000000000000000000000000000000000000000000000000000000000000000000000000000000000000000000000000000000000000000000000000100000000100000000000000000000000000000001
001000000000000000000000000000000000000000000000000000000000000000000000000000000000000000000000000000000000000000000000000000000000000000000000000000100000000100000000000000000000000000000001
001000000000000000000000000000000000000000000000000000000000000000000000000000000000000000000000000000000000000000000000000000000000000000000000000000100000000100000000000000000000000000000001
001000000000000000000000000000000000000000000000000000000000000000000000000000000000000000000000000000000000000000000000000000000000000000000000000000100000000100000000000000000000000000000001
001000000000000000000000000000000000000000000000000000000000000000000000000000000000000000000000101010001001000000000000000000000000000000000000000001100100010100000000000000000000000000000001
001000000000000000000000000000000000000000000000000000000000000000000000000000000000000000000000001000000001000000000000000000000000000000000000000000000000000000000000000000000000000000000001
001000000000000000000000000000000000000000000000000000000000000000000000000010010000000000000000001000000001000000000000000000000000000000000000000010100000000000000000000000000000000000000001
001000000000000000000000000000000000000000000000000000000000000000000000000000011001000000000000001010100001000000000000000000000000000000000000000000100000000000000000000000000000000000000001
001000000000000000000000000000000000000000000000000000000000000000000000000000010001000000000000001000100001000000000000000000000000000000000000000000100000000000000000000000000000000000000001
001000000000000000000000000000000000000000000000000000000000000000000000000000010001000000000000001000100001000000000000000000000000000000000000000000100000000000000000000000000000000000000001
001000000000000000000000000000000000000000000000000000000000000000000000000000010001000000001001011000100101000000000000000000001010000000000000000000100000000000000000000000000000000000000001
001000000000000000000000000000000000000000000000000000000000000000000000000000010001000000000001000000100000000000000000000000000010000000000000000000100000000000000000000000000000000000000001
001000000000000000000000000000000000000000000000000000000000000000000000000000010001000000000001000000100000000000000000000000000010101010001001000000100000000000000000000000000000000000000001
001000000000000000000000000000000000000000000000000000000000000000000000000000010001000000000001000000100000000000000000000000000010001000000001000000100000000000000000000000000000000000000001
001000000000000000000000000000000000000000000000000000000000000000000000000000010001000000000001000000100000000000000000000000000010001000000001000000100000000000000000000000000000000000000001
001000000000000000000000000000000000000000000000000000000000000000000000000000010001000000000001000000100000000000000000000000000010001000000001000000100000000000000000000000000000000000000001
001000000000000000000000000000000000000000000000000000000000000000000000000000010001000000000001000000100000000000000000000000000010001000000001101010001001000000000000000000000000000000000001
001000000000000000000000000000000000000000000000000000000000000000000000000000010001000000000001000000100000000000000000000000000010001000000001001000100001000000000000000000000000000000000001
001000000000000000000000000000000000000000000000000000000000000000000000000000010001000000000001000000100000000000000000000000000010011001000101001000100001000000000000000000000000000000000001
001000000000000000000000000000000000000000000000000000000000000000000000000000010001000000000001000000100000000000000000000000000010000000000000001000100001000000000000000000000000000000000001
001000000000000000000000000000000000000000000000000000000000000000000000000000010101000000000001000001100000000000000000000000000010000000000000001000100001000000000000000000000000000000000001
001000000000000000000000000000000000000000000000000000000000000000000000000000010000000000000001000000000000000000000000000000000010000000000000001000100001000000000000000000000000000000000001
001000000000000000000000000000000000000000000000000000000000000000000000000000010000000000000001000000000000000000000000000000000010000000000000011001000101000000000000000000000000000000000001
001000000000000000000000000000000000000000000000000000000000000000000000000000010000000000000001000000000000000000000000000000000010000000000000000000100000000000000000000000000000000000000001
001000000000000000000000000000000000000000000000000000000000000000000000000000010000000000000001000000000000000000000000000000000010000000000000000000100000000000000000000000000000000000000001
001000000000000000000000000000000000000000000000000000000000000000000000000000010000000000000001000000000000000000000000000000000010000000000000000000100000000000000000000000000000000000000001
001000000000000000000000000000000000000000000000000000000000000000000000000000010000000000000001000000000000000000000000000000000010000000000000000000100000000000000000000000000000000000000001
001000000000000000000000000000000000000000000000000000000000000000000000000000010000000000000101000000000000000000000000000000000110000000000000000000100000000000000000000000000000000000000001
001000000000000000000000000000000000000000000000000000000000000000000000000000010000000000000000000000000000000000000000000000000000000000000000000000100000000000000000000000000000000000000001
001000000000000000000000000000000000000000000000000000000000000000000000000000010000000000000000000000000000000000000000000000000000000000000000000000100000000000000000000000000000000000000001
001000000000000000000000000000000000000000000000000000000000000000000000000000010000000000000000000000000000000000000000000000000000000000000000000000100000000000000000000000000000000000000001
001000000000000000000000000000000000000000000000000000000000000000000000000000010000000000000000000000000000000000000000000000000000000000000000000000100000000000000000000000000000000000000001
001000000000000000000000000000000000000000000000000000000000000000000000000001010000000000000000000000000000000000000000000000000000000000000000000001100000000000000000000000000000000000000001
011001000100010001000100010001000100010001000100010001000100010001000100010001000100010001000100010001000100010001000100010001000100010001000100010001000100010001000100010001000100010001000101
