1010100010001000100010001000100010001000100010001000100010001000100010001000100010001000100010001000100010001000100010001000100010001000100010001000100010001001
0010101010001001000000000000000000000000000000000000000000000000000000000000000000000000000000000000000000000000000000000000000000000000000000000000000000000001
0010001000000001000000000000000000000000000000000000000000000000000000000000000000000000000000000000000000000000000000000000000000000000000000000000000000000001
0010001000000001000000000000000000000000000000000000000000000000000000000000000000000000000000000000000000000000000000000000000000000000000000000000000000000001
0010001000000001000000000000000000000000000000000000000000000000000000000000000000000000000000000000000000000000000000000000000000000000000000000000000000000001
0010001000000001000000000000000000000000000000000000000000000000000000000000000000000000000000000000000000000000000000000000000000000000000000000000000000000001
0010001000000001000000000000000000000000000000000000000000000000000000000000000000000000000000000000000000000000000000000000000000000000000000000000000000000001
0010011001000101000000000000000000000000000000000000000000000000000000000000000000000000000000000000000000000000000000000000000000000000000000000000000000000001
0010000000000000000000000000000000000000000000000000000000000000000000000000000000000000000000000000000000000000000000000000000000000000000000000000000000000001
0010000000000000000000000000000000000000000000000000000000000000000000000000000000000000000000000000000000000000000000000000000000000000000000000000000000000001
0010000000000000000000000000000000000000000000000000000000000000100100000000000000000000000000000000000000000000000000000000000000000000000000000000000010100001
0010000000000000000000000000000000000000000000000000000000000000000100000000000000000000000000000000000000000000000000000000000000000000000000000000000000100001
0010000000000000000000000000000000000000000000000000000000000000000100000000000000000000000000000000000000000000000000000000000000000000000000000000000000100001
0010000000000000000000000000000000000000000000000000000000000000000100000000000000000000000000000000000000000000000000000000000000000000000000000000000000100001
0010000000000000000000000000000000000000000000000000000000000000000100000000000000000000000000000000000000000000000000000000000000000000000000000000000000100001
0010000000000000000000000000000000000000000000000000000000000000000100000000000000000000000000000000000000000000000000000000000000000000000000000000000000100001
0010000000000000000000000000000000000000000000000000000000000000000100000000000000000000000000000000000000000000000000000000000000000000000000000000000000100001
0010000000000000000000000000000000000000000000000000000000000000000100000000000000000000000000000000000000000000000000000000000000000000000000000000000000100001
0010000000000000000000000000000000000000000000000000000000000000000100000000000000000000000000001001000000000000000000000000000000000000000010100000000000100001
0010000000000000000000000000000000000000000000000000000000000000000100000000000000000000000000000001100100000000000000000000000000000000000000101010000000100001
0010000000000000000000000000000000000000000000000000000000000000000100000000000000000000000000000001000100000000000000000000000000000000000000100010000000100001
0010000000000000000000000000000000000000000000000000000000000000000100000000000000000000000000000001000100000000000000000000000000000000000000100010000000100001
0010000000000000000000000000000000000000000000000000000000000000000100000000000000000000000000000001000100000000000000000000000000000000000000100010000000100001
0010000000000000000000000000000000000000000000000000000000000000000100000000000000000000000000000001000100000000000000000000000000000000000000100010000000100001
0010000000000000000000000000000000000000000000000000000000000000000100000000000000000000000000000001000100000000000000000000000000000000000000100010000000100001
0010000000000000000000000000000000000000000000000000000000000000000100000000000000000000000000000001000100000000000000000000000000000000000000100010000000100001
0010000000000000000000000000000000000000000000000000000000000000000100000000000000000000000000000001000100000000000000000000000000000000000000100010000000100001
0010000000000000000000000000000000000000000000000000000000000000000100000000000000000000000000000001000100000000000000000000000000000000000000100010000000100001
0010000000000000000000000000000000000000000000000000000000000000000100000000000000000000000000000001000100000000000000000000000000000000000000100010000000100001
0010000000000000000000000000000000000000000000000000000000000000000100000000000000000000000000000001000100000000000000000000000000000000000000100010000000100001
0010000000000000000000000000000000000000000000000000000000000000000100000000000000000000000000000001000100000000000000000000000000000000000000100010000000100001
0010000000000000000000000000000000000000000000000000000000000000000100000000000000000000000000000001000100000000000000000000000000000000000000100010000000100001
0010000000000000000000000000000000000000000000000000000000000000000100000000000000000000000000000001000100000000000000000000000000000000000000100010000000100001
0010000000000000000000000000000000000000000000000000000000000000000100000000000000000000000000000001000100000000000000000000000000000000000000100010000000100001
0010000000000000000000000000000000000000000000000000000000000000000100000000000000000000000000000001000100000000000000000000000000000000000000100010000000100001
0010000000000000000000000000000000000000000000000000000000000000000100000000000000000000101010001001000100000000000000000000000000000000000000100010000000100001
0010000000000000000000000000000000000000000000000000000000000000000100000000000000000000001000000001000100000000000000000000000000000000000000100010000000100001
0010000000000000000000000000000000000000000000000000000000000000000100000000000000000000001000000001000100000000000000000000000000000000000001100010000000100001
0010000000000000000000000000000000000000000000000000000000000000000100000000000000000000001000000001010100000000000000000000000000000000000000000110000000100001
0010000000000000000000000000000000000000000000000000000000000000000100000000000000000000001000000001000000000000000000000000000000000000000000000000000000100001
0010000000000000000000000000000000000000000000000000000000000000010100000000000000000000001000000001000000000000000000000000000000000000000000000000000001100001
0010000000000000000000000000000000000000000000000000000000000000000000000000000000000000011001000101000000000000000000000000000000000000000000000000000000000001
0010000000000000000000000000000000000000000000000000000000000000000000000000000000000000000000000000000000000000000000000000000000000000000000000000000000000001
0010000000000000000000000000000000000000000000000000000000000000000000000000000000000000000000000000000000000000000000000000000000000000000000000000000000000001
0010000000000000000000000000000000000000000000000000000000000000000000000000000000000000000000000000000000000000000000000000000000000000000000000000000000000001
0010000000000000000000000000000000000000000000000000000000000000000000000000000000000000000000000000000000000000000000000000000000000000000000000000000000000001
0010000000000000000000000000000000000000000000000000000000000000000000000000000000000000000000000000000000000000000000000000000000000000000000000000000000000001
0010000000000000000000000000000000000000000000000000000000000000000000000000000000000000000000000000000000000000000000000000000000000000000000000000000000000001
0010000000000000000000000000000000000000000000000000000000000000000000000000000000000000000000000000000000000000000000000000000000000000000000000000000000000001
0110010001000100010001000100010001000100010001000100010001000100010001000100010001000100010001000100010001000100010001000100010001000100010001000100010001000101
