10101000100010001000100010001000100010001000100010001000100010001000100010001000100010001000100010001000100010001000100010001000100010001001
00100000000000000000000000010000000000000000001000000000000000000000000000000000000000000000000000000000000000000000000000000000000000000001
00100000000000000000000000010000000000000000001000000000000000000000000000000000000000000000000000000000000000000000000000000000000000000001
00100000000000000000000000010000000000000000001000000000000000000000000000000000000000000000000000000000000000000000000000000000000000000001
00100000000000000000000000010000000000001001001000000000000000000000000000000000000000000000101000000000000000000000000000000000000000000001
00100000000000000000000000010000000000000001001000000000000000000000000000000000000000000000001000000000000000000000000000000000000000000001
00100000000000000000000000010000000000000001001000000000000000000000000000000000000000000000001000000000000000000000000000000000000000000001
00100000000000000000000000010000000000000001001000000000000000000000000000000000000000000000001000000000000000000000000000000000000000000001
00100000000000000000000000010000000000000001001000000000000000000000000000000000000000000000001000000000000000000000000000000000000000000001
00100000000000000000000000010000000000000001001000000000000000000000000000000000000000000000001000000000000000000000000000000000000000000001
00100000000000000000000000010000000000000001001000000000000000000000000000000000000000000000001000000000000000000000000000000000000000000001
00100000000000000000000000010000000000000001101010001000100010001000100100000000000000000000001000000000000000000000000000000000000000000001
00100000000000000000000000010000000000000001001000000000000000000000000100000000000000000000001000000000000000000000000000000000000000000001
00100000000000000000000001010000000000000001011001000100010001000100010100000000000000000000001000000000000000000000000000000000000000000001
00100000000000000000000000000000000000000001000000000000000000000000000000000000000000000000001000000000000000000000000000000000000000000001
00100000000000000000000000000000000000000001000000000000000000000000000000000000000000000000001000000000000000000000000000000000000000000001
00100000000000000000000000000000000000000001000000000000000000000000000000000000000000000000001000000000000000000000000000000000000000000001
00100000000000000000000000000000000000000001000000000000000000000000000000000000000000000000001000000000000000000000000000000000000000000001
00100000000000000000000000000000000000000001000000000000000000000000000000000000000000000000001000000000000000000000000000000000000000000001
00100000000000000000000000000000000000000001000000000000000000000000000000000000000000000000001000000000000000000000000000000000000000000001
00100000000000000000000000000000000000000001000000000000000000000000000000000000000000000000001000000000000000000000000000000000000000000001
00100000000000000000000000000000000000000001000000000000000000000000000000000000000000000000001000000000000000000000000000000000000000000001
00100000000000000000000000000000000000000001000000000000000000000000000000000000000000000000001000000000000000000000000000000000000000000001
00100000000000000000000000000000000000000001000000000000000000000000000000000000000000000000001000000000000000000000000000000000000000000001
00100000000000000000000000000000000000000001000000000000000000000000000000000000000000000000001000000000000000000000000000000000000000000001
00100000000000000000000000000000000000000101000000000000000000000000000000000000000000000000011000000000000000000000000000000000000000000001
00100000000000000000000000000000000000000000000000000000000000000000000000000000000000000000000000000000000000000000000000000000000000000001
00101010100010010000000000000000000000000000000000000000000000000000000000000000000000000000000000000000000000000000000000000000000000000001
00100010000000010000000000000000000000000000000000000000000000000000000000000000000000000000000000000000000000000000000000000000000000000001
00100010000000010000000000000000000000000000000000000000000000000000000000000000000000000000000000000000000000000000000000000000000000000001
00100010000000010000000000000000000000000000000000000000000000000000000000000000000000000000000000000000000000000000000000000000000000000001
00100010000000010000000000000000000000000000000000000000000000000000000000000000000000000000000000000000000000000000000000000000000000000001
00100010000000010000000000000000000000000000000000000000000000000000000000000000000000000000000000000000000000000000000000000000000000000001
00100110010001010000000000000000000000000000000000000000000000000000000000000000000000000000000000000000000000000000000000000000000000000001
00100000000000000000000000000000000000000000000000000000000000000000000000000000000000000000000000000000000000000000000000000000000000000001
00100000000000000000000000000000000000000000000000000000000000000000000000000000000000000000000000000000000000000000000000000000000000000001
00100000000000000000000000000000000000000000000000000000000000000000000000000000000000000000000000000000000000000000000000000000000000000001
00100000000000000000000000000000000000000000000000000000000000000000000000000000000000000000000000000000000000000000000000000000000000000001
00100000000000000000000000000000000000000000000000000000000000000000000000000000000000000000000000000000000000000000000000000000000000000001
00100000000000000000000000000000000000000000000000000000000000000000000000000000000000000000000000000000000000000000000000000000000000000001
00100000000000000000000000000000000000000000000000000000000000000000000000000000000000000000000000000000000000000000000000000000000000000001
00100000000000000000000000000000000000000000000000000000000000000000000000000000000000000000000000000000000000000000000000000000000000000001
00100000000000000000000000000000000000000000000000000000000000000000000000000000000000000000000000000000000000000000000000000000000000000001
00100000000000000000000000000000000000000000000000000000000000000000000000000000000000000000000000000000000000000000000000000000000000000001
00100000000000000000000000000000000000000000000000000000000000000000000000000000000000000000000000000000000000000000000000000000000000000001
00100000000000000000000000000000000000000000000000000000000000000000000000000000000000000000000000000000000000000000000000000000000000000001
00100000000000000000000000000000000000000000000000000000000000000000000000000000000000000000000000000000000000000000000000000000000000000001
00100000000000000000000000000000000000000000000000000000000000000000000000000000000000000000000000000000000000000000000000000000000000000001
00100000000000000000000000000000000000000000000000000000000000000000000000000000000000000000000000000000000000000000000000000000000000000001
00100000000000000000000000000000000000000000000000000000000000000000000000000000000000000000000000000000000000000000000000000000000000000001
00100000000000000000000000000000000000000000000000000000000000000000000000000000000000000000000000000000000000000000000000000000000000000001
00100000000000000000000000000000000000000000000000000000000000000000000000000000000000000000000000000000000000000000000000000000000000000001
00100000000000000000000000000000000000000000000000000000000000000000000000000000000000000000000000000000000000000000000000000000000000000001
00100000000000000000000000000000000000000000000000000000000000000000000000000000000000000000000000000000000000000000000000000000000000000001
00100000000000000000000000000000000000000000000000000000000000000000000000000000000000000000000000000000000000000000000000000000000000000001
00100000000000000000000000000000000000000000000000000000000000000000000000000000000000000000000000000000000000000000000000000000000000000001
01100100010001000100010001000100010001000100010001000100010001000100010001000100010001000100010001000100010001000100010001000100010001000101
