10101000100010001000100010001000100010001000100010001000100010001000100010001000100010001000100010001000100010001000100010001000100010001001
00100000000000000000000000001001000000000000000010101000100110101000100100000000000000000000000000000000000000000000000010100000000000000001
00100000000000000000000000000001000000000000000000100000000100100000000100000000000000000000000000000000000000000000000000100000000000000001
00100000000000000000000000000001000000000000000000100000000100100000000100000000000000000000000000000000000000000000000000100000000000000001
00100000000000000000000000000001000000000000000000100000000100100000000100000000000000000000000000000000000000000000000000100000000000000001
00100000000000000000000000000001000000000000000000100000000100100000000100000000000000000000000000000000000000000000000000100000000000000001
00100000000000000000000000000001000000000000000000100000000100100000000100000000000000000000000000000000000000000000000000100000000000000001
00100000000000000000000000000001000000000000000001100100010101100100010100000000000000000000000000000000000000000000000000100000000000000001
00100000000000000000000000000001000000000000000000000000000000000000000000000000000000000000000000000000000000000000000000100000000000000001
00100000000000000000000000000001000000000000000000000000000000000000000000000000000000000000000000000000000000000000000000100000000000000001
00100000000000000000000000000001000000000000000000000000000000000000000000000000000000000000000000000000000000000000000000100000000000000001
00100000000000000000000000000001000001100100010001000100010001000100010001000100010001000100010001000100010001000100010001000100010001010001
00100000000000000000000000000001000000000000000000000000000000000000000010011010000000000000000000000000000000000000000000100000000000000001
00100000000000001010100010010001000000000000000000000000000000000000000000010010000000000000000000000000000000000000000000100000000000000001
00100000000000000010000000010001000000000000000000000000000000000000000000010010000000000000000000000000000000000000000000100000000000000001
00100000000000000010000000010001000000000000000000000000000000000000000000010010000000000000000000000000000000000000000000100000000000000001
00100000000000000010000000010001000000000000000000000000000000000000000000010010000000000000000000000000000000000000000000100000000000000001
00100000000000000010000000010001000000000000000000000000000000000000000000010010000000000000000000000000000000000000000000100000000000000001
00100000000000000010000000010001000000000000000000000000000000000000000000010010000000000000000000000000000000000000000000100000000000000001
00100000000000000110010001010001000000000000000000000000000000000000000000010010000000000000000000000000000000000000000000100000000000000001
00100000000000000000000000000001000000000000000000000000000000000000000000010010000000000000000000000000000000000000000000100000000000000001
00100000000000000000000000000001000000000000000000000000000000000000000001010110000000000000000000000000000000000000000000100000000000000001
00100000000000000000000000000001000000000000000000000000000000000000000000000000000000000000000000000000000000000000000000100000000000000001
00100000000000000000000000000001000000000000000000000000000000000000000000000000000000000000000000000000000000000000000000100000000000000001
00100000000000000000000000000001000000000000000000000000000000000000000000000000000000000000000000000000000000000000000000100000000000000001
00100000000000000000000000000001000000000000000000000000000000000000000000000000000000000000000000000000000000000000000000100000000000000001
00100000000000000000000000000001000000000000000000000000000000000000000000000000000000000000000000000000000000000000000000100000000000000001
00100000000000000000000000000001000010101000100010001000100010001000100010001000100010001000100010000110010001000100010001000100010001010001
00100000000000000000000000000001000000000000000000000000000000000000000000000000000000000000000000000000000000000000000000100000000000000001
00100000000000000000000000000001000000000000000000000000000000000000000000000000000000000000000000000000000000000000000000100000000000000001
00100000000000000000000000000001000000000000000000000000000000000000000000000000000000000000000000000000000000000000000000100000000000000001
00100000000000000000000000000001000000000000000000000000000000000000000000000000000000000000000000000000000000000000000000100000000000000001
00100000000000000000000000000101000000000000000000000000000000000000000000000000000000000000000000000000000000000000000001100000000000000001
00100000000000000000000000000000000000000000000000000000000000000000000000000000000000000000000000000000000000000000000000000000000000000001
00100000000000000000000000000000000000000000000000000000000000000000000000000000000000000000000000000000000000000000000000000000000000000001
00100000000000000000000000000000000000000000000000000000000000000000000000000000000000000000000000000000000000000000000000000000000000000001
00100000000000000000000000000000000000000000000000000000000000000000000000000000000000000000000000000000000000000000000000000000000000000001
00100000000000000000000000000000000000000000000000000000000000000000000000000000000000000000000000000000000000000000000000000000000000000001
00100000000000000000000000000000000000000000000000000000000000000000000000000000000000000000000000000000000000000000000000000000000000000001
00100000000000000000000000000000000000000000000000000000000000000000000000000000000000000000000000000000000000000000000000000000000000000001
00100000000000000000000000000000000000000000000000000000000000000000000000000000000000000000000000001010100010010000000000000000000000000001
00100000000000000000000000000000000000000000000000000000000000000000000000000000000000000000000000000010000000010000000000000000000000000001
00100000000000000000000000000000000000000000000000000000000000000000000000000000000000000000000000000010000000010000000000000000000000000001
00100000000000000000000000000000000000000000000000000000000000000000000000000000000000000000000000000010000000010000000000000000000000000001
00100000000000000000000000000000000000000000000000000000000000000000000000000000000000000000000000000010000000010000000000000000000000000001
00100000000000000000000000000000000000000000000000000000000000000000000000000000000000000000000000000010000000010000000000000000000000000001
00100000000000000000000000000000000000000000000000000000000000000000000000000000000000000000000000000110010001010000000000000000000000000001
00100000000000000000000000000000000000000000000000000000000000000000000000000000000000000000000000000000000000000000000000000000000000000001
00100000000000000000000000000000000000000000000000000000000000000000000000000000000000000000000000000000000000000000000000000000000000000001
00100000000000000000000000000000000000000000000000000000000000000000000000000000000000000000000000000000000000000000000000000000000000000001
00100000000000000000000000000000000000000000000000000000000000000000000000000000000000000000000000000000000000000000000000000000000000000001
00100000000000000000000000000000000000000000000000000000000000000000000000000000000000000000000000000000000000000000000000000000000000000001
00100000000000000000000000000000000000000000000000000000000000000000000000000000000000000000000000000000000000000000000000000000000000000001
00100000000000000000000000000000000000000000000000000000000000000000000000000000000000000000000000000000000000000000000000000000000000000001
00100000000000000000000000000000000000000000000000000000000000000000000000000000000000000000000000000000000000000000000000000000000000000001
00100000000000000000000000000000000000000000000000000000000000000000000000000000000000000000000000000000000000000000000000000000000000000001
01100100010001000100010001000100010001000100010001000100010001000100010001000100010001000100010001000100010001000100010001000100010001000101
