1010100010001000100010001000100010001000100010001000100010001000100010001000100010001000100010001000100010001000100010001000100010001000100010001000100010001000100010001000100010001000100010001000100010001001
0010000000000000000000000000000000000000000000000000000000000000000000000000000000000000000000000000000000000000000000000000000000000000000000000000000000000000000000000000000000000000000000000000000000000001
0010000000000000000000000000000000000000000000000000000000000000000000000000000000000000000000000000000000000000000000000000000000000000000000000000000000000000000000000000101010001001000000000000000000000001
0010000000000000000000000000000000000000000000000000000000000000000000000000000000000000000000000000000000000000000000000000000000000000000000000000000000000000000000000000001000000001000000000000000000000001
0010000000000000000000000000000000000000000000000000000000000000000000000000000000000000000000000000000000000000000000000000000000000000000000000000000000000000000000000000001000000001000000000000000000000001
0010000000000000000000000000000000000000000000000000000000000000000000000000000000000000000000000000000000000000000000000000000000000000000000000000000000000000000000000000001000000001000000000000000000000001
0010000000000000000000000000000000000000000000001001000010100000000000000000000000000000000000000000000000001010100010010000000000000000000000000000000000000000000000000000001000000001000000000000000000000001
0010000000000000000000000000000000000000000000000001000000100000000000000000000000000000000000000000000000000010000000010000000000000000000000000000000000000000101010001001001000000001000000000000000000000001
0010000000000000000000000000000000000000000000000001000000100000000000000000000000000000000000000000000000000010000000010000000000000000000000000000000010101000100100000001011001000101000000000000000000000001
0010000000000000000000000000000000000000000000000001000000100000000000000000000000000000000000000000000000000010000000010000000000000000000000000000000000100000000100000001000000000000000000000000000000000001
0010000000000000000000000000000000000000000000000001000000100000000000000000000000000000000000000000000000000010000000010000000000000000000000000000000000100000000100000001000000000000000000000000000000000001
0010000000000000000000000000000000000000000000000001000000100000000000000000000000000000000000000000000000000010000000010000000000000000000000000000000000100000000100000001000000000000000000000000000000000001
0010000000000000000000000000000000000000000000000001000000100000000000000000000000000000000000000000000000000110010001010000000000000000000000000000000000100000000100000001000000000000000000000000000000000001
0010000000000000000000000000000000000000000000000001000000100000000000000000000000000000000000000000000000000000000000000000000000000000000000000000000000100000000101000101000000000000000000000000000000000001
0010000000000000000000000000000000000000000000000001000000100000000000000000000000000000000000000000000000000000000000000000000000000000000000000000000001100100010100000000000000000000000000000000000000000001
0010000000000000000000000000000000000000000000000001000000100000000000000000000000001001000000000000000000000000000000000000101000000000000000000000000000000000000000000000000000000000000000000000000000000001
0010000000000000000000000000000000000000000000000101000001100000000000000000000000000001100100000000000000000000000010100000001000000000000000000000000000000000000000000000000000000000000000000000000000000001
0010000000000000000000000000000000000000000000000000000000000000000000000000000000000001000100000000000000000000000000100000001000000000000000000000000000000000000000000000000000000000000000000000000000000001
0010000000000000000000000000000000000000000000000000000000000000000000000000000000000001000100000000000000000000000000100000001000000000000000000000000000000000000000000000000000000000000000000000000000000001
0010000000000000000000000000000000000000000000000000000000000000000000000000000000000001000100000000000000000000000000100000001000000000000000000000000000000000000000000000000000000000000000000000000000000001
0010000000000000000000000000000000000000000000000000000000000000000000000000000000000001000100000000000000000000000000100000001000000000000000000000000000000000000000000000000000000000000000000000000000000001
0010000000000000000000000000000000000000000000000000000000000000000000000000000000000001000100000000000000000000000000100000001000000000000000000000000000000000000000000000000000000000000000000000000000000001
0010000000000000000000000000000000000000000000000000000000000000000000000000000000000001000100000000000000000000000000100000001000000000000000000000000000000000000000000000000000000000000000000000000000000001
0010000000000000000000000000000000000000000000000000000000000000000000000000000000000001000100000000000000000000000000100000001000000000000000000000000000000000000000000000000000000000000000000000000000000001
0010000000000000000000000000000000000000000000000000000000000000000000000000000000000001000100000000000000000000000000100000001000000000000000000000000000000000000000000000000000000000000000000000000000000001
0010000000000000000000000000000000000000000000000000000000000000000000000000000000000001000100000000000000000000000000100000001000000000000000000000000000000000000000000000000000000000000000000000000000000001
0010000000000000000000000000000000000000000000000000000000000000000000000000000000000001000100000000000000000000000000100000001000000000000010101000100100000000000000000000000000000000000000000000000000000001
0010000000000000000000000000101010001001000000000000000000000000000000000000000000000001000100000000000000000000000000100000001000000000000000100000000100000000000000000000000000000000000000000000000000000001
0010000000000000000000000000001000000001000000000000000000000000000000000000000000000001000100000000000000000000000000100000001000000000000000100000000100000000000000000000000000000000000000000000000000000001
0010000000000000000000000000001000000001000000000000000000000000000000000000000000000001000100000000000000000000000000100000001000000000000000100000000100000000000000000000000000000000000000000000000000000001
0010101010001001000000000000001000000001000000000000000000000000000000000000000000001010100010010000000000000000000000100000001000000000000000100000000100000000000000000000000000000000000000000000000000000001
0010001000000001000000000000001000000001000000000000000000000000000000000000000000000010010100010000000000000000000001100000001000000000000000100000000100000000000000000000000000000000000000000000000000000001
0010001000000001000000000000001000000001000000000000000000000000000000000000000000000010000000010000000000000000000000000000001000000000000001100100010100000000000000000000000000000000000000000000000000000001
0010001000000001000000000000011001000101000000000000000000000000000000000000000000000010000000010000000000000000000000000000011000000000000000000000000000000000000000000000000000000000000000000000000000000001
0010001000000001000000000000000000000000000000000000000000000000000000000000000000000010000000010000000000000000000000000000000000000000000000000000000000000000000000000000000000000000000000000000000000000001
0010001000000001000000000000000000000000000000000000000000000000000000000000000000000010000000010000000000000000000000000000000000000000000000000000000000000000000000000000000000000000000000000000000000000001
0010011001000101000000000000000000000000000000000000000000000000000000000000000000000110010001010000000000000000000000000000000000000000000000000000000000000000000000000000000000000000000000000000000000000001
0110010001000100010001000100010001000100010001000100010001000100010001000100010001000100010001000100010001000100010001000100010001000100010001000100010001000100010001000100010001000100010001000100010001000101
