101010001000100010001000100010001000100010001000100010001000100010001000100010001000100010001000100010001000100010001000100010001000100010001000100010001000100010001001
001000000000000000000000000000000000000000000000000000000000000000000000000000000000000000000000000000000000000000000000000000000000000000000000000000000000000000000001
001000001010100010010000000000000000000000000000000000000000000000000000000000000000000000000000000000000000000000000000000000000000000000000000000000000000000000000001
001000000010000000010000000000000000000000000000000000000000000000000000000000000000000010101000100100000000000000000000000000000000000000000000000000000000000000000001
001000000110010001000100010001000100010001000100010001000100010001000100010001000100010001000100010001000100010001000100010001000100010001000100010001000100010001010001
001000000010000000010000000000000000000000000000000000000000000000000000000000000000000000100000000100000000000000000000000000000000000000000000000000000000000000000001
001000000010000000010000000000000000000000000000100100000000101000000000000000000000000000100000000100000000000000000000000000000000000000000000000000000000000000000001
001000000010000000010000000000000000000000000000000100000000001000000000000000000000000000100000000100000000000000000000000000000000000000000000000000000000000000000001
001010001001010001010000000000000000101010001000100010001001001000000000000000000000101000100000000100000000000000000000000000000000000000000000000000000000101000000001
001000000001000000000000000000000000001000000000000100000001001000000000000000000000001001100100010100000000000000000000000000000000000000000000000000000000001000000001
001000000001000000000000000000000110010001000100010001000100010001010000000000000000001000000000000000000000000000000000000000000000000000000000000000000000001000000001
001000000001000000000000000000000000011001000100010001000001001000000000000000000000001000000000000000000000000000000000000000000000000000000000000000000000001000000001
001000000001000000000000000000000000000000000000000100000001001000000000000000000000001000000000000000000000000000000000000000000000000000000000000000000000001000000001
001000000001000000000000000000000000000000000000000100000001001000001010100010010000001000000000000000001010100010010000000000000000000000000000000000000000001000000001
001001000101000000000000000000000000000000000000000100000001001000000010000000010000001000000000000000000010000000010000000000000000000000000000000000000000001000000001
001000000000000000000000000000000000000000000000000100000001001000000010000000010000001000000000000000000010000000010000000000000000000000000000000000000000001000000001
001000000000000000000000000000000000000000000000000100000001001000000010000000010000001000000000000000000010000000010000000000000000000000000000000000000000001000000001
001000000000000000000000000000000000000000000000010100000001011000000010000000010000001000000000000000000010000000010000000000000000000000000000000000000000001000000001
001000000000000000000000000000000000000000000000000000000001000000000010000000010000001000000000000000000010000000010000000000000000000000000000000000000000001000000001
001000000000000000000000000000000000000000000000000000000001000000000110010001010000001000000000000000000110010001010000000000000000000000000000000000000000001000000001
001000000000000000000000000000000000000000000000000000000001000000000000000000000000001000000000000000000000000000000000000000000000000000000000000000000000001000000001
001000000000000000000000000000000000000000000000000000000001000000000000000000000000001000000000101010001001000000000000000000000000000000000000000000000000001000000001
001000000000000000000000000000000000000000000000000000000001000000000000000000001010100010010000001000000001000000000000000000000000000000000000000000000000001000000001
001000000000000000000000000000000000000000000000000000000001000000000000000000000010011000010000001000000001000000000000000000000000000000000000000000000000001000000001
001000000000000000000000000000000000000000000000000000000001000000000000000000000010000000010000001000000001000000000000000000000000000000000000000000000000001000000001
001000000000000000000000000000000000000000000000000000000001000000000000000000000010000000010000001000000001000000000000000000000000000000000000000000000000001000000001
001000000000000000000000000000000000000000000000000000000001000000000000000000000010000000010000001000000001000000000000000000000000000000000000000000000000001000000001
001000000000000000000000000000000000000000000000000000000001000000000000000000000010000000010000011001000101000000000000000000000000000000000000101010001001001000000001
001000000000000000000000000000000000000000000000000000000001000000000000000000000110010001010000000000000000000000000000000000000000000000000000001000000001001000000001
001000000000000000000000000000000000000000000000000000000001000000000000000000000000000000000000000000000000000000000000000000000000000000000000001000000001001000000001
001000000000000000000000000000000000000000000000000000000001000000000000000000000000000000000000000000000000000000000000000000000000000000000000001000000001001000000001
001000000000000000000000000000000000000000000000000000000001000000000000000000000000000000000000000000000000000000000000000000000000000000000000001000000001001000000001
001000000000000000000000000000000000000000000000000000000001000000000000000000000000000000000000000000000000000000000000000000000000000000000000001000000001001000000001
001000000000000000000000000000000000000000000000000000000001000000000000000000000000000000000000000000000000000000000000000000000000000000000000011001000101001000000001
001000001010100010001000100010001000100010001000100010001000100010001000100010001000100010001000100010001000100010001000100010001000100010001000100010001000100010010001
001000000000000000000000000000000000000000000000000000000001000000000000000000000000000000000000000000000000000000000000000000000000000000000000000000000000001000000001
001000000000000000000000000000000000000000000000000000000001000000000000000000000000000000000000000000000000000000000000000000000000000000000000000000000000001000000001
001000000000000000000000000000000000000000000000000000000001000000000000000000000000000000000000000000000000000000000000000000000000000000000000000000000000001000000001
001000000000000000000000000000000000000000000000000000000001000000000000000000000000000000000000000000000000000000000000000000000000000000000000000000000000001000000001
001000000000000000000000000000000000000000000000000000000001000000000000000000000000000000000000000000000000000000000000000000000000000000000000000000000000001000000001
001000000000000000000000000000000000000000000000000000000001000000000000000000000000000000000000000000000000000000000000000000000000000000000000000000000000001000000001
001000000000000000000000000000000000000000000000000000000101000000000000000000000000000000000000000000000000000000000000000000000000000000000000000000000000011000000001
001000000000000000000000000000000000000000000000000000000000000000000000000000000000000000000000000000000000000000000000000000000000000000000000000000000000000000000001
001000000000000000000000000000000000000000000000000000000000000000000000000000000000000000000000000000000000000000000000000000000000000000000000000000000000000000000001
001000000000000000000000000000000000000000000000000000000000000000000000000000000000000000000000000000000000000000000000000000000000000000000000000000000000000000000001
001000000000000000000000000000000000000000000000000000000000000000000000000000000000000000000000000000000000000000000000000000000000000000000000000000000000000000000001
011001000100010001000100010001000100010001000100010001000100010001000100010001000100010001000100010001000100010001000100010001000100010001000100010001000100010001000101
