101010001000100010001000100010001000100010001000100010001000100010001000100010001000100010001000100010001000100010001000100010001000100010001000100010001001
001000000000000000000000000000000000000000000000000000000000000000000000000000000000000000000000000000000000000000000000000000000000000000000000000000000001
001000000000000000000000000000000000000000000000000000000000000000000000000000000000000000000000000000000000000000000000000000000000000000000000000000000001
001000000000000000000000000000000000101010001001000000000000000000000000000000000000000000000000000000000000000000000000000000000000000000000000000000000001
001000000000000000000000000000000000001000000001000000000000000000000000000000000000000000000000000000000000000000000000000000000000000000000000000000000001
001000000000000000000000000000000000001000000001000000000000000000000000000010101000100100000000000000000000000000000000000000000000000000000000000000000001
001000000000000000000000000000000000001000000001000000000000000000000000000000100000000100000000000000000000000000000000000000000000000000000000000000000001
001000000000000000000000000000000000001000000001000000000000000000000000000000100000000100000000000000000000000000000000000000000000000000000000000000000001
001000000000000000000000000000000000001000000001000000000000000000000000000000100000000100000000000000000000000000000000000000000000000000000000000000000001
001000000000000000000000000000000000011001000101000000000000000000000000000000100000000100000000000000000000000000000000000000000000000000000000000000000001
001000000000000000000000000000000000000000000000000000000000000000000000000000100000000100000000000000000000000000000000000000000000000000000000000000000001
001000000000000000000000000000000000000000000000000000000000000000000000000001100100010100000000000000000000000000000000000000000000000000000000000000000001
001000000000000000000000000000000000000000000000000000000000000000000000000000000000000000000000000000000000000000000000000000000000000000000000000000000001
001000000000000000000000000000000000000000000000000000000000000000000000000000000000000000000000000000000000000000000000000000000000000000000000000000000001
001000000000000000000000000000000000000000000000000000000000000000000000000000000000000010101000100100000000000000000000000000000000000000000000000000000001
001000000000000000000000000000000000000000000000000000000000000000000000000000000000000000100000000100000000000000000000000000000000000000000000000000000001
001000000000000000000000000000000000000000000000000000000000000000000000000000000000000000100000000110101000100100000000000000000000000000000000000000000001
001000000000000000000000000000000000000000000000000000000000000000000000000000000000000000100000000100100000000100000000000000000000000000000000000000000001
001000000000000000000000000000000000000000000000000000000000000000000000000010101000100100100000000100100000000100000000000000000000000000000000000000000001
001000000000000000000000000000000000000000000000000000000000000000000000000000100000000100100000000100100000000100000000000000000000000000000000000000000001
001000000000000000000000000000000000000000000000000000000000000000000000000000100000000101100100010100100000000100000000000000000000000000000000000000000001
001000000000000000000000000000000000000000000000000000000000000000000000000000100000000100000000000000100000000100000000000000000000000000000000000000000001
001000000000000000000000000000000000000000000000000000000000000000000000000000100000000100000000000001100100010100000000000000000000000000000000000000000001
001000000000000000000000000000000000000000000000000000000000000000000000000000100000000100000000000010101000100010001001000000000000000000000000000000000001
001000000000000000000000000000000000000000000000000000000000000000000000000001100100010100000000000000100000000000000001000000000000000000000000000000000001
001000000000000000000000000000000000000000000000000000000000000000000000000000000000000000000000000000100000000000000001000000000000000000000000000000000001
001000000000000000000000000000000000000000000000000000000000000000000000000000000000000000000000000000100000000000000001000000000000000000000000000000000001
001000000000000000000000000000000000000000000000000000000000000000000000000000000000000000000000000001100100010001000101000000000000000000000000000000000001
001000000000000000000000000000000000000000000000000000000000000000000000000000000000000000000000000000000000000000000000000000000000000000000000000000000001
001000000000000000000000000000000000000000000000000000000000000000000000000000000000000000000000000000000000000000000000000000000000000000000000000000000001
001000000000000000000000000000000000000000000000000000000000000000000000000000000000000000000000000000000000000000000000000000000000000000000000000000000001
001000000000000000000000000000000000000000000000000000000000000000000000000000000000000000000000000000000000000000000000000000000000000000000000000000000001
001000000000000000000000000000000000000000001010100010010000000000000000000000000000000000000000000000000000000000000000000000000000000000000000000000000001
001000000000000000000000000000000000000000000010000000010000000000000000000000000000000000000000000000000000000000000000000000000000000000000000000000000001
001000000000000000000000000000000000000000000010000000010000000000000000000000000000000000000000000000000000000000000000000000000000000000000000000000000001
001000000000000000000000000000001010100010010010000000010000000000000000000000001010100010010000000000000000000000000000000000000000000000000000000000000001
001000000000000000000000000000000010000000010010000000010000000000000000000000000010000000010000000000000000000000000000000000000000000000000000000000000001
001000000000000000000000000000000010000000010010000000010000000000000000000000000010000000010000000000000000000000000000000000000000000000000000000000000001
001000000000000000000000000000000010000000010110010001011010100010010000000000000010000000010000000000000000000000000000000000000000000000000000000000000001
001000000000000000000000000000000010000000010000000000000010000000010000000000000010000000010000000000000000000000000000000000000000000000000000000000000001
001000000000000000000000000000000010000000010000000000000010000000010000000000000010000000010000000000000000000000000000000000000000000000000000000000000001
001000000000000000000000000000000110010001010000000000000010000000010000000000000110010001010000000000000000000000000000000000000000000000000000000000000001
001000000000000000000000000000000000000000000000000000000010000000010000000000000000000000000000000000000000000000000000000000000000000000000000000000000001
001000000000000000000000000000000000000000000000000000000010000000010000000000000000000000000000000000000000000000000000000000000000000000000000000000000001
001000000000000000000000000000000000000000000000000000000110010001010000000000000000000000000000000000000000000000000000000000000000000000000000000000000001
001000000000000000000000000000000000000000000000000000000000000000000000000000000000000000000000000000000000000000000000000000000000000000000000000000000001
001000000000000000000000000000000000000000000000000000000000000000000000000000000000000000000000000000000000000000000000000000000000000000000000000000000001
001000000000000000000000000000000000000000000000000000000000000000000000000000000000000000000000000000000000000000000000000000000000000000000000000000000001
001000000000000000000000000000000000000000000000000000000000000000000000000000000000000000000000000000000000000000000000000000000000000000000000000000000001
001000000000000000000000000000000000000000000000000000000000000000000000000000000000000000000000000000000000000000000000000000000000000000000000000000000001
011001000100010001000100010001000100010001000100010001000100010001000100010001000100010001000100010001000100010001000100010001000100010001000100010001000101
