10101000100010001000100010001000100010001000100010001000100010001000100010001000100010001000100010001000100010001000100010001000100010001000100010001000100010001000100010001001
00100000000000000000000000010000000000000000000000000000000000000000000000000000000000000000000000000000000010101000100100100000000000000000000000000000000000000000000000000001
00100000000000000000000000010000000000000000000000000000000000000000000000000000000000000000000000000000000000100000000100100000000000000000000000000000000000000000000000000001
00100000000000000000000000010000000000000000000000000000000000000000000000000000000000000000000000000000000000100000000100100000000000000000000000000000000000000000000000000001
00100000000000000000000000010000000000000000000000000000000000000000000000000000000000000000000000000000000000100000000100100000000000000000000000000000000000000000000000000001
00100000000000000000000000010000000000000000000000000000000000000000000000000000000000000000000000000000000000100000000100100000000000000000000000000000000000000000000000000001
00100000000000000000000000010000000000000000000000000000000000000000000000000000000000000000000000000000000000100000000100100000000000000000000000000000000000000000000000000001
00100000000000000000000000010000000000000000000000000000000000000000000000000000000000000000000000000000000001100100010100100000000000000000000000000000000000000000000000000001
00100000000000000000000000010000000000000000000000000000100100000000000000000000000000000000101000000000000000000000000000100000000000000000000000000000000000000000000000000001
00100000000000000000000000010000000000000000000000000000000110010000000000000000000000000000001000000000000000000000000000100000000000000000000000000000101000000000000000000001
00100000000000000000000000010000000000000000000000000000000100010000000000000000000000000000001000000000000000000000000000100000000000000000000000000000001000000000000000000001
00100000000000000000000000010000000000000000000000000000000100010000000000000000000000000000001000000000000000000000000000100000000000000000000000000000001000000000000000000001
00100000000000000000000000010000000000000000000000000000000110101000100100000000000000000000001000000000000000000000000000100000000000000000000000000000001000000000000000000001
00100000000000000000000000010000000000000000000000000000000100100000000100000000000000000000001000000000000000000000000000100000000000000000000000000000001000000000000000000001
00100000000000000000000000010000000000000000000000000000000100100000000100000000000000000000001000000000000000000000000000100000000000000000000000000000001000000000000000000001
00100000000000000000000000010000000000000000000000000000000100100000000100000000000000000000001000000000000000000000000000100000000000000000000000000000001000000000000000000001
00100000000000000000000000010000000000000000000000000000000100100000000100000000000000000000001000000000000000000000000000100000000000000000000000000000001000000000000000000001
00100000000000000000000000010000000000000000000000000000000100100000000100000000000000000000001000000000000000000000000000100000000000000000000000000000001000000000000000000001
00100000000000000000000000010000000000000000000000000000000101100110010001000100010001000100010001010000000000000000000000100000000000000000000000000000001000000000000000000001
00100000000000000000000000010000000000000000000000000000000100010000000000000000000000000000001000000000000000000000000000100000000000000000000000000000001000000000000000000001
00100000000000000000000000010000000000000000000000000000000100010000000001100100010001000100010001000100010001010000000000100000000000000000000000000000001000000000000000000001
00100000000000000000000000010000000000000000000000000000000100010000000010101000100010001000100010001000100010010000000000100000000000000000000000000000001000000000000000000001
00100000000000000000000000010000000000000000000000000000000100010000000000000000000000000000001000000000000000000000000000100000000000000000000000000000001000000000000000000001
00100000000000000000000000010000000000000000000000000000000100010000000000000000000000000000001000000000000000000000000000100000000000000000000000000000001000000000000000000001
00100000000000000000000000010000000000000000000000000000000100010000000000000000000000000000001000000000000000000000000000100000000000000000000000000000001000000000000000000001
00100000000000000000000000010000000000000000000000000000010100010000000000000000000000000000011000000000000000000000000000100000000000000000000000000000001000000000000000000001
00100000000000000000000000010000000000000000000000000000000000010000000000000000000000000000000000000000000000000000000000100000000000000000000000000000001000000000000000000001
00100000000000000000000000010000000000000000000000000000000000010000000000000000000000000000000000000000000000000000000000100000000000000000000000000000001000000000000000000001
00100000000000000000000000010000000000000000000000000000000000010000000000000000000000000000000000000000000000000000000000100000000000000000000000000000001000000000000000000001
00100000000000000000000000010000000000000000000000000000000000010000000000000000000000000000000000000000000000000000000000100000000000000000000000000000001000000000000000000001
00100000000000000000000000010000000000000000000000000000000000010000000000000000000000000000000000000000000000000000000000100000000000000000000000000000001000000000000000000001
00100000000000000000000000010000000000000000000000000000000000010000000000000000000000000000000000000000000000000000000000100000000000000000000000000000001000000000000000000001
00100000000000000000000001010000000000000000000000000000000000010000000000000000000000000000000000000000000000000000000001100000000000000000000000000000001000000000000000000001
00100000000000000000000000000000000000000000000000000000000000010000000000000000000000000000000000000000000000000000000000000000000000000000000000000000001000000000000000000001
00100000000000000000000000000000000000000000000000000000000000010000000000000000000000000000000000000000000000000000000000000000000000000000000000000000001000000000000000000001
00100000000000000000000000000000000000000000000000000000000000010000000000000000000000000000000000000000000000000000000000000000000000000000000000000000001000000000000000000001
00100000000000000000000000000000000000000000000000000000000000010000000000000000000000000000000000000000000000000000000000000000000000000000000000000000001000000000000000000001
00100000000000000000000000000000000000000000000000000000000000010000000000000000000000000000000000000000000000000000000000000000000000000000000000000000001000000000000000000001
00100000000000000000000000000000000000000000000000000000000000010000000000000000000000000000000000000000000000000000000000000000000000000000000000000000001000000000000000000001
00100000000000000000000000000000000000000000000000000000000000010000000000000000000000000000000000000000000000000000000000000000000000000000000000000000001000000000000000000001
00100000000000000000000000000000000000000000000000000000000001010000000000000000000000000000000000000000000000000000000000000000000000000000000000000000011000000000000000000001
00100000000000000000000000000000000000000000000000000000000000000000000000000000000000000000000000000000000000000000000000000000000000000000000000000000000000000000000000000001
00100000000000000000000000000000000000000000000000000000000000000000000000000000000000000000000000000000000000000000000000000000000000000000000000000000000000000000000000000001
00100000000000000000000000000000000000000000000000000000000000000000000000000000000000000000000000000000000000000000000000000000000000000000000000000000000000000000000000000001
01100100010001000100010001000100010001000100010001000100010001000100010001000100010001000100010001000100010001000100010001000100010001000100010001000100010001000100010001000101
