10101000100010001000100010001000100010001000100010001000100010001000100010001000100010001000100010001000100010001000100010001000100010001000100010001000100010001000100010001001
00100000000000000000000000000000000000000000000000000000000000000000000000000000000000000000000000000000000000000000000000000000000000000000000000000000000000000000000000000001
00100000000000000000000000000000000000000000000000000000000000000000000000000000000000000000000000000000000000000000000000000000000000000000000000000000000000000000000000000001
00100000000000000000000000000000000000000000000000000000000000000000000000000000000000000000000000000000000000000000000000000000000000000000000000000000000000000000000000000001
00100000000000000000000000000000000000000000000000000000000000000000000000000000000000000000000000000000000000000000000000000000000000000000000000000000000000000000000000000001
00100000000000000000000000000000000000000000100100000000101000000000000000000000000000000000000000000000000000000000000000000000000000000000000000000000000000000000000000000001
00100000000000000000000000000000000000000000000100000000001000000000000000000000000000000000000000000000000000000000000000000000000000000000000000000000000000000000000000000001
00100000000000000000000000000000000000000000000100001001001000000000000010100000000000000000000000000000000000000000000000000000000000000000000000000000000000000000000000000001
00100000000000000000000001100100010001000100010001000100010001010000000000100000000000000000000000000000000000000000000000000000000000000000000000000000000000000000000000000001
00100000000000000000000010101000100010001000100010001000100010010000000000100000000000000000000000000000000000000000000000000000000000000000000000000000000000000000000000000001
00100000000000000000000000000000000000000000000100000001001000000000000000100000000000000000000000000000000000000000000000000000000000000000000000000000000000000000000000000001
00100000000000000000000000000000000000000000000100000001001000000000000000100000000000000000000000000000000000000000000000000000000000000000000000000000000000000000000000000001
00100000000000000000000000000000000000000000000100000001001000000000000010010000000000000000000000000000000000000000000000000000000010100000000000000000000000000000000000000001
00100000000000000000000000000000000000000000000100000001001000000000000000010000000000000000000000000000000000000000000000000000000000100000000000000000000000000000000000000001
00100000000000000000000000000000000000000000000100000001001000000000000000010000000000000000000000000000000000000000000000000000000000100000000000000000000000000000000000000001
00100000000000000000000000000000000000000000000100000001001000000000000000010000000000000000000000000000000000000000000000000000000000100000000000000000000000000000000000000001
00100000000000000000000000000000000000000000010100000001011000000000000000010000000010101001000000000000000000000000000000000000000000100000000000001010100010010000000000000001
00100000000000000000000000000000000000000000000000000001000001100100010001000100010001000100010001000100010001000100010001010000000000100000000000000010000000010000000000000001
00100000000000000000000000000000000000000000000000000001000000000000000000010000000000100001000000000000000000000000000000000000000000100000000000000010000000010000000000000001
00100000000000000000000000000000000000000000000000000001000000000000000000010000000000100001000000000000000000000000000000000000000000100000000000000010000000010000000000000001
00100000000000000000000000000000000000000000000000000101000000000000000000010000000000100001000000000000000000000000000000000000000000100000000000000010000000010000000000000001
00100000000000000000000000000000000000000000000000000000000000000000000000010000000000100001000000000000000000000000000000000000000000100000000000000010000000010000000000000001
00100000000000000000000000000000000000000000000000000000000000000000000000010000000000100001000000000000000000000000000000000000000000100000000000000110010001010000000000000001
00100000000000000000000000000000000000000000000000000000000000000000000000010000000001100101000000000000000000000000000000000000000000100000000000000000000000000000000000000001
00100000000000000000000000000000000000000000000000000000000010101000100010001000100010001000100010001000100010001000100010010000000000100000000000000000000000000000000000000001
00100000000000000000000000000000000000000000000000000000000000000000000000010000000000000000000000000000000000000000000000000000000000100000000000000000000000000000000000000001
00100000000000000000000000000000000000000000000000000000000000000000000000010000000000000000000000000000000000000000000000000000000000100000000000000000000000000000000000000001
00100000000000000000000000000000000000000000000000000000000000000000000000010000000000000000000000000000000000000000000000000000000000100000000000000000000000000000000000000001
00100000000000000000000000000000000000000000000000000000000000000000000000010000000000000000000000000000000000000000000000000000000000100000000000000000000000000000000000000001
00100000000000000000000000000000000000000000000000000000000000000000000000010000000000000000000000000000000000000000000000000000000000100000000000000000000000000000000000000001
00100000000000000000000000000000000000000000000000000000000000000000000000010000000000000000000000000000000000000000000000000000000000100000000000000000000000000000000000000001
00100000000000000000000000000000000000000000000000000000000000000000000000010000000000000000000000000000000000000000000000000000000000100000000000000000000000000000000000000001
00100000000000000000000000000000000000000000000000000000000000000000000000010000000000000000000000000000000000000000000000000000000000100000000000000000000000000000000000000001
00100000000000000000000000000000000000000000000000000000000000000000000000010000000000000000000000000000000000000000000000000000000000100000101010001000100010010000000000000001
00100000000000000000000000000000000000000000000000000000000000000000000000010000000000000000000000000000000000000000000000000000000000100000001000000000000000010000000000000001
00100000000000000000000010101000100100000000000000000000000000000000000001010000000010101000100100000000000000000000000000000000000001100000001000000000000000010000000000000001
00100000000000000000000000100000000100000000000000000000000000000000000000000000000000100000000100000000000000000000000000000000000000000000001000000000000010101000100010010001
00100000000000000000000000100000000100000000000000000000000000000000000000000000000000100000000100000000000000000000000000000000000000000000011001000100010000100000000000010001
00100000000000000000000000100000000100000000000000000000000000000000000000000000000000100000000100000000000000000000000000000000000000000000000000000000000000100000000000010001
00100000000000000000000000100000000100000000000000000000000000000000000000000000000000100000000100000000000000000000000000000000000000000000000000000000000000100000000000010001
00100000000000000000000000100000000100000000000000000000000000000000000000000000000000100000000100000000000000000000000000000000000000000000000000000000000000100000000000010001
00100000000000000000000001100100010100000000000000000000000000000000000000000000000001100100010100000000000000000000000000000000000000000000000000000000000001100100010001010001
00100000000000000000000000000000000000000000000000000000000000000000000000000000000000000000000000000000000000000000000000000000000000000000000000000000000000000000000000000001
00100000000000000000000000000000000000000000000000000000000000000000000000000000000000000000000000000000000000000000000000000000000000000000000000000000000000000000000000000001
01100100010001000100010001000100010001000100010001000100010001000100010001000100010001000100010001000100010001000100010001000100010001000100010001000100010001000100010001000101
