10101000100010001000100010001000100010001000100010001000100010001000100010001000100010001000100010001000100010001000100010001000100010001000100010001000100010001000100010001001
00100000000000000000000000000000000000000000000000000000000000000000000000000000000000000000000000000000000000000000000000000000000000000000000000000000000000000000000000000001
00100000000000000000000000000000000000000000000000000000000000000000000000000000000000000000000000000000000000000000000000000000000000000000000000000000000000000000000000000001
00100000000000000000000000000000000000000000000000000000000000000000000000000000000000000000000000000000000000000000000000000000000000000000000000000000000000000000000000000001
00100000000000000000000000000000000000000000000000000000000000000000000000000000000000000000000000000000000000000000000000000000000000000000000000000000000000000000000000000001
00100000000000000000000000000000000000000000000000000000000000000000000000000000000000000000000000000000000000000000000000000000000000000000000000000000000000000000000000000001
00100000000000000000000000000000000000000000000010010000000000000000000000000000000000000000000000000000000000000000000000000000000000001010000000000000000000000000000000000001
00100000000000000000000000000000000000000000000000010000000000000000000000000000000000000000000000000000000000000000000000000000000000000010000000000000000000000000000000000001
00100000000000000000000000000000000000000000000000010000000000000000000000000000000000000000000000000000000000000000000000000000000000000010000000000000000000000000000000000001
00100000000000000000000000000000000000000000000000010000000000000000000000000000000000000000000000000000000000000000000000000000000000000010000000000000000000000000000000000001
00100000000000000000000000000000000000000000000000010000000000000000000000000000000000000000000000000000000000000000000000000000000000000010000000000000000000000000000000000001
00100000000000000000000000000000000000000000000000010000000000000000000000000000000000000000000000000000000000000000000000000000000000000010000000000000000000000000000000000001
00100000000000000000000000000000000000000110010001000100010001000100010001000100010001000100010001000100010001000100010001000100010100000010000000000000000000000000000000000001
00100000000000000000000000000000000000000000000000010000000000000000000000000000000000000000000000000000000000000000000000000000000000000010000000000000000000000000000000000001
00100000000000000000000000000000000000000000000000010000000000000000000000000000000000000000000000000000000000000000000000000000000000000010000000000000000000000000000000000001
00100000000000000000000000000000000000000000000000010000000000000000000000000000000000000000000000000000000000000000000000000000000000000010000000000000000000000000000000000001
00100000000000000000000000000000000000000000000000010000000000000000000000000000000000000000000000000000000000000000000000000000000000000010000000000000000000000000000000000001
00100000000000000000000000000000000000000000000000010000000000000000000000000000000000000000000000000000000000000000000000000000000000000010000000000000000000000000000000000001
00100000000000000000000000000000000000000000000000010000000000000000000000000000000000000000000010010000000000000000000000000000000000000010000000000000000000000000101000000001
00100000000000000000000000000000000000000000000000010000000000000000000000000000000000000000000000010000000000000000000000000000000000000010000000000000000000000000001000000001
00100000000000000000000000000000000000000000000000010000000000000000000000000000000000000000000000010000000000000000000000000000000000000010000000000000000000000000001000000001
00100000000000000000000000000000000000000000000000010000000000000000000000000000000000000000000000010000000000000000000000000000000000000010000000000000000000000000001000000001
00100000000000000000000000000000000000000000000000010000000000000000000000000000000000000000000000010000000000000000000000000000000000000010000000000000000000000000001000000001
00100000000000000000000000000000000000000000000000010000000000000000000000000000000000000000000000010000000000000000000000000000000000000010000000000000000000000000001000000001
00100000000000000000000000000000000000000000000000010000000000000000000000000000000000000000000000010000000000000000000000000000000000000010000000000000000000000000001000000001
00100000000000000000000000000000000000000000000000010000000000000000000000000000000000000000000000010000000000000000000000000000000000000010000000000000000000000000001000000001
00100000000000000000000000000000000000001010100010001000100010001000100010001000100010001000100010001000100010001000100010001000100100000010000000000000000000000000001000000001
00100000000000000000000000000000000000000000000000010000000000000000000000000000000000000000000000010000000000000000000000000000000000000010000000000000000000000000001000000001
00100000000000000000000000000000000000000000000000010000000000000000000000000000000000000000000000010000000000000000000000000000000000000010000000000000000000000000001000000001
00100000000000000000000000000000000000000000000000010000000000000000000000000000000000000000000000010000000000000000000000000000000000000010000000000000000000000000001000000001
00100000000000000000000000000000000000000000000000010000000000000000000000000000000000000000000000010000000000000000000000000000000000000010000000000000000000000000001000000001
00100000000000000000000000000000000000000000000000010000000000000000000000000000000000000000000000010000000000000000000000000000000000000010000000000000000000000000001000000001
00100000000000000000000000000000000000000000000000010000000000000000000000000000000000000000000000010000000000000000000000000000000000000010000000000000000000000000001000000001
00100000000000000000000000000000000000000000000000010000000000000000000000000000000000000000000000010000000000000000000000000000000000000010000000000000000000000000001000000001
00100000000000000000000000000000000000000000000000010000000000000000000000000000000000000000000000010000000000000000000000000000000000000010000000000000000000000000001000000001
00100000000000000000000000000000000000000000000000010000000000000000000000000000000000000000000000010000000000000000000000000000000000000010000000000000000000000000001000000001
00100000000000000000000000000000000000000000000001010000000000000000000000000000000000000000000000010000000000000000000000000000000000000110000000000000000000000000001000000001
00100000000000000000000000000000000000000000000000000000000000000000000000000000000000000000000000010000000000000000000000000000000000000000000000000000000000000000001000000001
00100000000000000000000000000000000000000000000000000000000000000000000000000000000000000000000000010000000000000000000000000000000000000000000000000000000000000000001000000001
00100000000000000000000000000000000000000000000000000000000000000000000000000000000000000000000000010000000000000000000000000000000000000000000000000000000000000000001000000001
00100000000000000000000000000000000000000000000000000000000000000000000000000000000000000000000000010000000000000000000000000000000000000000000000000000000000000000001000000001
00100000000000000000000000000000000000000000000000000000000000000000000000000000000000000000000000010000000000000000000000000000000000000000000000000000000000000000001000000001
00100000000000000000000000000000000000000000000000000000000000000000000000000000000000000000000000010000000000000000000000000000000000000000000000000000000000000000001000000001
00100000000000000000000000000000000000000000000000000000000000000000000000000000000000000000000001010000000000000000000000000000000000000000000000000000000000000000011000000001
01100100010001000100010001000100010001000100010001000100010001000100010001000100010001000100010001000100010001000100010001000100010001000100010001000100010001000100010001000101
