1010100010001000100010001000100010001000100010001000100010001000100010001000100010001000100010001000100010001000100010001000100010001000100010001001
0010000000000000000000000000101010001001000000000000000000000000000000000000000000000000000000000000001000000001000000000000000000000000000000000001
0010000000000000000000000000001000000001000000000000000000000000000000000000000000000000000000000000001000000001000000000000000000000000000000000001
0010000000000000000000000000001000000001000000000000000000000000000000000000000000000000000000000000001000000001000000000000000000000000000000000001
0010000000000000000000000000101010001000100100000000000000000000000000000000000000000000000000000000001000000001000000000000000000000000000000000001
0010000000000000000000000000001000000001000100000000000000000000000000000000000000000000000000000000001000000001000000000000000000000000000000000001
0010000000000000000000000000001000000001000100000000000000000000000000000000000000000000000000000000011001000101000000000000000000000000000000000001
0010000000000000000000000000001001000101000100000000000000000000000000000000000000000000000000000000000000000000000000000000000000000000000000000001
0010000000000000000000000000001000000000000100000000000000000000000000000000000000000000000000000000000000000000000000000000000000000000000000000001
0010000000000000000000000000011001000100010100000000000000000000000000000000000000000000000000000000000000000000000000000000000000000000000000000001
0010000000000000000000000000000000000000000000000000000000000000000000000000000000000000000000000000000000000000000000000000000000000000000000000001
0010000000000000000000000000000000000000000000000000000000000000000000000000000000000000000000000000000000000000000000000000000000000000000000000001
0010000000000000000000000000000000000000000000000000000000000000000000000000000000000000000000000000000000000000000000000000000000000000000000000001
0010000000000000000000000000000000000000000000000000000000000000000000000000100100000000000000000000000000000000000000000000000010100000000000000001
0010000000000000000000000000000000000000000000000000101010001000100010001000100010010000101000000000000000000000000000000000000000100000000000000001
0010000000000000000000000000000000000000000000000000011001000100010001000100010000010000001000000000000000000000000000000000000000100000000000000001
0010000000000000000000000000000000000000000000000000000000000000000000000000000100010000001000000000000000000000000000000000000000100000000000000001
0010000000000000000000000000000000000000000000000000000000000000000000000000000100010000001000000000000000000000000000000000000000100000000000000001
0010000000000000000000000000000000000000000000000000000000000000000000000000000100010000001000000000000000000000000000000000000000100000000000000001
0010000000000000000000000000000000000000000000000000000000000000000000000000000100010000001000000000000000000000000000000000000000100000000000000001
0010000000000000000000000000000000000000000000000000000000000000000000000000000100010000001000000000000000000000000000000000000000100000000000000001
0010000000000000000000000000000000000000000000000000000000000000000000000000000100010000001000000000000000000000000000000000000000100000000000000001
0010000000000000000000000000000000000000000000000000000000000000000000000000000100010000001000000000000000000000000000000000000000100000000000000001
0010000000000000000000000000000000000000000000000000000000000000000000000000000100010000001000000000000000000000000000000000000000100000000000000001
0010000000000000000000000000000000000000000000000000000000000000000000000000000101010000011000000000000000000000000000000000000000100000000000000001
0010000000000000000000000000000000000000000000000000000000000000000000000000000100000000000000000000000000000000000000000000100100101010000000000001
0010000000000000000000000000000000000000000000000000000000000000000000000000000100000000000000000000000000000000000000000000000100100010000000000001
0010000000000000000000000000000000000000000000000000000000000000000000000000000100000000000000000000000000000000000000000000000100100010000000000001
0010000000000000000000000000000000000000000000000000000000000000000000000000000100000000000000000000000000000000000000000000000100100010000000000001
0010000000000000000000000000000000000000000000000000000000000000000000000000000100000000000000000000000000000000000000000000000100100010000000000001
0010000000000000000000000000000000000000000000000000000000000000000000000000000100000000000000000000000000000000000000000000000100100010000000000001
0010000000000000000000000000000000000000000000000000000000000000000000000000000100000000000000000000000000000000000000000000000100100010000000000001
0010000000000000000000000000000000000000000000000000000000000000000000000000000100000000000000000000000000000000000000000000000100100010000000000001
0010000000000000000000000000000000000000000000000000000000000000000000000000000100000000000000000000000000000000000000000000000100100010000000000001
0010000000000000000000000000000000000000000000000000000000000000000000000000010100000000000000000000000000000000000000000000000101100010000000000001
0010000000000000000000000000000000000000000000000000000000000000000000000000000000000000000000000000000000000000000000000000010100000110000000000001
0010000000000000000000000000000000000000000000000000000000000000000000000000000000000000000000000000000000000000000000000000000000000000000000000001
0010000000000000000000000000000000000000000000000000000000000000000000000000000000000000000000000000000000000000000000000000000000000000000000000001
0010000000000000000000000000000000000000000000000000000000000000000000000000000000000000000000000000000000000000000000000000000000000000000000000001
0010000000000000000000000000000000000000000000000000000000000000000000000000000000000000000000000000000000000000000000000000000000000000000000000001
0010000000000000000000000000000000000000000000000000000000000000000000000000000000000000000000000000000000000000000000000000000000000000000000000001
0010000000000000000000000000000000000000000000000000000000000000000000000000000000000000000000000000000000000000000000000000000000000000000000000001
0010000000000000000000000000000000000000000000000000000000000000000000000000000000000000000000000000000000000000000000000000000000000000000000000001
0010000000000000000000000000000000000000000000000000000000000000000000000000000000000000000000000000000000000000000000000000000000000000000000000001
0010000000000000000000000000000010101000100100000000000000000000000000000000000000000000000000000000000000000000000000000000000000000000000000000001
0010000000000000000000000000000000100000000100000000000000000000000000000000000000000000000000000000000000000000000000000000000000000000000000000001
0010000000000000000000000000000000100000000100000000000000000000000000000000000000000000000000000000000000000000000000000000000000000000000000000001
0010000000000000000000000000000000100000000100000000000000000000000000000000000000000000000000000000000000000000000000000000000000000000000000000001
0010000000000000000000000000000000100000000100000000000000000000000000000000000000000000000000000000000000000000000000000000000000000000000000000001
0010000000000000000000000000000000100000000100000000000000000000000000000000000000000000000000000000000000000000000000000000000000000000000000000001
0010000000000000000000000000000001100100010100000000000000000000000000000000000000000000000000000000000000000000000000000000000000000000000000000001
0010000000000000000000000000000000000000000000000000000000000000000000000000000000000000000000000000000000000000000000000000000000000000000000000001
0110010001000100010001000100010001000100010001000100010001000100010001000100010001000100010001000100010001000100010001000100010001000100010001000101
