10101000100010001000100010001000100010001000100010001000100010001000100010001000100010001000100010001000100010001000100010001000100010001000100010001000100010001000100010001000100010001001
00100000000000000000000000000000000000000000000000000000000000000000000000000000000000000000000000000000000000000000000000000000000000000000000000000000000000000000000000000000000000000001
00100000000000000000000000000000000000000000000000000000000000000000000000000000000000000000000000000000000000000000000010101000100100000000000000000000000000000000000000000000000000000001
00100000000000000000000000000000000010010000000000000000000000000000000000000000000000000000000000000000000000001010000000100000000100000000000000000000000000000000000000000000000000000001
00100000000000000000000000000000000000010000000000000000000000000000000000000000000000000000000000000000000000000010000000100000000100000000000000000000000000000000000000000000000000000001
00100000000000000000000000000000000000010000000000000000000000000000000000000000000000000000000000000000000000000010101010001001000100000000000000000000000000000000000000000000000000000001
00100000000000000110010001000100010001000100010001000100010001000100010001000100010001000100010001000100010001000100010001000100010001000100010001000100010001000100010001000100010100000001
00100000000000000000000000000000000000010000000000000000000000000000000000000000000000000000000000000000000000000010001000100001000100000000000000000000000000000000000000000000000000000001
00100000000000000000000000000000000000010000000000000000000000000000000000000000000000000000000000000000000000000010001001100001010100000000000000000000000000000000000000000000000000000001
00100000000010101000100100000000000000010000000000000000000000000000000000000000000000000000000000000000000000000010001000000001000000000000000000000000000000000000000000000000000000000001
00100000000000100000000100000000000000010000000000000000000000000000000000000000000000000000000000000000101010001001001000000001000000000000000000000000000000000000000000000000000000000001
00100000000000100000000100000000000000010000000000000000000000000000100100000000000010100000000000000000001000000001011001000101000000000000000000000000000000000000000000000000000000000001
00100000000000100000000100000000000000010000000000000000000000000000000100000000000000100000000000000000001000000001000000000000000000000000000000000000000000000000000000000000000000000001
00100000000000100000000100000000000000010000000000000000000000000000000110101000100100100000000000000000001000000001000000000000000000000000000000000000000000000000000000000000000000000001
00100000000000100000000100000000000000010000000000000000000000000000000100100000000100100000000000000000001000000001000000000000000000000000000000000000000000000000000000000000000000000001
00100000000001100100010100000000000000010000000000000000000000000000000100100000000100100000000000000000001000000001000000000000000000000000000000000000000000000000000000000000000000000001
00100000000000000000000000000000000000010000000000000000000000000000000100100000000100100000000000000000011001000101000000000000000000000000000000000000000000000000000000000000000000000001
00100000000000000000000000000000000000010000000000000000000000000000000100100000000110101000100100000000000000000010000000000000000000000000000000000000000000000000000000000000000000000001
00100000000000000000000000000000000000010000000000000000000000000000000100100000000100100000000100000000000000000010000000000000000000000000000000000000000000000000000000000000000000000001
00100000000000000000000000000000000000010000000000000000000000000000000101100100010100100000000100000000000000000010000000000000000000000000000000000000000000000000000000000000000000000001
00100000000000000000000000000000000000010000000000000000000000000000000100000000000000100000000100000000000000000010000000000000000000000000000000000000000000000000000000000000000000000001
00100000000000000000000000000000000000010000000000000000000000000000000100000000000000100000000100000000000000000010000000000000000000000000000000000000000000000000000000000000000000000001
00100000000000000000000000000000000000010000000000000000000000000000000100000000000000100000000100000000000000000010000000000000000000000000000000000000000000000000000000000000000000000001
00100000000000000000000000000000000000010000000000000000000000000000010100000000000001100100010100000000000000000010000000000000000000000000000000000000000000000000000000000000000000000001
00100000000000000000000000000000000000010000000000000000000000000000000000000000000000000000000000000000000000000010000000000000000000000000000000000000000000000000000000000000000000000001
00100000000000000000000000000000000000010000000000000000000000000000000000000000000000000000000000000000000000000010000000000000000000000000000000000000000000000000000000000000000000000001
00100000000000000000000000000000000000010000000000000000000000000000000000000000000000000000000000000000000000000010000000000000000000000000000000000000000000000000000000000000000000000001
00100000000000000000000000000000000000010000000000000000000000000000000000000000000000000000000000000000000000000010000000000000000000000000000000000000000000000000000000000000000000000001
00100000000000000000000000000000000000010000000000000000000000000000000000000000000000000000000000000000000000000010000000000000000000000000000000000000000000000000000000000000000000000001
00100000000000000000000000000000000000010000000000000000000000000000000000000000000000000000000000000000000000000010000000000000000000000000000000000000000000000000000000000000000000000001
00100000000000000000000000000000000001010000000000000000000010101000100100000000000000000000000000000000000000000110000000000000000000000000000000000000000000000000000000000000000000000001
00100000000000000000000000000000000000000000000000000000000000100000000100000000000000000000000000000000000000000000000000000000000000000000000000000000000000000000000000000000000000000001
00100000000000000000000000000000000000000000000000000000000000100000000100000000000000000000000000000000000000000000000000000000000000000000000000000000000000000000000000000000000000000001
00100000000000000000000000000000000000000000000000000000000000100000000100000000000000000000000000000000000000000000000000000000000000000000000000000000000000000000000000000000000000000001
00100000000000000000000000000000000000000000000000000000000000100000000100000000000000000000000000000000000000000000000000000000000000000000000000000000000000000000000000000000000000000001
00100000000000000000000000000000000000000000000000000000000000100000000100000000000000000000000000000000000000000000000000000000000000000000000000000000000000000000000000000000000000000001
00100000000000000000000000000000000000000000000000000000000001100100010100000000000000000000000000000000000000000000000000000000000000000000000000000000000000000000000000000000000000000001
00100000000000000000000000000000000000000000000000000000000000000000000000000000000000000000000000000000000000000000000000000000000000000000000000000000000000000000000000000000000000000001
00100000000000001010100010001000100010001000100010001000100010001000100010001000100010001000100010001000100010001000100010001000100010001000100010001000100010001000100010001000100100000001
00100000000000000000000000000000000000000000000000000000000000000000000000000000000000000000000000000000000000000000000000000000000000000000000000000000000000000000000000000000000000000001
00100000000000000000000000000000000000000000000000000000000000000000000000000000000000000000000000000000000000000000000000000000000000000000000000000000000000000000000000000000000000000001
01100100010001000100010001000100010001000100010001000100010001000100010001000100010001000100010001000100010001000100010001000100010001000100010001000100010001000100010001000100010001000101
