1010100010001000100010001000100010001000100010001000100010001000100010001000100010001000100010001000100010001000100010001000100010001000100010001000100010001000100010001000100010001001
0010000000000000000000000001100100000000000000000000000000000000000000000000000000000000000000100000000000001010000000000000001000000000000000000000000000000000000000000000000000000001
0010000000000000000000000001000100000000000010101000100100000000000000000000000000000000000000100000000000000010000000000000001000000000000000000000000000000000000000000000000000000001
0010000000000000000000000001000100000000000000100000000100000000000000000000000000000000000000100000000000000010000000000000001000000000000000000000000000000000000000000000000000000001
0010000000000000000000000001000100000000000000100000000100000000000000000000000000000000000000100000000000000010000000000000001000000000000000000000000000000000000000000000000000000001
0010000000000110010001000100010001000100010001000100010001000100010001000100010001000100010001000100010001000100010001000100010001000100010001000100010001000100010001000100010100000001
0010000000000000000000000001000100000000000000010000000100000000000000000000000000000000000000100000000100000010000000000000001000000000000000000000000000000000000000000000000000000001
0010000000000000000000000001000100000000000000010000000100000000000000000000000000000000000000100000000100000010000000000000001000000000000000000000000000000000000000000000000000000001
0010000000000000000000000001000100000000000000010100010100000000000000000000000000000000000000100000000100000010000000000000001000000000000000000000000000000000000000000000000000000001
0010000000000000000000000001000100000000000000010000000000000000000000000000000000000000000000100000000100000010000000000000001000000000000000000000000000000000000000000000000000000001
0010000000000000000000000001000100000000000000010000000000000000000000000000000000000000000000100000000100000010000000000000001000000000000000000000000000000000000000000000000000000001
0010000000000000000000000001000100000000000000010000000000000000000000000000000000000000000001100100010100000010000000000000001000000000000000000000000000000000000000000000000000000001
0010000000000000000000000001000100000000000000010000000000000000000000000000000000000000000000100000000000000010000000000000001000000000000000000000000000000000000000000000000000000001
0010000000000000000000000001000100000000000000010000000000000000000000000000000000000000000000100000000000000010000000000000001000000000000000000000000000000000000000000000000000000001
0010000000000000000000000001000100000000000000010000000000000000000000000000000000000000000000100000000000000010000000000000001000000000000000000000000000000000000000000000000000000001
0010000000000000000000000001000100000000000000010000000000000000000000000000000000000000000000100000000000000010000000000000001000000000000000000000000000000000000000000000000000000001
0010000000000000000000000001000100000000000000010000000000000000000000000000000000000000000000100000000000000010000000000000001000000000000000000000000000000000000000000000000000000001
0010000000000000000000000001101010001001000000010000000000000000000000000000000000000000000000100000000000000010000000000000001000000000000000000000000000000000000000000000000000000001
0010000000000000000000000001001000000001000000010000000000000000000000000000000000000000000000100000000000000010000000000000001000000000000000000000000000000000000000000000000000000001
0010000000000000000000000001001000000001000000010000000000000000000000000000000000000000000000100000000000000010000000000000001000000000000000000000000000000000000000000000000000000001
0010000000000000000000000001001000000001000000010000000000000000000000000000000000000000000000100000000000000010000000000000001000000000000000000000000000000000000000000000000000000001
0010000000000000000000000001001000000001000000010000000000000000000000000000000000000000000000100000000000000010000000000000001000000000000000000000000000000000000000000000000000000001
0010000000000000000000000001001000000001000000010000000000000000000000000000000000000000000000100000000000000010000000000000001000000000000000000000000000000000000000000000000000000001
0010000000000000000000000001011001000101000000010000000000000000000000000000000000000000000000100000000000000010000000000000001000000000000000000000000000000000000000000000000000000001
0010000000000000000000000001000100000000000000010000000000000000000000000000000000000000000000100000000000000010000000000000001000000000000000000000000000000000000000000000000000000001
0010000000000000000000000001000100000000000000010000000000000000000000000000000000000000000001100000000000000010000000000000001000000000000000000000000000000000000000000000000000000001
0010000000000000000000000001000100000000000000010000000000000000000000000000000000000000000000000000000000000010000000000000001000000000000000000000000000000000000000000000000000000001
0010000000000000000000000001000100000000000000010000000000000000000000000000000000000000000000000000000000000010000000000000001000000000000000000000000000000000000000000000000000000001
0010000000000000000000000001000100000000000000010000000000000000000000000000000000000000000000000000000000000010000000000000001000000000000000000000000000000000000000000000000000000001
0010000000000000000000000001010100000000000000010000000000000000000000000000000000000000000000000000000000000110010001000100010001000100010001000100010001000100010001000101000000000001
0010000000000000000000000001000000000000000000010000000000000000000000000000000000000000000000000000000000000000000000000000001000000000000000000000000000000000000000000000000000000001
0010000000000000000000000001000000000000000000010000000000000000000000000000000000000000000000000000000000000000000000000000001010101000100100000000000000000000000000000000000000000001
0010000000000000000000000001000000000000000000010000000000000000000000000000000000000000000000000000000000000000000000000000001000100000000100000000000000000000000000000000000000000001
0010000000000000000000000101000000000000000001010000000000000000000000000000000000000000000000000000000000000000000000000000011000100000000100000000000000000000000000000000000000000001
0010000000000000000000000000000000000000000000000000000000000000000000000000000000000000000000000000000000000000000000000000000000100000000100000000000000000000000000000000000000000001
0010000000000000000000000000000000000000000000000000000000000000000000000000000000000000000000000000000000000000000000000000000000100000000100000000000000000000000000000000000000000001
0010000000000000000000000000000000000000000000000000000000000000000000000000000000000000000000000000000000001010100010001000100010001000100010001000100010001000100010001001000000000001
0010000000001010100010001000100010001000100010001000100010001000100010001000100010001000100010001000100010001000100010001000100010001000100010001000100010001000100010001000100100000001
0010000000000000000000000000000000000000000000000000000000000000000000000000000000000000000000000000000000000000000000000000000000000000000000000000000000000000000000000000000000000001
0010000000000000000000000000000000000000000000000000000000000000000000000000000000000000000000000000000000000000000000000000000000000000000000000000000000000000000000000000000000000001
0010000000000000000000000000000000000000000000000000000000000000000000000000000000000000000000000000000000000000000000000000000000000000000000000000000000000000000000000000000000000001
0010000000000000000000000000000000000000000000000000000000000000000000000000000000000000000000000000000000000000000000000000000000000000000000000000000000000000000000000000000000000001
0110010001000100010001000100010001000100010001000100010001000100010001000100010001000100010001000100010001000100010001000100010001000100010001000100010001000100010001000100010001000101
