10101000100010001000100010001000100010001000100010001000100010001000100010001000100010001000100010001000100010001000100010001000100010001001
00100000000000000000000000000000000000000000000000000000000000000000000000000000000000000000000000000000000000000000000000000000000000000001
00100000000000000000000000000000000000000000000000000000000000000000000000000000000000000000000000000000000000000000000000000000000000000001
00100000000000000000000000000000000000000000000000000000000000000000000000000000000000000000000000000000000000000000000000000000000000000001
00100000000000000000000000000000000000000000000000000000000000000000000000000000000000000000000000000000000000000000000000000000000000000001
00100000000000000000000000000000000000000000000000000000000000000000000000000000000000000000000000000000000000000000000000000000000000000001
00100000000000000000000000000000000000000000000000000000000000000000000000000000000000000000000000000000000000000000000000000000000000000001
00100000000000000000000000000000000000000000000000000000000000000000000000000000000000000000000000000000000000000000000000000000000000000001
00100000000000000000000000000000000000000000000000000000000000000000000000000000000000000000000000000000000000000000000000000000000000000001
00100000000000000000000000000000000000000000000000000000000010010000000000001010000000000000000000000000000000000000000000000000000000000001
00100000000000000000000000000000000000000000000000000000000000010000000000000010000000000000000000000000000000000000000000000000000000000001
00100000000000000000000000000000000000000000000000000000000000010000000000000010000000000000000000000000000000000000000000000000000000000001
00100000000000000000000000000000000000000000000000000000000000010000000010010010000000000000000000000000000000000000000000000000101000000001
00100000000000000000000000000000000000000000000000000000000000010000000000010010000000000000000000000000000000000000000000000000001000000001
00100000000000000000000000000000000000000000000000000000000000010000000000010010000000000000000000000000000000000000000000000000001000000001
00100000000000000000000000000000000000000000000000000000000000010000000000010010000000000000000000000000000000000000000000000000001000000001
00100000000000000000000000000000000000000000000000000000000000010000000000010010000000000000000000000000000000000000000000000000001000000001
00100000000000000000000000000000000000000000000000000000000000010000000000010010000000000000000000000000000000000000000000000000001000000001
00100000000000000000000000000000000000000000000000000000000000010000000000010010000000000000000000000000000000000000000000000000001000000001
00100000000000000000000000000000000000000000000000000000000000010000000000010010000000000000000000000000000000000000000000000000001000000001
00100000000000000000000000000000000000000000000000000000000000010000000000010010000000000000000000000000100100000000101000000000001000000001
00100000000000000000000000000000000000000000000000000000000001010000000000010110000000000000000000000000000100000000001000000000001000000001
00100000000000000000000000000000000000000000000000000000000000000000000000010000000000000000000000000000000100000000001000000000001000000001
00100000000000000000000000000000000000000000000000000000000000000000000000010000000000000000000000000000000100000000001000000000001000000001
00100000000000000000000000000000000000000000000000000000000000000000000000010000000000000000000000000000000100000000001000000000001000000001
00100000000000000000000000000000000000000000000000001010100010010000000000010000000000000000000000000000000100000000001000000000001000000001
00100000000000000000000000000000000000000000000000000010000000010000000000010000000000000000000000000000000100000000001000000000001000000001
00100000000000000000000000000000000000000000000000000010000000010000000000010000000000000000000000000000000100000000001000000000001000000001
00100000000000000000000000000000000000000000000000000010000000010000000000010000000000000000000000000000000100000000001000000000001000000001
00100000000000000000000000000000000000000000000000000010000000010000101010001001000000000000000000000000000100000000001000000000001000000001
00100000000000000000000000000000000000000000000000000010000000010000001000010001000000000000000000000000000100000000001000000000001000000001
00100000000000000000000000000000000000000000000000000110010001010000001000010001000000000000000000000000010110101000100100000000001000000001
00100000000000000000000000000000000000000000000000000000000000000000001000010001000000000000000000000000000000100000000100000000001000000001
00100000000000000000000000000000000000000000000000000000000000000000001000010001000000000000000000000000000000100000000100000000001000000001
00100000000000000000000000000000000000000000000000000000000000000000001001010001000000000000000000000000000000100000000100000000011000000001
00100000000000000000000000000000000000000000000000000000000000000000011001000101000000000000000000000000000000100000000100000000000000000001
00100000000000000000000000000000000000000000000000000000000000000000000000000000000000000000000000000000000000100000000100000000000000000001
00100000000000000000000000000000000000000000000000000000000000000000000000000000000000000000000000000000000001100100010100000000000000000001
00100000000000000000000000000000000000000000000000000000000000000000000000000000000000000000000000000000000000000000000000000000000000000001
00100000000000000000000000000000000000000000000000000000000000000000000000000000000000000000000000000000000000000000000000000000000000000001
00100000000000000000000000000000000000000000000000000000000000000000000000000000000000000000000000000000000000000000000000000000000000000001
00100000000000000000000000000000000000000000000000000000000000000000000000000000000000000000000000000000000000000000000000000000000000000001
00100000000000000000000000000000000000000000000000000000000000000000000000000000000000000000000000000000000000000000000000000000000000000001
00100000000000000000000000000000000000000000000000000000000000000000000000000000000000000000000000000000000000000000000000000000000000000001
00100000000000000000000000000000000000000000000000000000000000000000000000000000000000000000000000000000000000000000000000000000000000000001
00100000000000000000000000000000000000000000000000000000000000000000000000000000000000000000000000000000000000000000000000000000000000000001
00100000000000000000000000000000000000000000000000000000000000000000000000000000000000000000000000000000000000000000000000000000000000000001
00100000000000000000000000000000000000000000000000000000000000000000000000000000000000000000000000000000000000000000000000000000000000000001
00100000000000000000000000000000000000000000000000000000000000000000000000000000000000000000000000000000000000000000000000000000000000000001
00100000000000000000000000000000000000000000000000000000000000000000000000000000000000000000000000000000000000000000000000000000000000000001
00100000000000000000000000000000000000000000000000000000000000000000000000000000000000000000000000000000000000000000000000000000000000000001
00100000000000000000000000000000000000000000000000000000000000000000000000000000000000000000000000000000000000000000000000000000000000000001
00100000000000000000000000000000000000000000000000000000000000000000000000000000000000000000000000000000000000000000000000000000000000000001
00100000000000000000000000000000000000000000000000000000000000000000000000000000000000000000000000000000000000000000000000000000000000000001
00100000000000000000000000000000000000000000000000000000000000000000000000000000000000000000000000000000000000000000000000000000000000000001
00100000000000000000000000000000000000000000000000000000000000000000000000000000000000000000000000000000000000000000000000000000000000000001
01100100010001000100010001000100010001000100010001000100010001000100010001000100010001000100010001000100010001000100010001000100010001000101
