10101000100010001000100010001000100010001000100010001000100010001000100010001000100010001000100010001000100010001000100010001000100010001001
00100000000000000000000000000000000000000000000000000000000000000000000000000000000000000000000000000000000000000000000000000000000000000001
00100000000000000000000000000000000000000000000000000000000000000000000000000000000000000000000000000000000000000000000000000000000000000001
00100000000000000000000000000000000000000000000000000000000000000000000000000000000000000000000000000000000000000000000000000000000000000001
00100000000000000000000000000000000000000000000000000000000000000000000000000000000000000000000000000000000000000000000000000000000000000001
00100000000000000000000000000000000000000000000000000000000000000000000000000000000000000000000000000000000000000000000000000000000000000001
00100000000000000000000000000000000000000000000000000000000000000000000000000000000000000000000000000000000000000000000010101000100100000001
00100000000000000000000000000000000000000000000000000000000000000000000000000000000000000000000000000000000000000000000000100000000100000001
00100000000000000000000000000000000000000000000000000000100100000000000000000000000000000000000000000000000000000000000000100000000100000001
00100000000000000000000000000000000000000000000000000000000100000000000000000000000000000000000000000000000000000000000000100000000100000001
00100000000000000000000000000000000000000000000000000000000100001001000000000000000000000000000000000000000000001010000000100000000100000001
00100000000000000000000000000000000000000000000000000000000100000001000000000000000000000000000000000000000000000010000000100000000100000001
00100000000000000000000000000000000000000000000000000000000100000001000000000000000000000000000000000000000000000010000001100100010100000001
00100000000000000000000000000000000000000000000000000000000100000001000000000000000000000000000000000000000000000010000000000000000000000001
00100000000000000000000000000000000000000000000000000000000100000001000000000000000000000000000000000000000000000010000000000000000000000001
00100000000000000000000000000000000000000000000000000000000100000001000000000000000000000000000000000000000000000010000000000000000000000001
00100000000000000000000000000000000000000000000000000000010100000001000000000000000000000000000000000000000000000010000000000000000000000001
00100000000000000000000000000000000000000000000000000000000001100100010001000100010001000100010001000100010001000100010100000000000000000001
00100000000000000000000000000000000010101000100100000000000000000001000000000000000000000000000000000000000000000010000000000000000000000001
00100000000000000000000000000000000000100000000100000000000000000001011001000100010001000100010001000101000000000010000000000000000000000001
00100000000000000000000000000000000000100000000100000000000000000001000000000000000000000000000000000000000000000010000000000000000000000001
00100000000000000000000000000000000000100000000100000000000000000001000000000000000000000000000000000000000000000010000000000000000000000001
00100000000000000000000000000000000000100000000100000000000000000001000000000000000000000000000000000000000000000010000000000000000000000001
00100000000000000000000000000000000000100000000100000000000010101000100010001000100010001000100010001000100010001000100100000000000000000001
00100000000000000000000000000000000001100100010100000000000000000001000000000000000000000000000000000000000000000010000000000000000000000001
00100000000000000000000000000000000000000000000000000000000000000001000000000000000000000000000000000000000000000010000000000000000000000001
00100000000000000000000000000000000000001010100010010000000000000001000000000000000000000000000000000000000000000010000000000000000000000001
00100000000000000000000000000000000000000010000000010000000000000001000000000000000000000000000000000000000000000010000010101000100010010001
00100000000000000000000000000000000000000010000000010000000000000001000000000000000000000000000000000000000000000010000000100000000000010001
00100000000000000000000000000000000000000010000000010000000000000001000000000000000000000000000000000000000000000010000000100000000000010001
00100000000000000000000000000000000000000010000000010000000000000101000000000000000000000000000000000000000000000110000000100000000000010001
00100000000000000000000000000000000000000010000000010000000000000000000000000000000000000000000000000000000000000000000000100000000000010001
00100000000000000000000000000000000000000110010001010000000000000000000000000000000000000000000000000000000000000000000001100100010001010001
00100000000000000000000000000000000000000000000000000000000000000000000000000000000000000000000000000000000000000000000000000000000000000001
00100000000000000000000000000000000000000000000000000000000000000000000000000000000000000000000000000000000000000000000000000000000000000001
00100000000000000000000000000000000000000000000000000000000000000000000000000000000000000000000000000000000000000000000000000000000000000001
00100000000000000000000000000000000000000000000000000000000000000000000000000000000000000000000000000000000000000000000000000000000000000001
00100000000000000000000000000000000000000000000000000000000000000000000000000000000000000000000000000000000000000000000000000000000000000001
00100000000000000000000000000000000000000000000000000000000000000000000000000000000000000000000000000000000000000000000000000000000000000001
00100000000000000000000000000000000000000000000000000000000000000000000000000000000000000000000000000000000000000000000000000000000000000001
00100000000000000000000000000000000000000000000000000000000000000000000000000000000000000000000000000000000000000000000000000000000000000001
00100000000000000000000000000000000000000000000000000000000000000000000000000000000000000000000000000000000000000000000000000000000000000001
00100000000000000000000000000000000000000000000000000000000000000000000000000000000000000000000000000000000000000000000000000000000000000001
00100000000000000000000000000000000000000000000000000000000000000000000000000000000000000000000000000000000000000000000000000000000000000001
00100000000000000000000000000000000000000000000000000000000000000000000000000000000000000000000000000000000000000000000000000000000000000001
00100000000000000000000000000000000000000000000000000000000000000000000000000000000000000000000000000000000000000000000000000000000000000001
00100000000000000000000000000000000000000000000000000000000000000000000000000000000000000000000000000000000000000000000000000000000000000001
00100000000000000000000010101000100100000000000000000000000000000000000000000000000000000000000000000000000000000000000000000000000000000001
00100000000000000000000000100000000100000000000000000000000000000000000000000000000000000000000000000000000000000000000000000000000000000001
00100000000000000000000000100000000100000000000000000000000000000000000000000000000000000000000000000000000000000000000010101000100100000001
00100000000000000000000000100000000100000000000000000000000000000000000000000000000000000000000000000000000000000000000000100000000100000001
00100000000000000000000000100000000100000000000000000000000000000000000000000000000000000000000000000000000000000000000000100000000100000001
00100000000000000000000000100000000100000000000000000000000000000000000000000000000000000000000000000000000000000000000000100000000100000001
00100000000000000000000001100100010100000000000000000000000000000000000000000000000000000000000000000000000000000000000000100000000100000001
00100000000000000000000000000000000000000000000000000000000000000000000000000000000000000000000000000000000000000000000000100000000100000001
00100000000000000000000000000000000000000000000000000000000000000000000000000000000000000000000000000000000000000000000001100100010100000001
01100100010001000100010001000100010001000100010001000100010001000100010001000100010001000100010001000100010001000100010001000100010001000101
