101010001000100010001000100010001000100010001000100010001000100010001000100010001000100010001000100010001000100010001000100010001000100010001000100010001000100010001001
001000000000000000000000000000000000000000000000000000000000000000000000000000000000000000000000000000000000000000000000000000000000000000000000000000000000000000000001
001000000000000000000000000000001001000000000000000000000000000000000000000000000000000000000000000000000000000000000000000010100000000000000000000000000000000000000001
001000000000000000000000000000000001000000000000000000000000000000000000000000000000000000000000000000000000000000000000000000100000000000000000000000000000000000000001
001000000000000000000000000000000001101010010000000000000000000000000000000000000000000000000000000000000000000000000000000000100000000000000000000000000000000000000001
001000000000000000000000000000000001001000010000000000000000000000000000000000000000000000000000000000000000000000000000000000100000000000000000000000000000000000000001
001000000000000001100100010001000100010001000100010001010000000000000000000000000000000000000000000000000000000000000000000000100000000000000000000000000000101000000001
001000000000000010101000100010001000100010001000100010010000000000000000000000000000000000000000000000000000000000000000000000100000000000000000000000000000001000000001
001000000000000000000000000000000001001000010000000100000000000000000000000010101000100100000000000000000000000000000000000000100000000000000000000000000000001000000001
001000000000000000000000000000000001001000010000000100000000000000000000000000100000000100000000000000000000000000000000000000100000000000000000000000000000001000000001
001000000000000000000000000000000001001000010000000100000000000010010000000000100000000100000000000000000000000000001010000000100000000000000000000000000000001000000001
001000000000000000000000000000000001011001010000000100000000000000010000000000100000000100000000000000000000000000000010000000100000000000000000000000000000001000000001
001000000000000000000000000000000001000000000000000100000000000010101000100100100000000100000000000000000000000000000010000000100000000000000000000000000000001000000001
001000000000000000000000000000000001000000000000000100000000000000100000000100100000000100000000000000000000000000000010000000100000000000000000000000000000001000000001
001000000000000000000000000000000001000000000000000100000000000000100000000101100100010100000000000000000000000000000010000000100000000000000000000000000000001000000001
001000000000000000000000000000000001000000000000000100000000000000100000000100000000000000000000000000000000000000000010000000100000000000000000000000000000001000000001
001000000000000000000000000000000001000000000000000100000000000000101010100010010000000000000000000000000000000000000010000000100000000000000000000000000000001000000001
001000000000000000000000000000000001000000000000000100000000000000100010000100010000000000000000000000000000000000000010000000100000000000000000000000000000001000000001
001000000000000000000000000000000001000000000000000100000000000001100010010100010000000000000000000000000000000000000010000000100000000000000000000000000000001000000001
001000000000000000000000000000000001000000000000000100000000000000010010000000010000000000000000000000000000000000000010000000100000000000000000000000000000001000000001
001000001010100010010000000000000001000000000000000100000000000000010010000000010000000000000000000000000000000000000010000000100000000000000000000000000000001000000001
001000000010000000010000000000000001000000000000000100000000000000010010000000010000000000000000000000000000000000000010000000100000000000000000000000000000001000000001
001000000010000000010000000000000001000000000000000100000000000000010110010001010000000000000000000000000000000000000010000000100000000000000000000000000000001000000001
001000000010000000010000000000000001000000000000000100000000000000010000000000000000000000000000000000000000000000000010000000100000000000000000000000000000001000000001
001000000010000000010000000000000001000000000000000100000000000000010000000000000000000000000000000000000000000000000010000000100000000000000000000000000000001000000001
001000000010000000010000000000000001000000000000000100000000000000010000000000000000000000000000000000000000000000000010000000100000000000000000000000000000001000000001
001000000110010001010000000000000001000000000000000100000000000000010000000000000000000000000000000000000000000000000010000000100000000000000000000000000000001000000001
001000000000000000000000000000000001000000000000000100000000000000010000000000000000000000000000000000000000000000000010000000100000000000000000000000000000001000000001
001000000000000000000000000000000001000000000000000100000000000000010000000000000000000000000000000000000000000000000010000000100000000000000000000000000000001000000001
001000000000000000000000000000000001000000000000000100000000000000010000000000000000000000000000000000000000000000000010000000100000000000000000000000000000001000000001
001000000000000000000000000000000001000000000000000100000000000000010000000000000000000000000000000000000000000000000010000000100000000000000000000000000000001000000001
001000000000000000000000000000000001000000000000000100000000000001010000000000000000000000000000000000000000000000000110000000100000000000000000000000000000001000000001
001000000000000000000000000000000001000000000000000100000000000000000000000000000000000000000000000000000000000000000000000000100000000000000000000000000000001000000001
001000000000000000000000000000000101000000000000000100000000000000000000000000000000000000000000000000000000000000000000000001100000000000000000000000000000001000000001
001000000000000000000000000000000000000000000000000100000000000000000000000000000000000000000000000000000000000000000000000000000000000000000000000000000000001000000001
001000000000000000000000000000000000000000000000000100000000000000000000000000000000000000000000000000000000000000000000000000000000000000000000000000000000001000000001
001000000000000000000000000000000000000000000000000100000000000000000000000000000000000000000000000000000000000000000000000000000000000000000000000000000000001000000001
001000000000000000000000000000000000000000000000000100000000000000000000000000000000000000000000000000000000000000000000000000000000000000000000000000000000001000000001
001000000000000000000000000000000000000000000000000100000000000000000000000000000000000000000000000000000000000000000000000000000000000000000000000000000000001000000001
001000000000101010001001000000000000000000000000000100000000000000000000000000000000000000000000000000000000000000000000000000000000000000000000000000000000001000000001
001000000000001000000001000000000000000000000000000100000000000000000000000000000000000000000000000000000000000000000000000000000000000000000000000000000000001000000001
001000000000001000000001000000000000000000000000010100000000000000000000000000000000000000000000000000000000000000000000000000000000000000000000000000000000011000000001
001000000000001000000001000000000000000000000000000000000000000000000000000000000000000000000000000000000000000000000000000000000000000000000000000000000000000000000001
001000000000001000000001000000000000000000000000000000000000000000000000000000000000000000000000000000000000000000000000000000000000000000000000000000000000000000000001
001000000000001000000001000000000000000000000000000000000000000000000000000000000000000000000000000000000000000000000000000000000000000000000000000000000000000000000001
001000000000011001000101000000000000000000000000000000000000000000000000000000000000000000000000000000000000000000000000000000000000000000000000000000000000000000000001
011001000100010001000100010001000100010001000100010001000100010001000100010001000100010001000100010001000100010001000100010001000100010001000100010001000100010001000101
