101010001000100010001000100010001000100010001000100010001000100010001000100010001000100010001000100010001000100010001000100010001000100010001000100010001000100010001000100010001000100010001000100010001000100010001000100010001001
001000000000000000000000000110010000000000000000001000000000000000000000000000000000101000000000000000000000000000000000000000000000000000000000000000000000000000000000000000000000000000000000000000000000000000000000000000000001
001000000000000000000000000100010000000000000000001000000000000000000000000000000000001000000000000000000000000000000000000000000000000000000000000000000000000000000000000000000000000000000000000000000000000000000000000000000001
001000000000000000000000000100010000000000000000001000000000000000000000000000000000001000000000000000000000000000000000000000000000000000000000000000000000000000000000000000000000000000000000000000000000000000000000000000000001
001000000000000000000000000100010000000000000000001000000000000000000000000000000000001000000000000000000000000000000000000000000000000000000000000000000000000000000000000000000000000000000000000000000000000000000000000000000001
001000000000000000000000000100010000000000000000001000000000000000000000000000000000001000000000000000000000000000000000000000000000000000000000000000000000000000000000000000000000000000000000000000000000000000000000000000000001
001000000000000001100100010001000100010001000100010001000100010001000100010001000100010001000100010001000100010001000100010001000100010001000100010001010000000000000000000000000000000000000000000000000000000000000000000000000001
001000000000000000000000000100010000000000000000001010010000000000000000000000000000001010100000000000000000000000000000000000000000000000000000000000000000000000000000000000000000000000000000000000000000000000000000000000000001
001000000000000000000000000100010000000000000000001000011001000000000000000000000000001000100000000000000000000000000000000010100000000000000000000000000000000000000000000000000000000000000000000000000000000000000000000000000001
001000000000000000000000000100010000000000000000001000010001000000000000000000000000001000100000000000000000000000000000000000100000000000000000000000000000000000000000101010001001000000000000000000000000000000000000000000000001
001000000000000000000000000100010000000000000000001000010001000000000000000000000000001000100000000000000000000000000000000000100000000000000000000000000000000000000000001000000001000000000000000000000000000000000000000000000001
001000000000000000000000000100010000011001000100010001000100010001000100010001000100010001010000000000000000000000000000000000100000000000000000000000000000000000000000001000000001000000000000000000000000000000000000000000000001
001000000000000000000000000100010000000000000000001000010001000000000000000000000000001000100000000000000000000000000000000000100000000000000000000000000000000000000000001000000001000000000000000000000000000000000000000000000001
001000000000000000000000000100010000000000000000001000010001101010001001000010010000001000100000000010100000000000000000000000100000000000000000000000000000000000000000001000000001000000000000000000000000000000000000000000000001
001000000000000000000000010100010000000000000000011000010001001000000001000000010000001000100000000000100000000000000000000000100000000000000000000000000000000000000000001000000001000000000000000000000000000000000000000000000001
001000000000000000000000000000010000000000000000000000010001001000000001000000010000001000100000000000100000000000000000000000100000000000000000000000000000000000000000011001000101000000000000000000000000000000000000000000000001
001000000000000000000000000000010000101010001000100010001000100010001000100010001000100010010000000000100000000000000000000000100000000000000000000000000000000000000000000000000000000000000000000000000000000000000000000000000001
001000000000000000000000000000010000000000000000000000010001001000000001000000010000001000100000000000100000000000000000000000100000000000000000000000000000000000000000000000000000000000000000000000000000000000000000000000000001
001000000000000000000000000000010000000000000000000000010001001000000001000000010000001000100000100100100000000000001010000000100000000000000000000000000000000000000000101010001001000000000000000000000000000000000000000000000001
001000000000000000000000000000010000000000000000000000010001011001000101000000010000001000100000000100100000000000000010000000100000000000000000000000000000000000000000001000000001000000000000000000000000000000000000000000000001
001000000000000000000000000000010000000000000000000000010001000000000000000000010000001000100000000100100000000000000010000000100000000000000000000000000000000000000000001000000001000000000000000000000000000000000000000000000001
001000000000101010001001000000010000000000000000000000010001000000000000000000010000001000100000000100100000000000000010000000100000000000000000000000000000000000000000001000000001000000000000000000000000000000000000000000000001
001000000000001000000001000000010000000000000000000000010001000000000000000000010110010001000100010001000100010001000100010001000100010100000000000000000000000000000000001000000001000000000000000000000000000000000000000000000001
001000000000001000000001000001010000000000000000000000010001000000000000000000010000011010101000100100100000000000000010000000100000000000000000000000000000000000000000001000000001000000000000000000000000000000000000000000000001
001000000000001000000001000000000000000000000000000001010001000000000000000000010000000000100000000100100000000000000010000000100000000000000000000000000000000000000000011001000101000000000000000000000000000000000000000000000001
001000000000001000000001000000000000000000000000000000000001000000000000000000010000000000100000000100100000000000000010000000100000000000000000000000000000000000000000000000000000000000000000000000000000000000000000000000000001
001000000000001000000001000000000000000000000000000000000001000000000000000000010000000000100000000100100000000000000010000000100000000000000000000000000000000000000000000000000000000000000000000000000000000000000000000000000001
001000000000011001000101000000000000000000000000000000000001000000000000000001011010100010001000100010001000100010001000100010001000100100000000000000000000000000000000000000000000000000000000000000000000000000000000000000000001
001000000000000000000000000000000000000000000000000000000001000000000000000000000000000000100000000100000000000000000010000000100000000000000000000000000000000000000000000000000000000000000000000000000000000000000000000000000001
001000000000000000000000000000000000000000000000000000000001000000000000000000000000000001100100010100000000000000000010000000100000000000000000000000000000000000000000000000000000000000000000000000000000000000000000000000000001
001000000000000000000000000000000000000000000000000000000001000000000000000000000000000000000000000100000000000000000010000000100000000000000000000000000000000000000000000000000000000000000000000000000000000000000000000000000001
001000000000000010101000100010001000100010001000100010001000100010001000100010001000100010001000100010001000100010001000100010001000100010001000100010010000000000000000000000000000000000000000000000000000000000000000000000000001
001000000000000000000000000000000000000000000000000000000001000000000000000000000000000000000000000000000000000000000000000000100000000000000000000000000000000000000000000000000000000000000000000000000000000000000000000000000001
001000000000000000000000000000000000000000000000000000000101000000000000000000000000000000000000000000000000000000000000000001100000000000000000000000000000000000000000000000000000000000000000000000000000000000000000000000000001
011001000100010001000100010001000100010001000100010001000100010001000100010001000100010001000100010001000100010001000100010001000100010001000100010001000100010001000100010001000100010001000100010001000100010001000100010001000101
