101010001000100010001000100010001000100010001000100010001000100010001000100010001000100010001000100010001000100010001000100010001000100010001000100010001000100010001001
001000000000000000000000000000000000000000000000000000000000000000000000000000000000000000000000000000000000000000000000000000000000000000000000000000000000000000000001
001000000000000000000000000000001001000000000000000000000000000000000000000000000000000010100000000000000000000000000000000000000000000000000000000000000000000000000001
001000000000000000000000000000000001000000000000000000000000000000000000000000000000000000100000000000000000000000000000000000000000000000000000000000000000000000000001
001000000000000000000000000000000001000010010000000000000000000000000000000000000000000000100000000000000000000000001010000000000000000000000000000000000000000000000001
001000000000000000000000000000000001000000011001000000000000000010100000000000000000000000100000000000000000000000000010000000000000000000000000000000000000000000000001
001000000000000000000000000000000001000000010001000000000000000000100000000000000000000000100000000000000000000000000010000000000000000000000000000000000000000000000001
001000000000000000000000000000000001000000010001000000000000000000100000000000000000000000100000000000000000000000000010000000000000000000000000000000000000000000000001
001000000000000000000000000000000001000000010001000000000000000000100000000000000000000000100000000000000000000000000010000000000000000000000000000000000000000000000001
001000000000000000000000000000000001000000010001000000000000000000100000000000000000000000100000000000000000000000000010000000000000000000000000000000000000000000000001
001000000000000000000000000000000001000000010001000000000000000000100000000000000000000000100000000000000000000000000010000000000000000000000000000000000000000000000001
001000000000000000000000000000000001000000010001000000000000000000101001000000000000000000100000000000000000000000000010000000000000000000001010000000000000000000000001
001000000000000000000000000000000001000000010001000000000000000000100001000000000000000000100000000000000000000000000010000000000000000000000010000000000000000000000001
001000000000000000000000000000000001000000010110010001000100010001000100010001000100010001000100010001000100010001000100010001000100010100000010000000000000000000000001
001000000000000000000000000000000001000000010001000000000000000000100001000000000000000000100000000000000000000000000010000000000000000000000010000000000000000000000001
001000000000000000000000000000000001000000010001000000000000000000100001000000000000000000100000000000000000000000000010000000000000000000000010000000000000000000000001
001000000000000000000000000000000001000000010001000000000000000000100001000000000000000000100000000000000000000000000010000000000000000000000010000000000000000000000001
001000000000000000000000000000000001000000010001000000000000000000100001000000000000000000100000000000000000000000000010000000000000000000000010000000000000000000000001
001000000000000000000000000000000001000000010101000000000000000001100001000000000000000000100000000000000000000000000010000000000000000000000010000000000000000000000001
001000000000000000000000000000000001000000010000000000000000000000000001000000000000000000100000000000000000000000000010000000000000000000000010000000000000000000000001
001000000000000000000000000000000001000000010000000000000000000000000001000000000000000000100000000000000000000000000010000000000000000000000010000000000000000000000001
001000000000000000000000000000000001000000010000000000000000000000000001000000000000000000100000000000000000000000000010000000000000000000000010000000000000000000000001
001000000000000000000000000000000001000000010000000000000000000000000001000000000000000000100000000000000000000000000010000000000000000000000010000000000000000000000001
001000000000000000000000000000000001000000010000000000000000000000000001000000000000000000100000000000000000000000000010000000000000000000000010000000000000000000000001
001000000000000000000000000000000101000000010000000000000000000000000001000000000000000001100000000000000000000010101000100100000000000000000010000000000000000000000001
001000000000000000000000000000000000000000010000000000000000000000000001000000000000000000000000000000000000000000100010000100000000000000000010000000000000000000000001
001000000000000000000000000000000000000000010000000000000000000000000001000000000000000000000000000000000000000000100010000100000000000000000010000000000000000000000001
001000000000000000000000000000000000000000011010100010001000100010001000100010001000100010001000100010001000100010001000100010001000100100000010000000000000000000000001
001000000000000000000000000000000000000000010000000000000000000000000001000000000000000000000000000000000000000000100010000100000000000000000010000000000000000000000001
001000000000000000000000000000000000000000010000000000000000000000000001000000000000000000000000000000000000000000100010000100000000000000000010000000000000000000000001
001000000000000000000000000000000000000000010000000000000000000000000001000000000000000000000000000000000000000001100100010100000000000000000010000000000000000000000001
001000000000000000000000000000000000000001010000000000000000000000000001000000000000000000000000000000000000000000000110000000000000000000000010000000000000000000000001
001000000000000000000000000000000000000000000000000000000000000000000001000000000000000000000000000000000000000000000000000000000000000000000010000010101000100100000001
001000000000000000000000000000000000000000000000000000000000000000000001000000000000000000000000000000000000000000000000000000000000000000000010000000100000000100000001
001000000000000000000000000000000000000000000000000000000000000000000001000000000000000000000000000000000000000000000000000000000000000000000010000000100000000100000001
001000000000000000000000000000000000000000000000000000000000000000000001000000000000000000000000000000000000000000000000000000000000000000000010000000100000000100000001
001000000000000000000000000000000000000000000000000000000000000000000001000000000000000000000000000000000000000000000000000000000000000000000010000000100000000100000001
001000000000000000000000000000000000000000000000000000000000000000000101000000000000000000000000000000000000000000000000000000000000000000000110000000100000000100000001
001000000000000000000000000000000000000000000000000000000000000000000000000000000000000000000000000000000000000000000000000000000000000000000000000001100100010100000001
001000000000000000000000000000000000000000000000000000000000000000000000000000000000000000000000000000000000000000000000000000000000000000000000000000000000000000000001
001000000000000000000000000000000000000000000000000000000000000000000000000000000000000000000000000000000000000000000000000000000000000000000000000000000000000000000001
001000000000000000000000000000000000000000000000000000000000000000000000000000000000000000000000000000000000000000000000000000000000000000000000000000000000000000000001
001000000000000000000000000000000000000000000000000000000000000000000000000000000000000000000000000000000000000000000000000000000000000000000000000000000000000000000001
001000000000000000000000000000000000000000000000000000000000000000000000000000000000000000000000000000000000000000000000000000000000000000000000000000000000000000000001
001000000000000000000000000000000000000000000000000000000000000000000000000000000000000000000000000000000000000000000000000000000000000000000000000000000000000000000001
001000000000000000000000000000000000000000000000000000000000000000000000000000000000000000000000000000000000000000000000000000000000000000000000000000000000000000000001
011001000100010001000100010001000100010001000100010001000100010001000100010001000100010001000100010001000100010001000100010001000100010001000100010001000100010001000101
