1010100010001000100010001000100010001000100010001000100010001000100010001000100010001000100010001000100010001000100010001000100010001000100010001000100010001001
0010000000000000000000000000000000000000000010101000100100000000000000000000000000000000000000000000000000000000000000000000000000000000000000000000000000000001
0010101010001001000000000000000000000000000000100000000100000000000000000000000000000000000000000000000000000000000000000000000000000000000000000000000000000001
0010001000000001000000000000000000000000000000100000000100000000000000000000000000000000000000000000000000000000000000000000000000000000000000000000000000000001
0010001001100100010001000100010001000100010001000100010001000100010001000100010001000100010001000100010001000100010001000100010001000101000000000000000000000001
0010001000000001000000000000000000000000000000100000000100000000000000000000000000000000000000000000000000000000000000000000000000000000000000000000000000000001
0010100010010001011001000100010001000100010001000100010100000000000000000000000000000000000000000000000000000000000000000000000000000000000000000000000000000001
0010001000010001101010001000100010001000100010001000100100000000000000000000000000000000000000000000000000000000000000000000000000000000000000000000101000000001
0010011000010101000000000000000000000000000000000000000100000000000000000000000000000000000000000000000000000000000000000000000000000000000000000000001000000001
0010000000010000000000000000000000000000000000000000000100000000000000000000000000000000000000000000000000000000000000000000000000000000000000000000001000000001
0010000000010000000000000000000000000000000000000000000100000000000000000000000000000000000000000000000000000000000000000000000000000000000000000000001000000001
0010000000010000000000000000000000000000000000000000000100000000000000000000000000000000000000000000000000000000000000000000000000000000000000000000001000000001
0010010010101000100100000000000000000000000000000000000100000000000000000000000000000000000000000000000000000000000000000000000000000000000000000000001000000001
0010000000100000000100000000000000000000000000000000000100000000000000000000000000000000000000000000000000000000000000000000000000000000000000000000001000000001
0010000000100000000100000000000000000000000000000000000100000000000000000000000010010000000000000000000000000000000010101010100010010000000000000000001000000001
0010000000100000000100000000000000000000000000000000000100000000000000000000000000010000000000000000000000000000000000100010000000010000000000000000001000000001
0010000000100000000100000000000000000000000000000000000100000000000000000000000000010000000000000000000000000000000000100010000000010000000000000000001000000001
0010000000100000000100000000000000000000000000000000000100000000000000000000000000010000000010010000000000000000000000100010000000010000000000000000001010100001
0010000001100100010100000000000000000000000000000000000100000000000000000000000000010000000000011001000000000000000000100010000000010000000000000000001000100001
0010000000000000000000000000000000000000000000000000000100000000000000000000000000010000000000010001000000000000000000100010000000010000000000000000001000100001
0010000000000000000000000000000000000000000000000000000100000000000000000000000000010000000000010001000000000000000000100110010001010000000000000000001000100001
0010000000000000000000000000000000000000000000000000000100000000000000000000000000010000000000010001000000000000000000100000000000000000000000000000001000100001
0010000000000000000000000000000000000000000000000000000100000000000000000000000000010000000000010001000000000000100100100000000000000000000000000000001000100001
0010000000000000000000000000000000000000000000000000000100000000000000000000000000010110010001000100010001000100010001000101000000000000101010001001001000100001
0010000000000000000000000000000000000000000000000000000100000000000000000000000000011010100010001000100010001000100010001001000000000000001000000001001000100001
0010000000000000000000000000000000000000000000000000000100000000000000000000000000010000000000010001000000000000000100100000000000000000001000000001001000100001
0010000000000000000000000000000000000000000000000000000100000000000010101000100100010000000000010101000000000000000100100000000000000000001000000001001000100001
0010000010101000100010001000100010001000100010001000100010001000100010001000100010001000100010001000100010101000100110001000100010001001001000000001001000100001
0010000000000000000000000000000000000000000000000000000100000000000000100000000100010000000000010000000000100000000100100000000000000000001000000001001000100001
0010000000000000000000000000000000000000000000000000000100000000000000100000000100010000000000010000000000100000000100100000000000000000011001000101001000100001
0010000000000000000000000000000000000000000000000000000100000000000000100000000100010000000000010000000000100000000100100000000000000000000000000000001000100001
0010000000000000000000000000000000000000000000000000000100000000000000100000000101010000000000010000000000100000000101100100010001000100010001000100010001010001
0010000000000000000000000000000000000000000000000000000100000000000001100100010100000000000000010000000000100000000110101000100010001000100010001000100010010001
0010000000000000000000000000000000000000000000000000000100000000000000000000000000000000000000010000000001100100010100000000000000000000001000000001001000100001
0010000000000000000000000000101010001001000000000000000100000000000000000000101010001001000000010000000000000000000100000000000000000000001000000001001000100001
0010000000000000000010101000100100000001000000000000000100000000000000000000001000000001000000010000000000000000000100000000000000000000001000000001001000100001
0010000000000000000000100000000100000001000000000000000100000000000000000000001000000001000000010000000000000000000100000000000000000000001000000001001000100001
0010000000000000000000100000000100000001000000000000000100000000000000000000001000000001000000010000000000000000000100000000000000000000011001000101001000100001
0010000000000000000000100000000100000001000000000000000100000000000000000000001000000001000000010000000000000000000100000000000000000000000000000000001000100001
0010000000000000000000100000000100000001000000000000010100000000000000000000001000000001000000010000000000000000000100000000000000000000000000000000011000100001
0010000000000000000000100000000101000101000000000000000000000000000000000000011001000101000001010000000000000000000100000000000000000000000000000000000001100001
0010000000000000000001100100010100000000000000000000000000000000000000000000000000000000000000000000000000000000010100000000000000000000000000000000000000000001
0010000000000000000000000000000000000000000000000000000000000000000000000000000000000000000000000000000000000000000000000000000000000000000000000000000000000001
0010000000000000000000000000000000000000000000000000000000000000000000000000000000000000000000000000000000000000000000000000000000000000000000000000000000000001
0010000000000000000000000000000000000000000000000000000000000000000000000000000000000000000000000000000000000000000000000000000000000000000000000000000000000001
0010000000000000000000000000000000000000000000000000000000000000000000000000000000000000000000000000000000000000000000000000000000000000000000000000000000000001
0010000000000000000000000000000000000000000000000000000000000000000000000000000000000000000000000000000000000000000000000000000000000000000000000000000000000001
0010000000000000000000000000000000000000000000000000000000000000000000000000000000000000000000000000000000000000000000000000000000000000000000000000000000000001
0010000000000000000000000000000000000000000000000000000000000000000000000000000000000000000000000000000000000000000000000000000000000000000000000000000000000001
0110010001000100010001000100010001000100010001000100010001000100010001000100010001000100010001000100010001000100010001000100010001000100010001000100010001000101
