1010100010001000100010001000100010001000100010001000100010001000100010001000100010001000100010001000100010001000100010001000100010001000100010001000100010001000100010001001
0010000000000000000000000000000000000000000000000000000000000000000000000000000000000000000000000000000000000000000000000000000000000000000000000000000000000000000000000001
0010000000000000000000000000000000000000000000000000000000000000000000000000000000000000000000000000000000000000000000000000000000000000000000000000000000000000000000000001
0010000000000000000000000000000000001001000000000000000000001010000000000000000000000000000000000000000000000000000000000000000000000000000000000000000000000000000000000001
0010000000000000000000000000101010001001000000000000000000000010000000000000000000000000000000000000000000000000000000000000000000000000000000000000000000000000000000000001
0010000000000000000000000000001000000001000000000000000000000010000000000000000000000000000000000000000000000000000000000000000000000000000000000000000000000000000000000001
0010000000000000000000000000001000000001000000000000000000000010000000000000000000000000000000000000000000000000000000000000000000000000000000000000000000000000000000000001
0010000000001010100010010000001000000001000000000000000000000010000000000000000000000000000000000000000000000000000000000000000000000000000000000000000000000000000000000001
0010000000000010000000010000001000000001000000000000000000000010000000000000101010001001000000000000000000000000000000000000000000000000000000000000000000000000000000000001
0010000000000010000000010000001000000001000000000000000000000010000000000000001000000001000000000000000000000000000000000000000000000000000000000000000000000000000000000001
0010000000000010000000010000011001100100010001000100010001000100010001000100010001000100010001000100010100000000000000000000000000000000000000000000000000000000000000000001
0010000000000010000000010000000000000001000000000000000000000010101010001001001000000001000000000000000000000000000000000000000000000000000000000000000000000000000000000001
0010000000000010000000010000000000000001000000000000000000000010001000000001001000000001000000000000000000000000000000000000000000000000000000000000000000000000000000000001
0010000000000110010001010000000000000001000001100100010001000100010001000100010001000100010001000100010001000100010001000100010001000100010001000100010100000000000000000001
0010000000000000000000000000000000000001000000000000000010101000100010001000100010010101000000001010100010010000000000000000000000000000000000000000000000000000000000000001
0010000000000000000000000000000000000001000000000000000000100010001000000001000000010000000000000010000000010000000000000000000000000000000000000000000000000000000000000001
0010000000000000000000000000000000000001000000000000000001100100010001000100010010101000100100000010000000010000000000000000000000000000000000000000000000000000000000000001
0010000000000000000000000000000000000101000000000000000000000110011001000101000000100000000100000010000000010000000000000000000000000000000000000000000000000000000000000001
0010000000000000000000000000000000000000000000000000000000000000000000000000000000100000000100000010000000010000000000000000000000000000000000000000000000000000000000000001
0010000000000000000000000000000010101000100010001000100010001000100010001000100010001000100010001000100100010000000000000000000000000000000000000000000000000000000000000001
0010101010001001000000000000000000000000000000000000000000000000000000000000000000100000000100000110010001010000000000000000000000000000000000000000000000000000000000000001
0010001000000001000000000000000000000000000000000000000000000000000000000000000000101010100010001000100010001001000000000000000000000000000000000000000000000000000000000001
0010001000000001000000000000000000000000000000000000000000000000000000000000000001100010010100000000000000000001000000000000000000000000000000000000000000000000000000000001
0010001000000001000000000000000000000000000000000000000000000000000000000000000000000110010001000100010001000101000000000000000000000000000000000000000000000000000000000001
0010001000000001000000000000000000000000000000000000000000000000000000000000000000000000000000000000000000000000000000000000000000000000000000000000000000000000000000000001
0010001000000001000000000000000000000000000000000000000000000000000000000000000000000000000000000000000000000000000000000000000000000000000000000000000000000000000000000001
0010011001000101000000000000000000000000000000000000000000000000000000000000000000000000000000000000000000000000000000000000000000000000000000000000000000000000000000000001
0010000000000000000000000000000000000000000000000000000000000000000000000000000000000000000000000000000000000000000000000000000000000000000000000000000000000000000000000001
0010000000000000101010001001000000000000000000000000000000000000000000000000000000000000000000000000000000000000000000000000000000000000000000000000000000000000000000000001
0010000000000000001000000001000000000000000000000000000000000000000000000000000000000000000000000000000000000000000000000000000000000000000000000000000000000000000000000001
0010000000000000001000000001000000000000000000000000000000000000000000000000000000000000000000000000000000000000000000000000000000000000000000000000000000000000000000000001
0010000000000000001000000001000000000000000010101000100010001000100010001000100010001000100010001000100010001000100010001000100010001000100010001000100100000000000000000001
0010000000000000001000000001000000000000000000000000000000000000000000000000000000000000000000000000000000000000000000000000000000000000000000000000000000000000000000000001
0010000000000000001000000001000000000000000000000000000000000000000000000000000000000000000000000000000000000000000000000000000000000000000000000000000000000000000000000001
0010000000000000011001000101000000000000000000000000000000000000000000000000000000000000000000000000000000000000000000000000000000000000000000000000000000000000000000000001
0010000000000000000000000000000000000000000000000000000000000000000000000000000000000000000000000000000000000000000000000000000000000000000000000000000000000000000000000001
0010000000000000000000000000000000000000000000000000000000000000000000000000000000000000000000000000000000000000000000000000000000000000000000000000101010001001000000000001
0010000000000000000000000000000000000000000000000000000000000000000000000000000000000000000000000000000000000000000000000000000000000000000000000000001000000001000000000001
0010000000000000000000000000000000000000000000000000000000000000000000000000000000000000000000000000000000000000000000000000000000000000000000000000001000000001000000000001
0010000000000000000000000000000000000000000000000000000000000000000000000000000000000000000000000000000000000000000000000000000000000000000000000000001000000001000000000001
0010000000000000000000000000000000000000000000000000000000000000000000000000000000000000000000000000000000000000000000000000000000000000000000000000001000000001000000000001
0010000000000000000000000000000000000000000000000000000000000000000000000000000000000000000000000000000000000000000000000000000000000000000000000000001000000001000000000001
0010000000000000000000000000000000000000000000000000000000000000000000000000000000000000000000000000000000000000000000000000000000000000000000000000011001000101000000000001
0010000000000000000000000000000000000000000000000000000000000000000000000000000000000000000000000000000000000000000000000000000000000000000000000000000000000000000000000001
0010000000000000000000000000000000000000000000000000000000000000000000000000000000000000000000000000000000000000000000000000000000000000000000000000000000000000000000000001
0110010001000100010001000100010001000100010001000100010001000100010001000100010001000100010001000100010001000100010001000100010001000100010001000100010001000100010001000101
