1010100010001000100010001000100010001000100010001000100010001000100010001000100010001000100010001000100010001000100010001000100010001000100010001000100010001001
0010000000000000000000000000000000000000000000000000000000000000000000000000000000000000000000000000000000000000000000000000000000000000000000000000000000000001
0010000000000000000000000000000000000000000000000000000000000000000000000000000000000000000000000000000000000000000000000000000000000000000000000000000000000001
0010000000000000000000000000000000000000000000000000000000000000000000000000000000000000000000000000000000000000000000000000000000000000000000000000000000000001
0010000000000000000000000000000000000000000000000000000000000000000000000000000000000000000000000000000000000000000000000000000000000000000000000000000000000001
0010000000000000000000000000000000000000000000000000000000000000000000000000000000000000000000000000000000000000000000000000000000000000000000000000000000000001
0010000000000000000000000000000000000000000000000000000000000000000000000000000000000000000000000000000000000000000000000000000000000000000000000000000000000001
0010000000000000000000000000000000000000000000000000000000000000000000000000000000000000000000000000000000000000000000000000000000000000000000000000000000000001
0010000000000000000000000000000000000000000000000000000000000000000000000000000000000000000000000000000000000000000000000000000000000000000000000000000000000001
0010000000000000000000000000000000000000000000000000000000000000000000000000000000000000000000000000000000000000000000000000000000000000000000000000000000000001
0010000000000000000000000000000000000000000000000000000000000000000000000000000000000000000000000000000000000000000000000000000000000000000000000000000000000001
0010000000000000000000000000000000000000000000000000000000000000000000000000000000000000000000000000000000000000000000000000000000000000000000000000000000000001
0010000000000000000000000000000000000000000000000000000000000000101010001001000000000000000000000000000000000000000000000000000000000000000000000000000000000001
0010000000000000000000000000000000000000000000000000000000000000001000000001000000000000000000000000000000000000000000000000000000000000000000000000000000000001
0010000000000000000000000000000000000000000000001010100010010000001000000001000000000000000000000000000000000000000000000000000000000000000000000000000000000001
0010000000000000000000000000000000000000000000000010000000010000001000000001000000000000000000000000000000000000000000000000000000000000000000000000000000000001
0010000000000000000000000000000000000000000000000010000001100100010001000100010001000100010001000100010001000100010001000100010001000100010100000000000000000001
0010000000000000000000000000000000000000000000000010000000010000001000000001000000100000000100000000000000000000000000000000000000000000000000000000000000000001
0010000000000000000000000000000000000000000000000010000000010000011001000101000000100000000100000000000000000000000000000000000000000000000000000000000000000001
0010000000000000000000000000000000000000000000000010000000010000000000000000000000100000000100000000000000000000000000000000000000000000000000000000000000000001
0010000000000000000000000000000000000000000000000110010001010000000000000000000000100000000100000000000000000000000000000000000000000000000000000000000000000001
0010000000000000000000000000000000000000000000000000000000000000000000000000000000100000000100000000000000000000000000000000000000000000000000000000000000000001
0010000000000000000000000000000000000000000000000000000000000000000000000000000001100100010100000000000000000000000000000000000000000000000000000000000000000001
0010000000000000000000000000000000000000000000000000000000000000000000000000000000000000000000000000000000000000000010101000100100000000000000000000000000000001
0010000000000000000000000000000000000000000000000000000000000000000000000000000000000000000000000000000000000000000000100000000100000000000000000000000000000001
0010000000000000000000000000000000000000000000000000000000000000000000000000000000000000000000000000000000000000000000100000000100000000000000000000000000000001
0010000000000000000000000000000000000000000000000000000000000000000000000000000000000000000000000000000000000000000000100000000110010000101000000000000000000001
0010000000000000000000000000000000000000000000000000000000000000000000000000000000000000000000000000000000000000000000100000000100010000001000000000000000000001
0010000000000000000000000000000000000000000000000000000010101000100010001000100010001000100010001000100010001000100010001000100010001000100100000000000000000001
0010000000000000000000000000000000000000000000000000000000000000000000000000000000000000000000000000000000000000000001100100010100010000001000000000000000000001
0010000000000000000000000000000000000000000000000000000000000000000000000000000000000000000000000000000000000000000000000000000000010000001000000000000000000001
0010000000000000000000000000000000000000000000000000000000000000000000000000000000000000000000000000000000000000000000000000000000010000001000000000000000000001
0010000000000000000000000000000000000000000000000000000000000000000000000000000000000000000000000000000000000000000000000000000000010000001000000000000000000001
0010000000000000000000000000000000000000000000000000000000000000000000000000000000000000000000000000000000000000000000000000000000010000001000000000000000000001
0010000000000000000000000000000000000000000000000000000000000000000000000000000000000000000000000000000000000000000000000000000000010000001000000000000000000001
0010000000000000000000000000000000000000000000000000000000000000000000000000000000000000000000000000000000000000000000000000000000010000001000000000000000000001
0010000000000000000000000000000000000000000000000000000000000000000000000000000000000000000000000000000000000000000000000000000001010000101010001001000000000001
0010000000000000000000000000000000000000000000000000000000000000000000000000000000000000000000000000000000000000000000000000000000000000001000000001000000000001
0010000000000000000000000000000000000000000000000000000000000000000000000000000000000000000000000000000000000000000000000000000000000000001000000001000000000001
0010000000000000000000000000000000000000000000000000000000000000000000001010100010010000000000000000000000000000000000000000000000000000001000000001000000000001
0010000000000000000000000000000000000000000000000000000000000000000000000010000000010000000000000000000000000000000000000000000000000000001000000001000000000001
0010000000000000000000000000000000000000000000000000000000000000000000000010000000010000000000000000000000000000101010001001000000000000001000000001000000000001
0010000000000000000000000000000000000000000000000000000000000000000000000010000000010000000000000000000000000000001000000001000000000000011001001010100010010001
0010000000000000000000000000000000000000000000000000000000000000000000000010000000010000000000000000000000000000001000000001000000000000000000000010000000010001
0010000000000000000000000000000000000000000000000000000000000000000000000010000000010000000000000000000000000000001000000001000000000000000000000010000000010001
0010000000000000000000000000000000000000000000000000000000000000000000000110010001010000000000000000000000000000001000000001000000000000000000000010000000010001
0010000000000000000000000000000000000000000000000000000000000000000000000000000000000000000000000000000000000000001000000001000000000000000000000010000000010001
0010000000000000000000000000000000000000000000000000000000000000000000000000000000000000000000000000000000000000011001000101000000000000000000000010000000010001
0010000000000000000000000000000000000000000000000000000000000000000000000000000000000000000000000000000000000000000000000000000000000000000000000110010001010001
0110010001000100010001000100010001000100010001000100010001000100010001000100010001000100010001000100010001000100010001000100010001000100010001000100010001000101
