1010100010001000100010001000100010001000100010001000100010001000100010001000100010001000100010001000100010001000100010001000100010001000100010001000100010001000100010001000100010001000100010001001
0010000000000000000000000000000000000000000000000000000000000000000000000000000000000000000000000000000000000000000000000000000000000000000000000000000000000000000000000000000000000000000000000001
0010000000000000000000000000000000000000000000000000000000000000000000000000000000000000000000000000000000000000000000000000000000000000000000000000000000000000000000000000000000000000000000000001
0010000000000000000000000000000000000000000000000000000000000000000000000000000000000000000000000000000000000000000000000000000000000000000000000000000000000000000000000000000000000000000000000001
0010000000000000000000000000000000000000000000000000000000000000000000000000000000000000000000000000000000000000000000000000000000000000000000000000000000000000000000000000000000000000000000000001
0010000000000000000000000000000000000000000010010000000010100000000000000000000000000000000000000000000000000000000000000000000000000000000000000000000000000000000000000000000000000000000000000001
0010000000000000011001000100010001000100010001000100010001000100010001000101000000000000000000000000000000000000000000000000000000000000000000000000000000000000000000000000000000000000000000000001
0010000000000000000001100100010001000100010001000100010001000100010001000100010001000100010100000000000000000000000000000000000000000000000000000000000000000000000000000000000000000000000000000001
0010000000000000000000000000000000000000000000010000000000100000000000000000000000000000000000000000000000000000000000000000000000000000000000000000000000000000000000000000000000000000000000000001
0010000000000000000000000000011001000100010001000100010001000100010001000100010001000100010001000100010001000100010001000100010100000000000000000000000000000000000000000000000000000000000000000001
0010000000000000000000000000000000000000000000010000000000100000100100000000000000000000000000000000000000000000000000001010000000000000000000000000000000000000000000000000000000000000000000000001
0010000000000000000000000000000000000000000000010000000000100000000100000000000000000000000000000000000000000000101010001001000000000000000000000000000000000000000000000000000000000000000000000001
0010000000000000101010001000100010001000100010001000100010001000100010001001000000000000000000000000000000000000001000000001000000000000000000000000000000000000000000000000000000000000000000000001
0010000000000000000000000000000000000000000000010000000000100000000100000000000000000000000000000000000000000000001010101000100100000000000000000000000000000000000000000000000000000000000000000001
0010000000000000000000000000000000000000000000010000000000100000000100000000000000000000000000000000000000000000001000100001000100000000000000000000000000000000000000000000000000000000000000000001
0010000000000000000000000000000000000000000000010000000000100000000100000000000000000000000000000000000000000000001000100001000100000000000000000000000000000000000000000000000000000000000000000001
0010000000000000000010101000100010001000100010001000100010001000100010001000100010001000100100000000000000000000001000100001000100000000000000000000000000000000000000000000000000000000000000000001
0010000000000000000000000000000000000000000000000000000000000000000100000000000000000000000000000000000000000000011000100101000100000000000000000000000000000000000000000000000000000000000000000001
0010000000000000000000000000000000000000000000000000000000000000000100000000000000000000000000000000000000000000000000100010000100000000000000000000000000000000000000000000000000000000000000000001
0010000000000000000000000000000000000000000000000000000000000000000100000000000000000000000000000000000000000000000001100100010100000000000000000000000000000000000000000000000000000000000000000001
0010000000000000000000000000000000000000000000000000000000000000000100000000000000000000000000000000000000000000000000000010000000000000000000000000000000000000000000000000000000000000000000000001
0010000000000000000000000000000000000000000000000000000000000000000100000000000000000000000000000000000000000000000000000010000000000000000000000000000000000000000000000000000000000000000000000001
0010000000000000000000000000000000000000000000000000000000000000000100000000000000000000000000000000000000000000000000000010000000000000000000000000000000000000000000000000000000000000000000000001
0010000000000000000000000000000000000000000000000000000000000000000100000000000000000000000000000000000000000000000000000010000000000000000000000000000000000000000000000000000000000000000000000001
0010000000000000000000000000000000000000000000000000000000000000000100000000000000000000000000000000000000000000000000001001000010100000000000000000000000000000000000000000000000000000000000000001
0010000000000000000000000000101010001000100010001000100010001000100010001000100010001000100010001000100010001000100010001000100100100000000000000000000000000000000000000000000000000000000000000001
0010000000000000000000000000000000000000000000000000000000000000000100000000000000000000000000000000000010101000100010001000100010010000000000000000000000000000000000000000000000000000000000000001
0010000000000000000000000000000000000000000000000000000000000000000100000000000000000000000000000000000000100000000000000001000000010000000000000000000000000000000000000000000000000000000000000001
0010000000000000000000000000000000000000000000000000000000000000000100000000000000000000000000000000000001100100010001000100010001000100010001000100010001000101000000000000000000000000000000000001
0010000000000000000000000000000000000000000000000000000000000000000100000000000000000000000000000000000000000000000000000001000000100000000100000000000000000000000000000000000000000000000000000001
0010000000000000000000000000000000000000000000000000000000000000000100000000000000000000000000000000000000000000000010101000100100100000000100000000000000000000000000000000000000000000000000000001
0010000000000000000000000000000000000000000000000000000000000000000100000000000000000000000000000000000000000000000000100001000100100000000100000000000000000000000000000000000000000000000000000001
0010000000000000000000000000000000000000000000000000000000000000010100000000000000000000000000000000000000000000000000100001000100100000000100000000000000000000000000000000000000000000000000000001
0010000000000000000000000000000000000000000000000000000000000000000000000000000000000000000000000000000010101000100010001000100010001000100010001000100010001001000000000000000000000000000000000001
0010000000000000000000000000000000000000000000000000000000000000000000000000000000000000000000000000000000000000000000100101000101100100010100000000000000000000000000000000000000000000000000000001
0010000000000000000000000000000000000000000000000000000000000000000000000000000000000000000000000000000000000000000000100000000100000000000000000000000000000000000000000000000000000000000000000001
0010000000000000000000000000000000000000000000000000000000000000000000000000000000000000000000000000000000000000000001100100010100000000000000000000000000000000000000000000000000000000000000000001
0010000000000000000000000000000000000000000000000000000000000000000000000000000000000000000000000000000000000000000000000000000000000000000000000000000000000000000000000000000000000000000000000001
0010000000000000000000000000000000000000000000000000000000000000000000000000000000000000000000000000000000000000000000000000000000000000000000000000000000000000000000000000000000000000000000000001
0110010001000100010001000100010001000100010001000100010001000100010001000100010001000100010001000100010001000100010001000100010001000100010001000100010001000100010001000100010001000100010001000101
