1010100010001000100010001000100010001000100010001000100010001000100010001000100010001000100010001000100010001000100010001000100010001000100010001000100010001000100010001001
0010000000000000000000000000000000000000000000000000000000000000000000000000000000000000000000100000000100000000000000000000000000000000000000000000000000000000000000000001
0010000000000000000000000000000000000000000000000000000000000000000000000000000000000000000000100000000100000000000000000000000000000000000000000000000000000000000000000001
0010000000000000000000000000000000000000000000000000000000000000000000000000000000000000000000100000000100000000000000000000000000000000000000000000000000000000000000000001
0010000000000000000000000000000000000000000000000000000000000000000000000000000000000000000000100000000100000000000000000000000000000000000000000000000000000000000000000001
0010000000000000000000000000000000000000000000000000000000000000000000000000000000000000000000100000000100001010100010010000000000000000000000000000000000000000000000000001
0010000000000000000000000000000000000000000000000000000000000000000000000000000000000000000001100100010100000010000000010000000000000000000000000000000000000000000000000001
0010000000000000000000000000000000000000000000000000000000000000000000000000000000000000000000000000000000000010000000010000000000000000000000000000000000000000000000000001
0010000000000000000000000000000000000000000000000000000000000000000000000000000000000000000000000000000000000010000000010000000000000000000000000000000000000000000000000001
0010000000000000000000000000000000000000000000000000000000001001000000000000000000000000000000000000000000000010000010100000101000000000000000000000000000000000000000000001
0010000000000000000000000000000000000000000000000000000000000001000000000000000000000000000000000000000000000010000000100000001000000000000000000000000000000000000000000001
0010000000000000000000000000000000000000000000000000000000000001000000000000000000000000000000000000000000000110010000100000001000000000000000000000000000000000000000000001
0010000000000000000000000000000000000000000000000000000000000001000000001001000000000000000000000000000000000000000000100000101000000000000000000000000000000000000000000001
0010000000000000000000000000000000000000000000000000000000000001000000000001000000000000000000000000000000000000000000100000001000000000000000000000000000000000000000000001
0010000000000000000000000000000000000000000000000000000000000001000000000001000000000000000000000000000000000000000000100000001000000000000000000000000000000000000000000001
0010000000000000000000000000000000000000000000000000000000000001000000000001000000000000000000000000000000000000000000100000001000000000000000000000000000000000000000000001
0010000000000000000000000000000000000000000000000000000000000001000000000001000000000000000000000000000000000000000000100000001000000000000000000000000000000000000000000001
0010000000000000000000000000000000000000000000000000000000000001000000000001000000000000000000000000000000000000000000100000001000000000000000000000000000000000000000000001
0010000000000000000000000000000000000000000000000000000000000001000000000001000000000000000000000000000000000000000000100000001000000000000000000000000000000000000000000001
0010000000000000000000000000000000000000000000000000000000000001000000000001000000000000000000000000100100000000000000100000001010100000000000000000000000000000000000000001
0010000000000000000000000000000000000000000000000000000000000001000000000001000000000000000000000000000100000000000000100000001000100000000000000000000000000000000000000001
0010000000000000000000000000000000000000000000000000000000000001000000000001000000000000000000000000000100000000000000100000001000100000000000000000000000000000000000000001
0010000000000000000000000000000000000000000000000000000000000001000000000001000000000000000000000000000100000000000000100000001000100000000000000000000000000000000000000001
0010000000000000000000000000000000000000000000000000000000000001000000000001000000000000000000000000000100000000000000100000001000100000000000000000000000000000000000000001
0010000000000000000000000000000000000000000000000000000000000001000000000001000000000000000000000000000100000000000000100000001000100000000000000000000000000000000000000001
0010000000000000000000000000000000000000000000000000000000000001000000000001000000000000000000000000000100000000000000100000001000100000000000000000000000000000000000000001
0010000000000000000000000000000000000000000000000000000000000001000000000001000000000000000000000000000100000000000000100000001000100000000000000000000000000000000000000001
0010000000000000000000000000000000000000000000000000000000000001000000000001000000000000000000000000000100000000000000100000001000100000000000000000000000000000000000000001
0010000000000000000000000000000000000000000000000000000000000001000000000001000000000000000000000000000100000000000000100000001000100000000000000000000000000000000000000001
0010000000000000000000000000000000000000000000000000000000000001000000000001000000000000000000000000000100000110010001000100010001000100010001000100010001000101000000000001
0010000000000000000000000000000000000000000000000000000000000001000000000001000000000000000000000000000100000000000000101010100010010000000000000000000000000000000000000001
0010000000000000000000000000000000000000000000000000000000000001000000000001000000000000000000001010100010010000000001100010001000010000000000000000000000000000000000000001
0010000000000000000000000000000000000000000000000000000000000001000000000001000000000000000000000010000100010000000000000010001000010000000000000000000000000000000000000001
0010000000000000000000000000000000000000000000000000000000000101000000000101000000000000000000000010000100011010100010001000100010001000100010001000100010001001000000000001
0010000000000000000000000000000000000000000000000000000000000000000000000000000000000000000000000010010100010000000000000010000000010000000000000000000000000000000000000001
0010000000000000000000000000000000000000000000000000000000000000000000000000000000000000000000000010000000010000000000000010000000010000101010001000100010001000100010010001
0010000000000000000000000000000000000000000000000000000000000000000000000000000000000000000000000010000000010000000000000110010001010000011001000100010001000100010001010001
0010000000000000000000000000000000000000000000000000000000000000000000000000000000000000000000000110010001010000000000000000000000000000000000000000000000000000000000000001
0010000000000000000000000000000000000000000000000000000000000000000000000000000000000000000000000000000000000000000000000000000000000000000000000000000000000000000000000001
0010000000000000000000000000000000000000000000000000000000000000000000000000000000000000000000000000000000000000000000000000000000000000000000000000000000000000000000000001
0010000000000000000000000000000000000000000000000000000000000000000000000000000000000000000000000000000000000000000000000000000000000000000000000000000000000000000000000001
0010000000000000000000000000000000000000000000000000000000000000000000000000000000000000000000000000000000000000000000000000000000000000000000000000000000000000000000000001
0010000000000000000000000000000000000000000000000000000000000000000000000000000000000000000000000000000000000000000000000000000000000000000000000000000000000000000000000001
0010000000000000000000000000000000000000000000000000000000000000000000000000000000000000000000000000000000000000000000000000000000000000000000000000000000000000000000000001
0010000000000000000000000000000000000000000000000000000000000000000000000000000000000000000000000000000000000000000000000000000000000000000000000000000000000000000000000001
0110010001000100010001000100010001000100010001000100010001000100010001000100010001000100010001000100010001000100010001000100010001000100010001000100010001000100010001000101
