1010100010001000100010001000100010001000100010001000100010001000100010001000100010001000100010001000100010001000100010001000100010001000100010001000100010001001
0010000000000000000000000000000000000000000000000000000000000000000000000000000000000000000000000000000000000000000000000000000000000000000000000000000000000001
0010000000000000000000000000000010010000101000000000000000000000000000000000000000000000000000000000000000000000000000000000000000000000000000000000000000000001
0010000000000000000000001010100010010000001000000000000000000000000000000000000000000000000000000000000000000000000000000000000000000000000000000000000000000001
0010000000000000000000000010000000010000001000000000000000000000000000000000000000000000000000000000000000000000000000000000000000000000000000000000000000000001
0010000000000000000000000010000000010000001000000000000000000000000000000000000000000000000000000000000000000000000000000000000000000000000000000000000000000001
0010000000000000000000000010000000010000001000000000000000000000000000000000000000000000000000000000000000000000000000000000000000000000000000000000000000000001
0010000000000000000000000010000000010000001000000000100100000000000000000000000000000000000000000000000010100000000000000000000000000000000000000000000000000001
0010000000000000000000000010000000010000001000000000000100000000000000000000000000000000000000000000000000100000000000000000000000000000000000000000000000000001
0010000000000000000000000110011001000100010001000100010001000100010001010000000000000000000000000000000000100000000000000000000000000000000000000000000000000001
0010000000000000000000000000000000010000001000000000000100000000000000000000000000000000000000000000000000100000000000000000000000000000000000000000000000000001
0010000000000000000000000000101010001000100010001010100010011000100010010000000000000000000000000000000000100000000000000000000000000000000000000000000000000001
0010000000000000000000000000000001010000011000000010000100010000000000000000000000000000000000000000000000100000000000000000000000000000000000000000000000000001
0010000000000000000000000000000000000000000000000010000100010000000000000000000000000000000000000000000000100000000000000000000000000000000000000000000000000001
0010000000000000000000000000000000000000000000000010000100010000000000000000000000000000000000000000000000100000000000000000000000000000000000000000000000000001
0010000000000000000000000000000000000000000000000010000100010000000000000000000000000000000000000000000000100000000000000000000000000000000000000000000000000001
0010000000000000000000000000101010001001000000000010000100010000000000000000000000000000000000000000000000100000000000000000000000000000000000000000000000000001
0010000000000000000000000000001000000001000000000110010001010000000000000000000000000000000000000000000000100000000000000000000000000000000000000000000000000001
0010000000000000000000000000001000000001000000000000000100000000000000000000000000000000000000000000000000100000000000000000000000000000000000000000000000000001
0010000000000000000000000000001000000001000000000000000100000000000000000000000000000000000000000000000000100000000000000000000000000000000000000000000000000001
0010000000000000000000000000001000000001000000000000101010001001000000000000000000000000000000000000000000100000000000000000000000000000000000000000000000000001
0010000000000000000000000000001000000001000000000000001000000001000000000000000000000000000000000000000000100000000000000000000000000000000000000000000000000001
0010000000000000000000000000011001000101000000000000001000000001000000000000000000000000000000000000000000100000000000000000000000000000000000000000000000000001
0010000000000000000000000000000000000000000000000000001000000001000000000000000000000000000000000000000000100000000000000000000000000000000000000000000000000001
0010000000000000000000000000000000000000000000000000001000000001000000000000000000000000000000000000000000100000000000001001101000000000000000000000000000000001
0010000000000000000000000000000000000000000000000000001000000001000000000000000000000000000000000000000000100000000000000001001000000000000000000000000000000001
0010000000000000000000000000000000000000000000000000011001000101000000000000101010001001000000000000000000100000000000000001001000000000000000000000000000000001
0010000000000000000000000000000000000000000000000000000100000000000000000000001000000001000000000000000000100000000000000001001000000000000000000000000000000001
0010000000000000000000000000000000000000000000000000010100000000000000000000001000000001000000000000000001100000000000000001001000000000000000000000000000000001
0010000000000000000000000000000000000000000000000000000000000000000000000000001000000001000000000000000000000000000000000001001000000000000000000000000000000001
0010000000000000000000000000000000000000000000000000000000000000000000000000001000000001000000000000000000000000000000000001001000000000000000000000000000000001
0010000000000000000000000000101010001001000000000000000000000000000000000000001000000001000000000000000000000000000000000001001000000000000000000000000000000001
0010000000000000000000000000001000000001000000000000000000000000000000000000011001000101000000000000000000000000000000000001001000000000000000000000000000000001
0010000000000000000000000000001000000001000000000000000000000000000000000000000000000000000000000000000000000000000000000101011000000000000000000000000000000001
0010000000000000000000000000001000000001000000000000000000000000000000000000000000000000000000000000000000000000000000000000000000000000000000000000000000000001
0010000000000000000000000000001000000001000000000000000000000000000000000000000000000000000000000000000000000000000000000000000000000000000000000000000000000001
0010000000000000000000000000001000000001000000000000000000000000000000000000000000000000000000000000000000000000000000000000000000000000000000000000000000000001
0010000000000000000000000000011001000101000000000000000000000000000000000000000000000000000000000000000000000000000000000000000000000000000000000000000000000001
0010000000000000000000000000000000000000000000000000000000000000000000000000000000000000000000000000000000000000000000000000000000000000000000000000000000000001
0010000000000000000000000000000000000000000000000000000000000000000000001010100010010000000000000000000000000000000000000000000000000000000000000000000000000001
0010000000000000000000000000000000000000000000000000000000000000000000000010000000010000000000000000000000000000000000000000000000000000000000000000000000000001
0010000000000000000000000000000000000000000000000000000000000000000000000010000000010000000000000000000000000000000000000000000000000000000000000000000000000001
0010000000000000000000000000000000000000000000000000000000000000000000000010000000010000000000000000000000000000000000000000000000000000000000000000000000000001
0010000000000000000000000000000000000000000000000000000000000000000000000010000000010000000000000000000000000000000000000000000000000000000000000000000000000001
0010000000000000000000000000000000000000000000000000000000000000000000000010000000010000000000000000000000000000000000000000000000000000000000000000000000000001
0010000000000000000000000000000000000000000000000000000000000000000000000110010001010000000000000000000000000000000000000000000000000000000000000000000000000001
0010000000000000000000000000000000000000000000000000000000000000000000000000000000000000000000000000000000000000000000000000000000000000000000000000000000000001
0010000000000000000000000000000000000000000000000000000000000000000000000000000000000000000000000000000000000000000000000000000000000000000000000000000000000001
0110010001000100010001000100010001000100010001000100010001000100010001000100010001000100010001000100010001000100010001000100010001000100010001000100010001000101
