10101000100010001000100010001000100010001000100010001000100010001000100010001000100010001000100010001000100010001000100010001000100010001000100010001000100010001000100010001001
00100000000000000000000000000000000000000000000000000000000000000000000000000000000000000000000000000000000000000000000000000000000000000000000000000000000000000000000000000001
00100000000000000000000000000000100110101000100100000000101000000000000000000000000000000000000000000000000000000000000000000000000000000000000000000000000000000000000000000001
00100000000000000000000000000000000100100000000100000000001000000000000000000000000000000000000000000000000000000000000000000000000000000000000000000000000000000000000000000001
00100000000000000000000010101000100100100000000100000000001000000000000000000000000000000000000000000000000000000000000000000000000000000000000000000000000000000000000000000001
00100000000000000000000000100000000100100000000100000000001000000000000000000000000000000000000000000000000000000000000000000000000000000000000000000000000000000000000000000001
00100000000000000000000000100000000100100000101010001001001000000000000000000000000000000000000000000000000000000000000000000000000000000000000000000000000000000000000000000001
00100000000000000000000000100000000100100000001000000001001000000000000000000000000000000000000000000000000000000000000000000000000000000000000000000000000000000000000000000001
00100000000000000000000000100000000101100100001000000001001000000000000000000000000000000000000000000000000000000000000000000000000000000000000000000000000000000000000000000001
00100000000000000000000000100000000100000000001000000001001000000000000000000000000000000000000000000000000000000000000000000000000000000000000000000000000000000000000000000001
00100000000000000000000001100100010100000000001000000001001000000000000000000000000000000000000000000000000000000000000000000000000000000000000000000000000000000000000000000001
00100000000000000000000000000000000100000000001000000001001000000000000000000000000000000000000000000000000000000000000000000000000000000000000000000000000000000000000000000001
00100000000000000000000000000000000100000000011001000101001000000000000000000000000000000000000000000000000000000000000000000000000000000000000000000000000000000000000000000001
00100000000000000000000000000000000100000000000000000000001000000000000000000000000000000000000000000000000000000000000000000000000000000000000000000000000000000000000000000001
00100000000000000000000000000000000100000000000000000000001010101000100100000000000000000000000000000000000000000000000000000000000000000000000000000000000000000000000000000001
00100000000000000000000000000000000100000000000000000000001000100000000100000000000000000000000000000000000000000000000000000000000000000000000000000000000000000000000000000001
00100000000000000000000000000000010100000000000000000000011000100000000100000000000000000000000000000000000000000000000000000000000000000000000000000000000000000000000000000001
00100000000000000000000000000000000000000000000000000000000000100000000100000000000000000000000000000000000000000000000000000000000000000000000000000000000000000000000000000001
00100000000000000000000000000000000000000000000000000000000000100000000100000000000000000000000000000000000000000000000000000000000000000000000000000000000000000000000000000001
00100000000000000000000000000000000000000000000000000000000000100000000100000000000000000000000000000000000000000000000000000000000000000000000000000000000000000000000000000001
00100000000000000000000000000000000000000000000000000000000001100100010100000000000000000000000000000000000000000000000000000000000000000000000000000000000000000000000000000001
00100000000000000000000000000000000000000000000000000000000000000000000000000000000000000000000000000000000000000000000000000000000000000000000000000000000000000000000000000001
00100000000000000000000000000000000000000000000000000000000000000000000000001010100010010000000000000000000000000000000000000000000000000000000000000000000000000000000000000001
00100000000000000000000000000000000000000000000000000000000000000000000000000010000000010000000000000000000000000000000000000000000000000000000000000000000000000000000000000001
00100000000000000000000000000000000000000000000000000000000000000000000000000010000000010000000000000000000000000000000000000000000000000000000000000000000000000000000000000001
00100000000000000000000000000000000000000000000000000000000000000000000000000010000000010000011001000100010001000100010001000100010001000100010100000000000000000000000000000001
00100000000000000000000000000000000000000000000000000000000000000000000000000010000000010000000000000000000000000000000000000000000000000000000000000000000000000000000000000001
00100000000000000000000000000000000000000000000000000000000000000000000000000010000000010000000000000000000000000000000000000000000000000000000000000000000000000000000000000001
00100000000000000000000000000000000000000000000000000000000000000000000000000110010001010000000000000000000000000000000000000000000000000000000000000000000000000000000000000001
00100000000000000000000000000000000000000000000000000000000000000000000000000000000000000000101010001000100010001000100010001000100010001000100100000000000000000000000000000001
00100000000000000000000000000000000000000000000000000000000000001010100010010000000000000000000000000000000000000000000000000000000000000000000000000000000000000000000000000001
00100000000000000000000000000000000000000000000000000000000000000010000000010000000000000000000000000000000000000000000000000000000000000000000000000000000000000000000000000001
00100000000000000000000000000000000000000000000000000000000000000010000000010000000000000000000000000000000000000000000000000000000000000000000000000000000000000000000000000001
00100000000000000000000000000000000000000000000000000000000000000010000000010000000000000000000000000000000000000000000000000000000000000000000000000000000000000000000000000001
00100000000000000000000000000000000000000000000000000000000000000010000000010000000000000000000000000000000000000000000000000000000000000000000000000000000000000000000000000001
00100000000000000000000000000000000000000000000000000000000000000010000000010000000000000000000000000000000000000000000000000000000000000000000000000000000000000000000000000001
00100000000000000000000000000000000000000000000000000000000000000110010001010000000000000000000000000000000000000000000000000000000000000000000000000000000000000000000000000001
00100000000000000000000000000000000000000000000000000000000000000000000000000000000000000000000000000000000000000000000000000000000000000000000000000000000000000000000000000001
00100000000000000000000000000000000000000000000000000000000000000000000000000000000000000000000000000000000000000000000000000000000000000000000000000000000000000000000000000001
00100000000000000000000000000000000000000000000000000000000000000000000000000000000000000000000000000000000000000000000000000000000000000000000000000000000000000000000000000001
00100000000000000000000000000000000000000000000000000000000000000000000000000000000000000000000000000000000000000000000000000000000000000000000000000000000000000000000000000001
00100000000000000000000000000000000000000000000000000000000000000000000000000000000000000000000000000000000000000000000000000000000000000000000000000000000000000000000000000001
00100000000000000000000000000000000000000000000000000000000000000000000000000000000000000000000000000000000000000000000000000000000000000000000000000000000000000000000000000001
00100000000000000000000000000000000000000000000000000000000000000000000000000000000000000000000000000000000000000000000000000000000000000000000000000000000000000000000000000001
01100100010001000100010001000100010001000100010001000100010001000100010001000100010001000100010001000100010001000100010001000100010001000100010001000100010001000100010001000101
