101010001000100010001000100010001000100010001000100010001000100010001000100010001000100010001000100010001000100010001000100010001000100010001000100010001000100010001000100010001000100010001000100010001000100010001001
001000000000000000000000000000000000000000000000000000000000000000000000000000000000000000000000000000000000000000000000000000000000000000000000000000000000000000000000000000000000000000000000000000000000000000000001
001000000000000000000000000000001001000000000000000000000000000000000000000000000000000000000000000000000000000010100000000000000000000000000000000000000000000000000000000000000000000000000000000000000000000000000001
001000000000000000000000000000000001100100000000000000000000000000000000000010100000000000000000000000000000000000100000000000000000000000000000000000000000000000000000000000000000000000000000000000000000000000000001
001000000000000000000000000000000001000110010000101000000000000000000000000000100000000000000000000000000000000000100000000000000000000000000000000000000000000000000000000000000000000000000000000000000000000000000001
001000000000000000000000000000000001000100011001001000000000000000000000000000100000000000000000000000000000101000100000000000000000000000000000000000000000000000000000000000000000000000000000000000000000000000000001
001000000000000000000000000000000001000100010001001000000000000000000000000000100000000000000000000000000000001000100000000000000000000000000000000000000000000000000000000000000000000000000000000000000000000000000001
001000000000000000000000000000000001000100010001001000000000000000000000000000100000000000000000000000000000001000100000000000000000000000000000000000000000000000000000000000000000000000000000000000000000000000000001
001000000000000000000000000000000001000100010001001000000000000000000000000000100000000000000000000000000000001000100000000000000000000000000000000000000000000000000000000000000000000000000000000000000000000000000001
001000000000000000000000000000000001000100010001001000000000000000000000000000100000000000000000000000000000001000100000000000000000000000000000000000000000000000000000000000001010100010010000000000000000000000000001
001000000000000000001010100010010001000100010001001000000000000000000000000000100000000000000000000000000000001000100000000000000000000000000000000000000000000000000000000000000010000000010000000000000000000000000001
001000000000000000000010000000010001000100010001001000000000000000000000000000100000000000000000000000000000001000100000000000000000000000000000000000000000000000000000000000000010000000010000000000000000000000000001
001000000000000000000010000000010001000100010001001000000000000000000000000000100000000000000000000000000000001000100000000000000000000000000000000000000000000000000000000000000010000000010000000000000000000000000001
001000000000000000000010000000010001000100010001001000000000000000000000000000100000000000000000000000000000001000100000000000000000000000000000000000000000000000000000000000000010000000010000000000000000000000000001
001000000000000000000010000000010001000101010001011000000000000000000000000000100000000000000000000000000000001000100000000000000000000000000000000000000000000000000000000000000010000000010000000000000000000000000001
001000000000000000000010000000010001000100000001000000000000000000000000000000100000000000000000000000000000001000100000000000000000000000000000000000000000000000000000000000000110010001010000000000000000000000000001
001000000000000000000110010001010001000100000001000000000000000000000000000000100000000000000000000000000000001000100000000000000000000000000000000000000000000000000000000000000000000000000000000000000000000000000001
001000000000000000000000000000000001000100000001000000000000000000000000000000100000000000000000000000000000001000100000000000000000000000000000000000000000000000000000000000000000000000000000000000000000000000000001
001000000000000000000000000000000001000100000001000000000000000000000000000000100000000000000000000000000000001000100000000000000000000000000000000000000000000000000000000000000000000000000000000000000000000000000001
001000000000000000000000000000000001000100000001000000000000000000000000000000100000000000000000000000000000001000100000000000000000000000000000000000000000000000000000000000000000000000000000000000000000000000000001
001000000000000000000000000000000001000100000001000000000000000000000000000000100000000000000000000000000000001000100000000000000000000000000000000000000000000000000000000000000000000000000000000000000000000000000001
001000000000000000000000000000000001010100000001000000000000000000000000000001100000000000000000000000000000001000100000000000000000000000000000000000000000000000000000000000000000000000000000000000000000000000000001
001000000000000000000000000000000001000000000001000000000000000000000000000000000000000000000000000000000000001000100000000000000000000000000000000000000000000000000000000000000000000000000000000000000000000000000001
001000000000000000000000000000000001000000000001000000000000000000000000000000000000000000000000000000000000001000100000000000000000000000000000000000000000000000000000000000000000000000000000000000000000000000000001
001000000000000000000000000000000001000000000001000000000000000000000000000000000000000000000000000000000000001000100000000000000000000000000000000000000000000000000000000000000000000000000000000000000000000000000001
001000000000000000001010100010010001000000000001000000000000000000000000000000000000000000000000000000000000001000100000000000000000000000000000000000000000000000000000000000000000000000000000000000000000000000000001
001000000000000000000010000000010001000000000001000000000000000000000000000000000000000000000000000000000000001000100000000000000000000000000000000000000000000000000000000000000000000000000000000000000000000000000001
001000000000000000000010000000010001000000000001000000000000000000000000000000000000000000000000000000000000001000100000000000000000000000000000000000000000000000000000000000000000000000000000000000000000000000000001
001000000000000000000010000000010001000000000001000000000000000000000000000000000000000000000000000000000000001000100000000000000000000000000000000000000000000000000000000000000000000000000000000000000000000000000001
001000000000000000000010000000010001000000000101000000000000000000000000000000000000000000000000000000000000011000100000000000000000000000000000000000000000000000000000000000000000000000000000000000000000000000000001
001000000000000000000010000000010101000000000000000000000000000000000000000000000000000000000000000000000000000001100000000000000000000000000000000000000000000000000000000000000000000000000000000000000000000000000001
001000000000000000000110010001010000000000000000000000000000000000000000000000000000000000000000000000000000000000000000000000000000000000000000000000000000000000000000000000000000000000000000000000000000000000000001
001000000000000000000000000000000000000000000000000000000000000000000000000000000000000000000000000000000000000000000000000000000000000000000000000000000000000000000000000000000000000000000000000000000000000000000001
001000000000000000000000000000000000000000000000000000000000000000000000000000000000000000000000000000000000000000000000000000000000000000000000000000000000000000000000000000000000000000000000000000000000000000000001
001000000000000000000000000000000000000000000000000000000000000000000000000000000000000000000000000000000000000000000000000000000000000000000000000000000000000000000000000000000000000000000000000000000000000000000001
001000000000000000000000000000000000000000000000000000000000000000000000000000000000000000000000000000000000000000000000000000000000000000000000000000000000000000000000000000000000000000000000000000000000000000000001
011001000100010001000100010001000100010001000100010001000100010001000100010001000100010001000100010001000100010001000100010001000100010001000100010001000100010001000100010001000100010001000100010001000100010001000101
