10101000100010001000100010001000100010001000100010001000100010001000100010001000100010001000100010001000100010001000100010001000100010001000100010001000100010001001
00100000000000000000000000001001000000000000000000000000000000000000000000000000000000000000000000000000000000000000000000000000000000000000000010100000000000000001
00100000000000000000000000000001000000000000000000000000000000000000000000000000000000000000000000000000000000000000000000000000000000000000000000100000000000000001
00100000000000000000000000000001000000000000000000000000000000000000000000000000000000000000000000000000000000000000000000000000000000000000000000100000000000000001
00100000000000000000000000000001000000000000000000000000000000000000000000000000000000000000000000000000000000000000000000000000000000000000000000100000000000000001
00100000000000000000000000000001000000000000100100000000000000000000000000000000000000001010000000000000000000000000000000000000000000000000000000100000000000000001
00100000000000000000000000000001000000000000000110010000000000000000101000000000000000000010000000000000000000000000000000000000000000000000000000100000000000000001
00100000000000000000011001000100010001000100010001000100010001010000001000000000000000000010000000000000000000000000000000000000000000000000000000100000000000000001
00100000000000000000000001100100010001000100010001000100010001000100010001000100010001000100010001000100010001000100010001000100010001000100010100100000000000000001
00100000000000000000101010001000100010001000100010001000100010010000001000100000000000000010000000000000000000000000000000000000000000000000000000100000000000000001
00100000000000000000000000000001011001000100010001000100010001000100010001000100010001000100010001000100010001010000000000000000000000000000000000100000000000000001
00100000000000000000000000000001000000000000000100010000000100000000001000100000000000000010000000000000000000000000000000000000000000000000000000100000000000000001
00100000000000000000000000000001000000000000000100010000000100000000001000100000000000000010000000000000000000000000000000000000000000000000000000100000000000000001
00100000000000000000000000000001000000000000000100010000000100000000001000100000000000000010000000000000000000000000000000000000000000000000000000100000000000000001
00100000000000000000000000000001000000000000000100010000000100000000001000100000000000000010000000000000000000000000000000000000000000000000000000100000000000000001
00100000000000000000000000000001000000000000000100010000000100000000001000100000000010010010000010100000000000000000000000000000000000000000000000100000000000000001
00100000000000000000000000000001000000000000000100010000000100000000001000100000000000010010000000100000000000000000000000000000000000000000000000100000000000000001
00100000000000000000000000000001000000000000000100010000000100000000001000100000000000010010000000100000000000000000000000000000000000000000000000100000000000000001
00100000000000000000000000000001000000000000000100010000000100000000001000100000000000010010000010010000000000000000101000000000000000000000000000100000000000000001
00100000000000000000000000000001000000000000000101010000000100000000011000101010100010001000100010001001000000000000001000000000000000000000000000100000000000000001
00100000000000000000000000000001000000000000000100000000010100000000000001100010000000010010000000010001000000000000001000000000000000000000000000100000000000000001
00100000000000000000000000000001101010001000100010001000100010001000100010001000100010001000100010001000100010010000001000000000000000000000000000100000000000000001
00100000000000000000000000000001000000000000000100000000000000000000000000000000000000010010000000010000000000000000001000000000000000000000000000100000000000000001
00100000000000000000000000000001000000000000000100000000000000000000000000000000000000010010000000010000000000000000001000000000000000000000000000100000000000000001
00100000000000000000000000000001000000000000010100000000000000000000000000000000000000010110000000010000000000000000001000000000000000000000000000100000000000000001
00100000000000000000000000000001000000000000000000000000000000000000000000000000000000010000000000010000000000000000001000000000000000000000000000100000000000000001
00100000000000000000000000000001000000000000000000000000000000000000000000000000000001010000000000010000000000000000001000000000000000000000000000100000000000000001
00100000000000000000000000000001000000000000000000000000000000000000000000000000000000000000000000010000000000000000001000000000000000000000000000100000000000000001
00100000000000000000000000000001000000000000000000000000000000000000000000000000000000000000000000010000000000000000001000000000000000000000000000100000000000000001
00100000000000000000000010101000100010001000100010001000100010001000100010001010100010011000100010001000100010001000100010001000100010001000100100100000000000000001
00100000000000000000000000000001000000000000000000000000000000000000000000000010000000010000000000010000000000000000001000000000000000000000000000100000000000000001
00100000000000000000000000000001000000000000000000000000000000000000000000000010000000010000000001010000000000000000011000000000000000000000000000100000000000000001
00100000000000000000000000000001000000000000000000000000000000000000000000000010000000010000000000000000000000000000000000000000000000000000000000100000000000000001
00100000000000000000000000000001000000000000000000000000000000000000000000000010000000010000000000000000000000000000000000000000000000000000000000100000000000000001
00100000000000000000000000000001000000000000000000000000000000000000000000000010000000010000000000000000000000000000000000000000000000000000000000100000000000000001
00100000000000000000000000000001000000000000000000000000000000000000000000000110010001010000000000000000000000000000000000000000000000000000000000100000000000000001
00100000000000000000000000000001000000000000000000000000000000000000000000000000000000000000000000000000000000000000000000000000000000000000000000100000000000000001
00100000000000000000000000000001000000000000000000000000000000000000000000000000000000000000000000000000000000000000000000000000000000000000000000100000000000000001
00100000000000000000000000000101000000000000000000000000000000000000000000000000000000000000000000000000000000000000000000000000000000000000000001100000000000000001
00100000000000000000000000000000000000000000000000000000000000000000000000000000000000000000000000000000000000000000000000000000000000000000000000000000000000000001
00100000000000000000000000000000000000000000000000000000000000000000000000000000000000000000000000000000000000000000000000000000000000000000000000000000000000000001
00100000000000000000000000000000000000000000000000000000000000000000000000000000000000000000000000000000000000000000000000000000000000000000000000000000000000000001
00100000000000000000000000000000000000000000000000000000000000000000000000000000000000000000000000000000000000000000000000000000000000000000000000000000000000000001
00100000000000000000000000000000000000000000000000000000000000000000000000000000000000000000000000000000000000000000000000000000000000000000000000000000000000000001
00100000000000000000000000000000000000000000000000000000000000000000000000000000000000000000000000000000000000000000000000000000000000000000000000000000000000000001
00100000000000000000000000000000000000000000000000000000000000000000000000000000000000000000000000000000000000000000000000000000000000000000000000000000000000000001
00100000000000000000000000000000000000000000000000000000000000000000000000000000000000000000000000000000000000000000000000000000000000000000000000000000000000000001
01100100010001000100010001000100010001000100010001000100010001000100010001000100010001000100010001000100010001000100010001000100010001000100010001000100010001000101
