1010100010001000100010001000100010001000100010001000100010001000100010001000100010001000100010001000100010001000100010001000100010001000100010001001
0010000000000000000000000000000000000000000000000000000000000000000000000000000000000000000000000000000000000000000000000000000000000000000000000001
0010000000000000000000000000000000000000000000000000000000000000000000000000000000000000000000000000000000000000000000000000000000000000000000000001
0010000000000000000000000000000000001001000000000000000000000000000000000000000000000000000000000000000000000000101000000000000000000000000000000001
0010000000000000000000000000000000000001000000000000000000000000000000000000000000000000000000000000000000000000001000000000000000000000000000000001
0010000000000000000000000000000000000001000000000000000000000000000000000000000000000000000000000000000000000000001000000000000000000000000000000001
0010000000000000000000000000000000000001000000000000000000000000000000000000000000000000000000000000000000000000001000000000000000000000000000000001
0010000000001010100010010000000000000001000000000000100100000000000010100000000000000000000000000000000000000000001000000000000000000000000000000001
0010000000000010000000010000000000000001000000000000000100000000000000100000000000000000000000000000000000000000001000000000000000000000000000000001
0010000000000010000000010000000000000001000000000000000100000000000000100000000000000000000000000000000000000000001000000000000000000000000000000001
0010000000000010000000010000000000000001000000000000000100000000000000100000000000000000000000000000000000000000001000000000000000000000000000000001
0010000000000010000000010000000000000001000000000000000100000000000000100000000000000000000000000000000000000000001000000000000000000000000000000001
0010000000000010000010101000100100000001000000000000000100000000000000100000000000000000000000000000000000000000001000000000000000000000000000000001
0010000000000110010000100000000100000001000000000000000100000000000000100000000000000000000000000000000000000000001000000000000000000000000000000001
0010000000000000000000100000000100000001000000000000000100000000000000100000000010010000000000000000000000000000001000000000000000000000000000000001
0010000000000000000000100000000100000001000000000000000100000000000000100000000000010000000000000000000000000000001000000000000000000000000000000001
0010000000000000000000100000000100000001000000000000000100000000000000100000101010001001000000000000000000000000001000000000000000000000000000000001
0010000000000000000000100000000100000001000000000000000100000000000000100000001000010001000000000000000000000000001000000000000000000000000000000001
0010000000000000000001100100010100000001000000000000000100000000000000100000001000010001000000000000000000000000001000000000000000000000000000000001
0010000000000000000000000000000000000001000000000000010100000000000001100000001000010001000000000000000000000000001000000000000000000000000000000001
0010000000000000000000000000000000000001000000000000000000000000000000000000001000011010100010001000100010010000001000000000000000000000000000000001
0010000000000000000000000000000000000001000000000000000000000000000000000000001000010010000000000000000000010000001000000000000000000000000000000001
0010000000000000000000000000000000000001000000000000000000000000000000000000011001000010000000000000000000010000001000000000000000000000000000000001
0010000000000000000000000000000000000001000000000000000000000000000000000000000000010110010001000100010001010000001000000000000000000000000000000001
0010000000000000000000000000000000000001000000000000000000000000000000000000000000010000000000000000000000000000001000000000000000000000000000000001
0010000000000000000000000000000000000001000000000000000000001010100010010000000000010000000000000000000000000000001000000000100110100000000000000001
0010000000000000000000000000000000000001000000000000000000000010000000010000000000010000000000000000000000000000001000000000000100100000000000000001
0010000000000000000000000000000000000001000000000000000000000010000000010000000000010000000000000000000000000000001000000000000100100000000000000001
0010000000000000000000000000000000000001000000000000000000000010000000010000000000010000000000000000000000000000001000000000000100100000000000000001
0010000000000000000000000000000000000001000000000000000000000010000000010000000000010000000000000000000000000000001000000000000100100000000000000001
0010000000000000000000000000000000000101000000000000000000000010000000010000000000010000000000000000000000000000011000000000000100100000000000000001
0010000000000000000000000000000000000000000000000000000000000110010001010000000000010000000000000000000000000000000000000000000100100000000000000001
0010000000000000000000000000000000000000000000000000000000000000000000000000000000010000000000000000000000000000000000000000000100100000000000000001
0010000000000000000000000000000010101000100100000000000000000000000000000000000000010000000000000000000000000000000000000000000100100000000000000001
0010000000000000000000000000000000100000000100000000000000000000000000000000000000010000000000000000000000000000000000000000010101100000000000000001
0010000000000000000000000000000000100000000100000000000000000000000000000000000000010000000000000000000000000000000000000000000000000000000000000001
0010000000000000000000000000000000100000000100000000000000000000000000000000000000010000000000000000000000000000000000000000000000000000000000000001
0010000000000000000000000000000000100000000100000000000000000000000000000000000000010000000000000000000000000000000000000000000000000000000000000001
0010000000000000000000000000000000100000000100000000000000000000000000000000000001010000000000000000000000000000000000000000000000000000000000000001
0010000000000000000000000000000001100100010100000000000000000000000000000000000000000000000000000000000000000000000000000000000000000000000000000001
0010000000000000000000000000000000000000000000000000000000000000000000000000000000000000000000000000000000000000000000000000000000000000000000000001
0010000000000000000000000000000000000000000000000000000000000000000000000000000000000000000000000000000000000000000000000000000000000000000000000001
0010000000000000000000000000000000000000000000000000000000000000000000000000000000000000000000000000000000000000000000000000000000000000000000000001
0010000000000000000000000000000000000000000000000000000000000000000000000000000000000000000000000000000000000000000000000000000000000000000000000001
0010000000000000000000000000000000000000000000000000000000000000000000000000000000000000000000000000000000000000000000000000000000000000000000000001
0010000000000000000000000000000000000000000000000000000000000000000000000000000000000000000000000000000000000000000000000000000000000000000000000001
0010000000000000000000000000000000000000000000000000000000000000000000000000000000000000000000000000000000000000000000000000000000000000000000000001
0010000000000000000000000000000000000000000000000000000000000000000000000000000000000000000000000000000000000000000000000000000000000000000000000001
0010000000000000000000000000000000000000000000000000000000000000000000000000000000000000000000000000000000000000000000000000000000000000000000000001
0010000000000000000000000000000000000000000000000000000000000000000000000000000000000000000000000000000000000000000000000000000000000000000000000001
0010000000000000000000000000000000000000000000000000000000000000000000000000000000000000000000000000000000000000000000000000000000000000000000000001
0010000000000000000000000000000000000000000000000000000000000000000000000000000000000000000000000000000000000000000000000000000000000000000000000001
0010000000000000000000000000000000000000000000000000000000000000000000000000000000000000000000000000000000000000000000000000000000000000000000000001
0110010001000100010001000100010001000100010001000100010001000100010001000100010001000100010001000100010001000100010001000100010001000100010001000101
