10101000100010001000100010001000100010001000100010001000100010001000100010001000100010001000100010001000100010001000100010001000100010001001
00100000000000000000000000000000000000000000000000000000000000000000000000000000000000000000000000000000000000000000000000000000000000000001
00100000000000000000000000000000000000000000000000000000000000000000000000000000000000000000000000000000000000000000000000000000000000000001
00100000000000000000000000000000000000000000000000000000000000000000000000000000000000000000000000000000000000000000000000000000000000000001
00100000000000000000000000000000000000000000000000000000000000000000000000000000000000000000000000000000000000000000000000000000000000000001
00100000000000000000000000000000000000000000100100000000000000000000000000000000000000000000000000000000000000000000000010100000000000000001
00100000000000000000000000000000000000000000000110010000000000000000000000000000000000000000000000000000000000000000000000101010000000000001
00100000000000000000000000000000000000000000000100010000000000000000000000000000000000000000000000000000000000000000000000100010000000000001
00100000000000000000000000000000000000000000000100010000000000000000000000000000000000000000000000000000000000000000000000100010000000000001
00100000000000000000000000000000000000000000000100010000000000000000000000000000000000000000000000000000000000000000000000100010000000000001
00100000000000000000000000000000000000000000000100010000000000000000000000000000000000000000000000000000000000000000000000100010000000000001
00100000000000000000000000000000000000000000000100010000000000000000000000000000000000000000000000000000000000000000000000100010000000000001
00100000000000000000000000000000000000000000000100010000000000000000000000000000000000000000000000000000000000000000000000100010000000000001
00100000000000000000000000000000000000000000000100010000000000000000000000000000000000000000000000000000000000000000000000100010000000000001
00100000000000000000000000000000000000000000000100010000000000000000000000000000000000000000000000000000000000000000000000100010000000000001
00100000000000000000000000000000000000000000000100010000000000000000000000000000000000000000000000000000000000000000000000100010000000000001
00100000000000000000000000000000000000000000000100010000000000000000000000000000000000000000000000000000000000000000000000100010000000000001
00100000000000000000000000000000000000000000000100010000000000000000000000000000000000000000000000000000000000000000000000100010000000000001
00100000000000000000000000000000000000000000000100010000000000000000000000000000000000000000000000000000000000000000000000100010000000000001
00100000000000000000000000000000000000000000000100010000000000000000000000000000000000000000000000000000000000000000000000100010000000000001
00100000000000000000000000000000000000000000000100010000000000000000000000000000000000000000000000000000000000000000000000100010000000000001
00100000000000000000000000000000000000000000000100010000000000000000000000000000000000000000000000000000000000000000000000100010000000000001
00100000000000000000000000000000000000000000000100010000000000000000000000000000000000000000000000000000000000000000000000100010000000000001
00100000000000000000000000000000000000000000000100010000000000000000000000000000000000000000000000000000000000000000000000100010000000000001
00100000000000000000000000000000000000000000000100010000000000000000000000000000000000000000000000000000000000000000000000100010000000000001
00100000000000000000000000000000000000000000000100010000000000000000000000000000000000000000000000000000000000000000000000100010000000000001
00100000000000000000000000000000000000000000000100010000000000000000000000000000000000000000000000000000000000000000000000100010000000000001
00100000000000000000000000000000000000000000000100010000000000000000000000000000000000000000000000000000000000000000000000100010000000000001
00100000000000000000000000000000000000000000000100010000000000000000000000000000000000000000000000000000000000000000000000100010000000000001
00100000000000000000000000000000000000000000000100010000000000000000000000000000000000000000000000000000000000000000000000100010000000000001
00100000000000000000000000000000000000000000000100010000000000000000000000000000000000000000000000000000000000000000000000100010000000000001
00100000000000000000000000000000000000000000000100010000000000000000000000000000000000000000000000000000000000000000000000100010000000000001
00100000000000000000000000000000000000000000010100010000000000000000000000000000000000000000000000000000000000000000000001100010000000000001
00100000000000000000000000000000000000000000000001010000000000000000000000000000000000000000000000000000000000000000000000000110000000000001
00100000000000000000000000000000000000000000000000000000000000000000000000000000000000000000000000000000000000000000000000000000000000000001
00100000000000000000000000000000000000000000000000000000000000000000000000000000000000000000000000000000000000000000000000000000000000000001
00100000000000000000000000000000000000000000000000000000000000000000000000000000000000000000000000000000000000000000000000000000000000000001
00100000000000000000000000000000000000000000000000000000000000000000000000000000000000000000000000000000000000000000000000000000000000000001
00100000000000000000000000000000000000000000000000000000000000000000000000000000000000000000000000000000000000000000000000000000000000000001
00100000000000000000000000000000000000000000000000000000000000000000000000000000000000000000000000000000000000000000000000000000000000000001
00100000000000000000000000000000000000000000000000000000000000000000000000000000000000000000000000000000000000000000000000000000000000000001
00100000000000000000000000000000000000000000000000000000000000000000000000000000000000000000000000000000000000000000000000000000000000000001
00100000000000000000000000000000000000000000000000000000000000000000000000000000000000000000000000000000000000001010100010010000000000000001
00100000000000000000000000000000000000000000000000000000000000000000000000000000000000000000000000000000000000000010000000010000000000000001
00100000000000000000000000000000000000000000000000000000000000000000000000000000000000000000000000000000000000000010000000010000000000000001
00100000000000000000000000000000000000000000000000000000000000000000000000000000000000000000000000000000000000000010000000011010100010010001
00100000000000000000000000000000000000000000000000000000000000000000000000000000000000000000000000000000000000000010000000010010000000010001
00100000000000000000000000000000000000000000000000000000000000000000000000000000000000000000000000000000000000000010000000010010000000010001
00100000000000000000000000000000000000000000000000000000000000000000000000000000000000000000000000000000000000000110010001010010000000010001
00100000000000000000000000000000000000000000000000000000000000000000000000000000000000000000000000000000000000000000000000000010000000010001
00100000000000000000000000000000000000000000000000000000000000000000000000000000000000000000000000000000000000000000000000000010000000010001
00100000000000000000000000000000000000000000000000000000000000000000000000000000000000000000000000000000000000000000000000000110010001010001
00100000000000000000000000000000000000000000000000000000000000000000000000000000000000000000000000000000000000000000000000000000000000000001
00100000000000000000000000000000000000000000000000000000000000000000000000000000000000000000000000000000000000000000000000000000000000000001
00100000000000000000000000000000000000000000000000000000000000000000000000000000000000000000000000000000000000000000000000000000000000000001
00100000000000000000000000000000000000000000000000000000000000000000000000000000000000000000000000000000000000000000000000000000000000000001
01100100010001000100010001000100010001000100010001000100010001000100010001000100010001000100010001000100010001000100010001000100010001000101
