101010001000100010001000100010001000100010001000100010001000100010001000100010001000100010001000100010001000100010001000100010001000100010001000100010001000100010001001
001000000000000000000000000000000000000000000000000000000000000000000000000000000000000000000000000000000000000000000000000000000000000000000000000000000000000000000001
001000000000000000000000000000000000000000000000000000000000000000000000000000000000000000000000000000000000000000000000000000000000000000000000000000000000000000000001
001000000000000000000000101010001001100100000000000000000000000000000000000000000000000010100000000000000000000000000000000000000000000000000000000000000000000000000001
001000000110010001000100010001000100010001000100010001000101000000000000000000000000000000100000000000000000000000000000000000000000000000000000000000000000000000000001
001000000000000000000000001000000001000100000000000000000000000000000000000000000000000000100000000000000000000000000000000000000000000000000000000000000000000000000001
001000000000000000000000001000000001000100000000000000000000000000000000000000000000000000100000000000000000000000000000000000000000000000000000000000000000000000000001
001000000000000000000000001000000001000100000000000000000000000000000000000000000000000000100000000000000000000000000000000000000000000000000000000000000000000000000001
001000001010100010001000100010001000100010001000100010001001000000000000000000000000000000100000000000000000000000000000000000000000000010101000100100000000000000000001
001000000000000000000000011001000101000100000000000000000000100100000000000000000000000000100000000000000000000000000000000000000000000000100000000100000000000000000001
001000000000000000000000000000000000000100000000101010001001000100000000000000000000000000100000000000000000000000000000000000001010100010010000000100000000000000000001
001000000000000000000000000000000000000100000000001000000001000100000000000000000000000000100000000000000000000000000000000000000010000000010000000100000000000000000001
001000000000000000000000000000000000000100000000001000000001000100000000000000000000000000100000000000000000000000000000000000000010000000010000000100000000000000000001
001000000000000000000000000000000000000100001010100010010001000100000000000000000000000000100000000000000000000000000000000000000010000000010000000100000000000000000001
001000000000000000000000000000000000000100000010001000010001000100000000000000000000000000100000000000000000000000000000000000000010000000010100010100000000000000000001
001000000000000000000000000000000000000100000010001000010001000100000000000000000000000000100000000000000000000000000000000000000010000000010000000000000000000000000001
001000000000000000000000000000000000000100000010011000010101000100000000000000000000000010010000000000000000000000000000000000000110010001010000000010100000000000000001
001000000000000000000000000000000000000100000010000000010000000100000000000000000000000000010000000000000000000000000000000000000000000000000000000000100000000000000001
001000000000000000000000000000000000000100000010000000010000000100000000000000000000000000010000000000000000000000000000000000000000000000000000000000100000000000000001
001000000000000000000000000000000000000100000110010001010000000100000000000000000000000000010000000000000000000000000000000000000000000000000000000000100000000000000001
001000000000000000000000000000000000000100000000000000000000000100000000000000000000000000010000000000000000000000000000000000000000000000000000000000100000000000000001
001000000000000000000000000000000000000100000000000000000000000100000000000000000000000000010000000000000000000000000000000000000000000000000000000000100000000000000001
001000000000000000000000000000000000000100000000000000000000000100000000000000000000000000010000000000000000000000000000000000000000000000000000000000100000000000000001
001000000000000000000000000000000000000100000000000000000000000100000000000000000000000000010000000000000000000000000000000000000000000000000000000000100000000000000001
001000000000000000000000000000000000010100000000000000000000000100000000000000000000000000010000000000000000000000000000000000000000000000000000000000100000000000000001
001000000000000000000000000000000000000000000000000000000000000100000000000000000000000000010000000000000000000000000000000000000000000000000000000000100000000000000001
001000000000000000000000000000001010100010010000000000000000000100000000000000000000000000010000000000000000000000000000000000000000000000000000000000100000000000000001
001000000000000000000000000000000010000000010000000000000000101010001001000000000000000000010000000000000000000000000000000000000000000000000000000000100000000000000001
001000000000000000000000000000000010000000010000000000000000001000000001000000000000000000010000000000000000000000000000000000000000000000000000000000100000000000000001
001000000000000000000000000000000010000000010000000000000000001000000001000000000000000000010000000000000000000000000000000000000000000000000000000000100000000000000001
001000000000000000000000000000000010000000010000000000000000001000000001000000000000000000010000000000000000000000000000000000000000000000000000000000100000000000000001
001000000000000000000000000000000010000000010000000000000000001000000001000000000000000000010000000000000000000000000000000000000000000000000000000000100000000000000001
001000000000000000000000000000000110010001010000000000000000001000000001000000000000000000010000000000000000000000000000000000000000000000000000000000100000000000000001
001000000000000000000000000000000000000000000000000000000000011001000101000000000000000000010000000000000000000000000000000000000000000000000000000000100000000000000001
001000000000000000000000000000000000000000000000000000000000000100000000000000000000000000010000000000000000000000000000000000000000000000000000000000100000000000000001
001000000000000000000000000000000000000000000000000000000000000100000000000000000000000000010000000000000000000000000000000000000000000000000000000000100000000000000001
001000000000000000000000000000000000000000000000000000000000000100000000000000000000000000010000000000000000000000000000000000000000000000000000000000100000000000000001
001000000000000000000000000000000000000000000000000000000000000100000000000000000000000000010000000000000000000000000000000000000000000000000000000000100000000000000001
001000000000000000000000000000000000000000000000000000000000000100000000000000000000000000010000000000000000000000000000000000000000000000000000000000100000000000000001
001000000000000000000000000000000000000000000000000000000000000100000000000000000000000001010000000000000000000000000000000000000000000000000000000001100000000000000001
001000000000000000000000000000000000000000000000000000000000000100000000000000000000000000000000000000000000000000000000000000000000000000000000000000000000000000000001
001000000000000000000000000000000000000000000000000000000000000100000000000000000000000000000000000000000000000000000000000000000000000000000000000000000000000000000001
001000000000000000000000000000000000000000000000000000000000000100000000000000000000000000000000000000000000000000000000000000000000000000000000000000000000000000000001
001000000000000000000000000000000000000000000000000000000000010100000000000000000000000000000000000000000000000000000000000000000000000000000000000000000000000000000001
001000000000000000000000000000000000000000000000000000000000000000000000000000000000000000000000000000000000000000000000000000000000000000000000000000000000000000000001
001000000000000000000000000000000000000000000000000000000000000000000000000000000000000000000000000000000000000000000000000000000000000000000000000000000000000000000001
011001000100010001000100010001000100010001000100010001000100010001000100010001000100010001000100010001000100010001000100010001000100010001000100010001000100010001000101
