1010100010001000100010001000100010001000100010001000100010001000100010001000100010001000100010001000100010001000100010001000100010001000100010001000100010001001
0010000000000000000000000000000000000000000000100000000100000000000000000000000000000000000000000000000000000000000000000000000000000000000000000000000000000001
0010000000000000000000000000000010010000000010100000000100000000000000000000000000000000000000000000000000000000000000000000000000000000000000000000000000000001
0010000000000000000000000000000000010000000000100000000100000000000000000000000000000000000000000000000000000000000000000000000000000000000000000000000000000001
0010000000000000000000000000000000010000000000100000000100000000000000000000000000000000000000000000000000000000000000000000000000000000000000000000000000000001
0010000000000000000000000000000000010000000000100000000100000000000000000000000000000000000000000000000000000000000000000000000000000000000000000000000000000001
0010000000000000000000000000000000010000000000101001010100000000000000001010000000000000000000000000000000000000000000000000000000000000000000000000000000000001
0010000000000000000000000000000000010000000000100001000000000000000000000010000000000000000000000000000000000000000000000000000000000000000000000000000000000001
0010000000000000000000000000000000010000000000100001000000000000000000000010000000000000000000000000000000000000000000000000000000000000000000000000000000000001
0010000000000000000000000000000000010000000000100001000000000000000000000010000000000000000000000000000000000000000000000000000000000000000000000000000000000001
0010000000000000000000000000000000010000000000100001000000000000000000000010000000000000000000000000000000000000000000000000000000000000000000000000000000000001
0010000000000000000000000000000000010110010001000100010001000100010001000100010001000100010001000100010001000100010001000100010001000100010001000100010100000001
0010000000000000000000000000000000010000000000100001000000000000000000000010000000000000000000000000000000000000000000000000000000000000000000000000000000000001
0010000000000000000000000000000001010000000001100001000000000000000000000010000000000000000000000000000000000000000000000000000000000000000000000000000000000001
0010000000000000000000000000000000000000000000000001000000000000000000000010000000000000000000000000000000000000000000000000000000000000000000000000000000000001
0010000000000000000000000000000000001010100010010001000000000000000000000010000000000000000000000000000000000000000000000000000000000000000000000000000000000001
0010000000000000000000000000000000001010100010010001000000000000000000000010000000000000000000000000000000000000000000000000000000000000000000000000000000000001
0010000000000000000000000000000000000010000000010001000000000110010001000100010001000100010001000100010001000100010001000100010001000100010001000100010100000001
0010000000000000000000000000000000000010000000010001000000000000000000000010000000000000000000000000000000000000000000000000000000000000000000000000000000000001
0010100010010000000000000000000000000010000000010001000000000000000000000010000000000000000000000000000000000000000000000000000000000000000000000000000000000001
0010000000010000000000000000000000000010000000010101000000000000000000000110000000000000000000000000000000000000000000000000000000000000000000000000000000000001
0010000000010000000000000000000000000010010000010000000000000000000000000000000000000000000000000000000000000000000000000000000000000000000000000000000000000001
0010000000010000000000000000000000000110010001010000000000000000000000000000000000000000000000000000000000000000000000000000000000000000000000000000000000000001
0010000000010000000000000000000000000000000000000000000000000000000000000000000000000000000000000000000000000000000000000000000000000000000000000000000000000001
0010000000010000000000000000000000000000000000000000000000000000000000000000000000000000000000000000000000000000000000000000000000000000000010101000100100000001
0010010001010000000000000000000000000000000000000000000000000000000000000000000000000000000000000000000000000000000000001010100100000000000000100000000100000001
0010000000000000000000000000000000000000000000000000000000000000000000000000000000000000000000000000000000000000000000000010000110010000000000100000000100000001
0010000000000000000000000000000000000000000000000000000000000000000000000000000000000000000000000000000000000000000000000010000100010000000000100000000100000001
0010000000000000000000000000000000000000000000000000000000000000000000000000000000000000000000000000000000000000000000000010000100010000000000100000000100000001
0010000000000000000000000000000000000000000000000000000000000000000000000000000000000000000000000000000000000000000000000010000100010000000000100000000100000001
0010000000000000000000000000000000000000000000000000000000000000000000000000000000000000000000000000000000000000000000000010000100010000000001100100010100000001
0010000000000000000000000000000000001010100010001000100010001010100010001000100010001000100010001000100010001000100010001000100010001000100010001000100100000001
0010000000000000000000000000000000000000000000000000000000000000000000000000000000000000000000000000000000000000000000000110010100010000000000000000000000000001
0010000000000000000000000000000000000000000000000000000000000000000000000000000000000000000000000000000000000000000000000000000000010000000000000000000000000001
0010000000000000000000000000000000000000000000000000000000000000000000000000000000000000000000000000000000000000000000000000000001010000000000000000000000000001
0010000000000000000000000000000000000000000000000000000000000000000000000000000000000000000000000000000000000000000000000000000000000000000000000000000000000001
0010000000000000000000000000000000000000000000000000000000000000000000000000000000000000000000000000000000000000000000000000000000000000000000000000000000000001
0010000000000000000000000000000000000000000000000000000000000000000000000000000000000000000000000000000000000000000000000000000000000000000000000000000000000001
0010000000000000000000000000000000000000000000000000000000001010100010010000000000000000000000000000000000000000000000000000000000000000000000000000000000000001
0010000000000000000000000000000000000000000000000000000000000010000000010000000000000000000000000000000000000000000000000000000000000000000000000000000000000001
0010000000000000000000000000000000000000000000000000000000000010000000010000000000000000000000000000000000000000000000000000000000000000000000000000000000000001
0010000000000000000000000000000000000000000000000000000000000010000000010000000000000000000000000000000000000000000000000000000000000000000000000000000000000001
0010000000000000000000000000000000000000000000000000000000000010000000010000000000000000000000000000000000000000000000000000000000000000000000000000000000000001
0010000000000000000000000000000000000000000000000000000000000010000000010000000000000000000000000000000000000000000000000000000000000000000000000000000000000001
0010000000000000000000000000000000000000000000000000000000000110010001010000000000000000000000000000000000000000000000000000000000000000000000000000000000000001
0010000000000000000000000000000000000000000000000000000000000000000000000000000000000000000000000000000000000000000000000000000000000000000000000000000000000001
0010000000000000000000000000000000000000000000000000000000000000000000000000000000000000000000000000000000000000000000000000000000000000000000000000000000000001
0010000000000000000000000000000000000000000000000000000000000000000000000000000000000000000000000000000000000000000000000000000000000000000000000000000000000001
0110010001000100010001000100010001000100010001000100010001000100010001000100010001000100010001000100010001000100010001000100010001000100010001000100010001000101
