10101000100010001000100010001000100010001000100010001000100010001000100010001000100010001000100010001000100010001000100010001000100010001000100010001000100010001000100010001000100010001000100010001000100010001000100010001001
00100000000000000000000000000000000000000000000000000000000000000000000000000000000000000000000000000000000000000000000000000000000000000000000000000000000000000000000000000000000000000000000000000000000000000000000000000001
00100000000000000000000000000000000000000000000000000000000000000000000000000000000000000000000000000000000000000000000000000000000000000000000000000000000000000000000000000000000000000000000000000000000000000000000000000001
00100110010001000100010001000100010001000100010001000100010001000100010001000100010001000100010001000100010001000101000000000000000000000000000000000000000000000000000000000000000000000000000010101000100100000000000000000001
00100000000000000000000000000000000000001001000000000000000000000000000000000000000000000000000000000000000000000000000000001010000000000000000000000000000000000000000000000000000000000000000000100000000100000000000000000001
00100000000000000000000000000000000000000001000000000000000000000000000000000000000000000000000000000000000000000000000000000010000000000000000000000000000000000000000000000000000000000000000000100000000100000000000000000001
00100000000000000000000000000000000000000001000000000000000000000000000000000000000000000000000000000000000000000000000000000010000000000000000000000000000000000000000000000000000000000000000000100000000100000000000000000001
00100000000000000000000000000000000000000001000000000000000000000000000000000000000000000000000000000000000000000000000000000010000000000000000000000000000000000000000000000000000000000000000000100000000100000000000000000001
00100000000000000000000000000000000000000001000000000000000000000000000000000000000000000000000000000000000000000000000000000010000000000000000000000000000000000000000000000000000000000000000000100000000100000000000000000001
00100000000000000000000000000000000000000001000000000000000000000000000000000000000000000000000000000000000000000000000000000010000000000000000000000000000000000000000000000000000000000000000001100100010100000000000000000001
00100000000000000000000000000000000000000001000000000000000000000000000000000000000000000000000000000000000000000000000000000010000000000000000000000000000000000000000000000000000000000000000000000000000000000000000000000001
00100000000000000000000000000000000000000001000000000000000000000000000000000000000000000000000000000000000000000000000000000010000000000000000000000000000000000000000000000000000000000000000000000000000000000000000000000001
00100000000000000000000000000000000000000001000000000000000000000000000000000000000000000000000000000000000000000000000000000010000000000000000000000000000000000000000000000000000000000000000000000000000000000000000000000001
00100000000000000000000000000000000000000001000000000000000000000000000000000000000000000000000000000000000000000000000000000010000000000000000000000000000000000000000000000000000000000000000000000000000000000000000000000001
00100000000010101000100100000000000000000001000001100100010001000100010001000100010001000100010001000100010001000100010100000010000000000000000000000000000000000000000000000000000000000000000000000000000000000000000000000001
00100000000000100000000100000000000000000001000000000000000000000000000000000000000000000000000000000000000000000000000000000010000000000000000000000000000000000000000000000000000000000000000000000000000000000000000000000001
00100000000000100000000100000000000000000001000000000000000000000000000000000000000000000000000000000000000000000000000000000010000000000000000000000000000000000000000000000000000000000000000000000000000000000000000000000001
00100000000000100000000100000000000000000001000000000000000000000000000000000000000000000000000000000000000000000000000000000010000000000000000000000000000000000000000000000000000000000000000000000000000000000000000000000001
00100000000000100000000100000000000000000001000000000000000000000000000000000000000000000000000000000000000000000000000000000010000000000000000000000000000000000000000000000000000000000000000000000000000000000000000000000001
00100000000000100000000100000000000000000001000000000000000000000000000000000000000000000000000000000000000000000000000000000010000000000000000000000000000000000000000000000000000000000000000010101000100100000000000000000001
00100000000001100100010100000000000000000001000000000000000000000000000000000000000000000000000000000000000000000000000000000010000000000000000000000000000000000000000000000000000000000000000000100000000100000000000000000001
00100000000000000000000000000000000000000001000000000000000000000000000000000000000000000000000000000000000000000000000000000010000000000000000000000000000000000000000000000000000000000000000000100000000100000000000000000001
00101010100010001000100010001000100010001000100010001000100010001000100010001000100010001000100010001000100010001001000000000010000000000000000000000000000000000000000000000000000000000000000000100000000100000000000000000001
00100000000000000000000000000000000000000001000010101010100010011000100010001000100010001000100010001000100010001000100100000010000000000000000000000000000000000000000000000000000000000000000000100000000100000000000000000001
00100000000000000000000000000000000000000001000000000010000000010000000000000000000000000000000000000000000000000000000000000010000000000000000000000000000000000000000000000000000000000000000000100000000100000000000000000001
00100000000000000000000000000000000000000001000000000010000000010000000000000000000000000000000000000000000000001010100010001001101010001001000000000000000000000000000000000000000000000000000001100100010100000000000000000001
00100000000000000000000000000000000000000001000000000010000000010000000000000000000000000000000000000000000000000010000000000001001000000001000000000000000000000000000000000000000000000000000000000000000000000000000000000001
00100000000000000000000000000000000000000001000000000010000000010000000000000000000000000000000000000000000000000010000000000001001000000001000000000000000000000000000000000000000000000000000000000000000000000000000000000001
00100000000000000000000000000000000000000001000000000010000000010000000000000000000000000000000000000000000000000010000000000001001000000001000000000000000000000000000000000000000000000000000000000000000000000000000000000001
00100000000000000000000000000000000000000001000000000110010001010000000000000000000000000000000000000000000000000010000000000001001000000001000000000000000000000000000000000000000000000000000000000000000000000000000000000001
00100000000000000000000000000000000000000001000000000000000000000000000000000000000000000000000000000000000000000110010001000101001000000001000000000000000000000000000000000000000000000000000000000000000000000000000000000001
00100000000000000000000000000000000000000001000000000000000000000000000000000000000000000000000000000000000000000000000000000010011001000101000000000000000000000000000000000000000000000000000000000000000000000000000000000001
00100000000000000000000000000000000000000001000000000000000000000000000000000000000000000000000000000000000000000000000000000010000000000000000000000000000000000000000000000000000000000000000000000000000000000000000000000001
00100000000000000000000000000000000000000101000000000000000000000000000000000000000000000000000000000000000000000000000000000110000000000000000000000000000000000000000000000000000000000000000000000000000000000000000000000001
01100100010001000100010001000100010001000100010001000100010001000100010001000100010001000100010001000100010001000100010001000100010001000100010001000100010001000100010001000100010001000100010001000100010001000100010001000101
