1010100010001000100010001000100010001000100010001000100010001000100010001000100010001000100010001000100010001000100010001000100010001000100010001000100010001001
0010000000000000000000000000000000000000000000000000000000000000000000000000000000000000000000000000000000000000000000000000000000000000000000000000000000000001
0010000000000000000000000000000000000000000000000000000000000000000000000000000000000000000000000000000000000000000000000000000000000000000000000000000000000001
0010000000000000000000000000000000001001000000000000000000000000000000000000000000000000000000000000000000000000000000000000000000000000000000000000000000000001
0010000000000000000000000000000000000001000000000000000000000000000000000000000000000000000000000000000000000000000000000000000000000000000000000000000000000001
0010000000000000000000000000000000000001000000000000000000000000000000000000000000000000000000000000000000000000000000000000000000000000000000000000000000000001
0010000000000000000000000000000000000001000000000000000000000000000000000000000000000000000000000000000000000000000000000000000000000000000000000000000000000001
0010000000000000000000000000000000000001000000000000000000000000000000000000000000000000000000000000000000000000000000000000000000000000000000000000000000000001
0010000000000000000000000000000000000001000000000000000000000000000000000000000000000000000000000000000000000000000000000000000000000000000000000000000000000001
0010000000000000000000000000000000000001000000000000000000000000000000000000000000000000000000000000000000000000000000000000000000000000000000000000000000000001
0010000000000000000000000000000000000001000000000000000000000000000000000000000000000000000000000000000000000000000000000000000000000000000000000000000000000001
0010000000000000000000000000000000000001000000000000000000000000000000000000000000000000000000000000000000000000000000000000000000000000000000000000000000000001
0010000000000000000000000000000000000001000000000000000000000000000000000000000000000000000000000000000000000000000000000000000000000000000000000000000000000001
0010000000000000000000000000000000000001000001100100010001000100010001000100010001000100010001000100010110100000000000000000000000000000000000000000000000000001
0010000000000000000000000000000000000001000000000000000000000000000000000000000100001010101010001001000000100000000000000000000000000000000000000000000000000001
0010000000000000000000000000000000000001000000000000000000000000000000000000000100000010001000010001000000100000000010101000100100000000000000000000000000000001
0010000000000000000000000000000000000001000000000000000000000000000000000000000100000010001000010001000000100000000000100000000100000000000000000000000000000001
0010000000000000000000000000000000000001000000000000000000000000000000000000000100000010001000010001000000100000000000100000000100000000000000000000000000000001
0010000000000000000000000000000000000001000000000000000000000000000000000000000100000010001000010001000000100000000000100000000100000000000000000000000000000001
0010000000000000000000000000000000000001000010101000100010001000100010001000100010001000100010001000100100100000000000100000000100000000000000000000000000000001
0010000000000000000000000000000000000001000000000000000000000000000000000000000100000110011001000101000000100000000000100000000100000000000000000000000000000001
0010000000000000000000000000000000000001000000000000000000000000000000000000000100000000000000000000000000100000000001100100010100000000000000000000000000000001
0010000000000000000000000000000000000001000000000000000000000000000000000000000100000000000000000000000000100000000000000000000000000000000000000000000000000001
0010000000000000000000000000000000000001000000000000000000000000000000000000000100000000000000000000000000100000000000000000000000000000000000000000000000000001
0010000000000000000000000000000000000001000000000000000000000000000000000000000100000000000000000000000000100000000000000000000000000000000000000000000000000001
0010000000000000000000000000000000000001000000000000000000000000000000000000000100000000000000000000000000100000000000000000000000000000000000000000000000000001
0010000000000000000000000000000000000001000000000000000000000000000000000000000100000000000000000000000000100000000000000000000000000000000000000000000000000001
0010000000000000000000000000000000000001000000000000000000000000000000000000000100000000000000000000000000100000000000000000000000000000000000000000000000000001
0010000000000000000000000000000000000001000000000000000000000000000000000000010100000000000000000000000001100000000000000000000000000000000000000000000000000001
0010000000000000000000000000000000000001000000000000000000000000000000000000000000000000000000000000000000000000000000000000000000000000000000000000000000000001
0010000000000000000000000000000000000001000000000000000000000000000000000000000000000000000000000000000000000000000000000000000000000000000000000000000000000001
0010000000000000000000000000000000000001000000000000000000000000000000000000000000000000000000000000000000000000000000000000000000000000000000000000000000000001
0010000000000000000000000000000000000001000000001010100010010000000000000000000000000000000000000000000000000000000000000000000000000000000000000000000000000001
0010000000000000000000000000000000000001000000000010000000010000000000000000000000000000000000000000000000000000000000000000000000000000000000000000000000000001
0010000000000000000000000000000000000001000000000010000000010000000000000000000000000000000000000000000000000000000000000000000000000000000000000000000000000001
0010000000000000000000000000000000000001000000000010000000010000000000000000000000000000000000000000000000000000000010101000100100000000000000000000000000000001
0010000000000000000000000000000000000001000000000010000000010000000000000000000000000000000000000000000000000000000000100000000100000000000000000000000000000001
0010000000000000000000000000000000000001000000000010000000010000000000000000000000000000000000000000000000000000000000100000000100000000000000000000000000000001
0010000000000000000000000000000000000001000000000110010001010000000000000000000000000000000000000000000000000000000000100000000100000000000000000000000000000001
0010000000000000000000000000000000000001000000000000000000000000000000000000000000000000000000000000000000000000000000100000000100000000000000000000000000000001
0010000000000000000000000000000000000001000000000000000000000000000000000000000000000000000000000000000000000000000000100000000100000000000000000000000000000001
0010000000000000000000000000000000000101000000000000000000000000000000000000000000000000000000000000000000000000000001100100010100000000000000000000000000000001
0010000000000000000000000000000000000000000000000000000000000000000000000000000000000000000000000000000000000000000000000000000000000000000000000000000000000001
0010000000000000000000000000000000000000000000000000000000000000000000000000000000000000000000000000000000000000000000000000000000000000000000000000000000000001
0010000000000000000000000000000000000000000000000000000000000000000000000000000000000000000000000000000000000000000000000000000000000000000000000000000000000001
0010000000000000000000000000000000000000000000000000000000000000000000000000000000000000000000000000000000000000000000000000000000000000000000000000000000000001
0010000000000000000000000000000000000000000000000000000000000000000000000000000000000000000000000000000000000000000000000000000000000000000000000000000000000001
0010000000000000000000000000000000000000000000000000000000000000000000000000000000000000000000000000000000000000000000000000000000000000000000000000000000000001
0010000000000000000000000000000000000000000000000000000000000000000000000000000000000000000000000000000000000000000000000000000000000000000000000000000000000001
0110010001000100010001000100010001000100010001000100010001000100010001000100010001000100010001000100010001000100010001000100010001000100010001000100010001000101
