1010100010001000100010001000100010001000100010001000100010001000100010001000100010001000100010001000100010001000100010001000100010001000100010001001
0010000000000000000000000000000000000000000000000000000000000000000000000000000000000000000000000000000000000000000000000000000000000000000000000001
0010000000000000000000000000101010011001000000000000000000000000000000000000000000000000000000000000000000000000000000000000000000000000000000000001
0010000000000000000000000000001000010001000000000000000000000000000000000000000000000000000000000000000000000000000000000000000000000000000000000001
0010000000000000000000000000001000010001000000000000000000000000000000000000000000000000000000000000000000000000101010001001000000000000000000000001
0010000000000000000000000000001000010001000010101000100100000000000000000000000000000000000000000000000000000000001000000001000000000000000000000001
0010000000000000000000000000001000010001000000101001000100000000000000000000000000000000000010100000000000000000001000000001000000000000000000000001
0010000000000000000000000000001000010001000000100001000100000000000000000000000000000000000000100000000000000000001000000001000000000000000000000001
0010000000000000000000000000011000010101000000100001000100000000000000000000000000000000000000100000000000000000001000000001000000000000000000000001
0010000000000000000000000000000000010000000000100001000100000000000000000000000000000000000000100000000000000000001000000001000000000000000000000001
0010000000000000000000000000000000010000000000100001000100000000000000000000000000000000000000100000000000000000011001000101000000000000000000000001
0010000000000000000000000000000000010000000001100001010100000000000000000000000000000000000000100000000000000000000000000000000000000000000000000001
0010000000000000000000000000000000010000000000000001000000000000000000000000000000000000000000100000000000000000000000000000000000000000000000000001
0010000000000000000000000000000000010000000000000001000000000000000000000000000000000000000000100000000000000000000000000000000000000000000000000001
0010000000000000000000000000000000010000000000000001000000000000000000000000000000000000000000100000000000000000000000000000000000000000000000000001
0010000000000000000000000000000000010000000000000001000000000000000000000000000000000000000000100000000000000000000000000000000000000000000000000001
0010000000000000000000000000000000010000000000000001000000000000000000000000000000000000000000100000000000000000000000000000000000000000000000000001
0010000000000000000000000000000000010000000000000001000000000000000000000000000000000000000000100000000000000000000000000000000000000000000000000001
0010000000000000000000000000000000010000000000000001000000000000000000000000000000000000000000100000000000000000000000000000000000000000000000000001
0010000000000000000000000000000000011010100010010001000000000000000000000000000000000000000000100000000000000000000000000000000000000000000000000001
0010101010001001000000000000000000010010000000010001000000000000000000000000000000000000000000100000000000000000000000000000000000000000000000000001
0010001000000001000000000000000000010010000000010001000000000000000000000000000000000000000000100000000000000000000000000000000000000000000000000001
0010001000000001000000000000000000010010000000010001000000000000000000000000000000000000000000100000000000000000000000000000000000000000000000000001
0010001000000001000000000000000000010010000000010001000000000000000000000000000000000000000000100000000000000000000000000000000000000000000000000001
0010001000000001000000000000000000010010000000010001000000000000000000000000000000000000000000100000000000000000000000000000000000000000000000000001
0010001000000001000000000000000000010110010001010101000000000000000000000000000000000000000001100000000000000000000000000000000000000000000000000001
0010011001000101000000000000000000010000000000000000000000000000000000000000000000000000000000000000000000000000000000000000000000000000000000000001
0010000000000000000000000000000000010000000000000000000000000000000000000000000000000000000000000000000000000000000000000000000000000000000000000001
0010000000000000000000000000000000010000000000000000000000000000000000000000000000000000000000000000000000000000000000000000000000000000000000000001
0010000000000000000000000000000000010000000000000000000000000000000000000000000000000000000000000000000000000000000000000000000000000000000000000001
0010000000000000000000000000000000010000000000000000000000000000000000000000000000000000000000000000000000000000000000000000000000000000000000000001
0010000000000000000000000000000000010000000000000000000000000000000000000000000000000000000000000000000000000000000000000000000000000000000000000001
0010000000000000000000000000000000010000000000000000000000000000000000000000000000000000000000000000000000000000000000000000000000000000000000000001
0010000000000000000000000000000000010000000000000000000000000000000000000000000000000000000000000000000000000000000000000000000000000000000000000001
0010000000000000000000000000000000010000000000000000000000000000000000000000000000000000000000000000000000000000000000000000000000000000000000000001
0010000000000000000000000000000000010000000000000000000000000000000000000000000000000000000000000000000000000000000000000000000000000000000000000001
0010000000000000000000000000000000010000000000000000000000000000000000000000000000000000000000000000000000000000000000000000000000000000000000000001
0010000000000000000000000000000000010000000000000000000000000000000000000000000000000000000000000000000000000000000000000000000000000000000000000001
0010000000000000000000000000000001010000000000000000000000000000000000000000000000000000000000000000000000000000000000000000000000000000000000000001
0010101010001001000000000000000000000000000000000000000000000000000000000000000000000000000000000000000000000000000000000000000000000000000000000001
0010001000000001000000000000000000000000000000000000000000000000000000000000000000000000000000000000000000000000000000000000000000001010100010010001
0010001000000001000000000000000000000000000000000000000000000000000000000000000000000000000000000000000000000000000000000000000000000010000000010001
0010001000000001000000000000000000000000000000000000000000000000000000000000000000000000000000000000000000000000000000000000000000000010000000010001
0010001000000001000000000000000000000000000000000000000000000000000000000000000000000000000000000000000000000000000000000000000000000010000000010001
0010001000000001000000000000000000000000000000000000000000000000000000000000000000000000000000001010100010010000000000000000000000000010000000010001
0010011001000101000000000000000000000000000000000000000000000000000000000000000000000000000000000010000000010000000000000000000000000010000000010001
0010000000000000000000000000000000000000000000000000000000000000000000000000000000000000000000000010000000010000000000000000000000000110010001010001
0010000000000000000000000000000000000000000000000000000000000000000000000000000000000000000000000010000000010000000000000000000000000000000000000001
0010000000000000000000000000000000000000000000000000000000000000000000000000000000000000000000000010000000010000000000000000000000000000000000000001
0010000000000000000000000000000000000000000000000000000000000000000000000000000000000000000000000010000000010000000000000000000000000000000000000001
0010000000000000000000000000000000000000000000000000000000000000000000000000000000000000000000000110010001010000000000000000000000000000000000000001
0010000000000000000000000000000000000000000000000000000000000000000000000000000000000000000000000000000000000000000000000000000000000000000000000001
0110010001000100010001000100010001000100010001000100010001000100010001000100010001000100010001000100010001000100010001000100010001000100010001000101
