10101000100010001000100010001000100010001000100010001000100010001000100010001000100010001000100010001000100010001000100010001000100010001000100010001000100010001000100010001000100010001000100010001001
00100000000000000000000000001001000000000000000000000000000000000000000000000000000000000000101000000000000000000000000000000000000000000000000000000000000000000000000000000000000000000000000000000001
00100000000000000000000000000001000000000000000000000000000000000000000000000000000000000000001000000000000000000000000000000000000000000000000000000000000000000000000000000000000000000000000000000001
00100110010001000100010001000100010001000100010001000100010001000100010001000100010001000100010001000100010001000100010001000100010001000100010001000100010001000100010001010000000000000000000000000001
00100000000000000000000000000001000000000000000000000000000000000000000000000000000000000000001000000000000000000000000000000000000000000000000000000000000000000000000000000000000000000000000000000001
00100000000000000000000000000001000000000000000000000000000000000000000000000000000000000000001000000000000000000000000000000000000000000000000000000000000000000000000000000000000000000000000000000001
00100000000000000000000000000001000000000000000000000000000000000000000000000000000000000000001000000000000000000000000000000000000000000000000000000000000000000000000000000000000000000000000000000001
00100000000000000000000000000001000000000000000000001001000000000000000000000000000010100000001000000000000000000000000000000000000000000000000000000000000000000000000000000000000000000000000000000001
00100000000000000000000000000001000000000000000000000001100100000000000000000000000000100000001000001010000000000000000000000000000000000000000000000000000000000000000000000000000000000000000000000001
00100000000000000000000000000001000000000000000000000001000100000000000000000000000000100000001000000010000000000000000000000000000000000000000000000000000000000000000000000000000000000000000000000001
00100000000000000000000000000001000000000000000000000001000100000000000000000000000000100000001000000010000000000000000000000000000000000000000000000000000000000000000000000000000000000000000000000001
00100000000000000000000000000001000001100100010001000100010001000100010001000100010100100000001000000010000000000000000000000000000000000000000000000000000000000000000000000000000000000000000000000001
00100000000000000000000000001010100010010000000000000001000100000000000000000000000000100000001000000010000000000000000000000000000000000000000000000000000000000000000000000000000000000000000000000001
00100000000000000000000000000010000000010000000000000001000100000000000000000000000000100000001000000010000000000000000000000000000000000000000000000000000000000000000000000000000000000000000000000001
00100000000000000000000000000010000010101010100010011000100010001000100010001000100100100000001000000010000000000000000000000000000000000000000010100000000000000000000000000000000000000000000000000001
00100000000000000000000000000010000000010010000000010001000100000000000000000000000100100000001000000010000000000000000000000000000000000000000000100000000000000000000000000000000000000000000000000001
00100000000000000000000000000010000000010010000000010001000100000000000000000000000100100000001000000010000000000000000000000000000000000000000000100000000000000000000000000000000000000000000000000001
00100000000000000000000000000010000000010010000000010001000100000000000000000000000100100000001000000010000000000000000000000000000000000000000000100000000000000000000000000000000000000000000000000001
00100000000000000000000000000110010001010010000000010001000100000000000000000000000100100000001000000010000000000000000000000000000000000000000000100000000000000000000000000000000000000000000000000001
00100000000000000000000000000001000000000010000000010001000100000000000000000000000100100000001000000010000000000000000000000000000000000000000000100000000000000000000000000000000000000000000000000001
00100000000000000000000000000001000000000110010001010001000100000000000000000000000100100000001000000010000000000000000000000000000000000000000000100000000000000000000000000000000000000000000000000001
00100000000000000000000000000001000000000000000000000001000100000000000000000000000100100000001000000010000000000000000000000000000000000000000000100000000000000000000000000000000000000000000000000001
00100000000000000000000000000001000000000000000000000001000100000000000000000000000100100000001000000010000000000000000000000000000000000000000000100000000000000000000000000000000000000000000000000001
00100000000000000000000000000001000000000000000000000101000100000000000000000000000101100000001000000010000000000000000000000000000000000000000000100000000000000000000000000000000000000000000000000001
00100000000000000000000000000001000000000000000000000000000100000000000000000000000100000000001000000010000000000000000000000000000000000000000000100000000000000000000000000000000000000000000000000001
00100000000000000000000000000101000000000000000000000000000100000000000000000000000100000000011000000010000000000000000000000000000000000000000000100000000000000000000000000000000000000000000000000001
00100000000000000000000000000000000000000000000000000000000100000000000000000000000100000000000000000010000000000000000000000000000000000000000000100000000000000000000000000000000000000000000000000001
00100000000000000000000000000000000000000000000000000000010100000000000000000000000100000000000000000110000000000000000000000000000000000000000000100000000000000000000000000000000000000000000000000001
00100000000000000000000000000000000000000000000000000000000000000000000000000000000100000000000000000000000000000000000000000000000000000000000000100000000010101000100100000000000000000000000000000001
00100000000000000000000000000000000000000000000000000000000000000000000000000000000100000000000000000000000000000000000000000000000000000000000000100000000000100000000100000000000000000000000000000001
00100000000000000000000000000000000000000000000000000000000000000000000000000000000100000000000000000000000000000000000000000000000000000000000000100000000000100000000100000000000000000000000000000001
00100000000000000000000000000000000000000000000000000000000000000000000000000000000100000000000000000000000000000000000000000000000000000000000000100000000000100000000100000000000000000000000000000001
00100000000000000000000000000000000000000000000000000000000000000000000000000000000100000000000000000000000000000000000000000000000000000000000000100000000000100000000100000000000000000000000000000001
00100000000000000000000000000000000000000000000000000000000000000000000000000000000100000000000000000000000000000000000000000000000000000000000000100000000000100000000100000000000000000000000000000001
00100000000000000000000000000000000000000000000000000000000000000000000000000000000100000000000000000000000000000000000000000000000000000000000000100000000001100100010100000000000000000000000000000001
00100000000000000000000000000000000000000000000000000000000000000000000000000000000100000000000000000000000000000000000000000000000000000000000000100000000000000000000000000000000000000000000000000001
00101010100010001000100010001000100010001000100010001000100010001000100010001000100010001000100010001000100010001000100010001000100010001000100010001000100010001000100010010000000000000000000000000001
00100000000000000000000000000000000000000000000000000000000000000000000000000000000100000000000000000000000000000000000000000000000000000000000000100000000000000000000000000000000000000000000000000001
00100000000000000000000000000000000000000000000000000000000000000000000000000000010100000000000000000000000000000000000000000000000000000000000001100000000000000000000000000000000000000000000000000001
01100100010001000100010001000100010001000100010001000100010001000100010001000100010001000100010001000100010001000100010001000100010001000100010001000100010001000100010001000100010001000100010001000101
