10101000100010001000100010001000100010001000100010001000100010001000100010001000100010001000100010001000100010001000100010001000100010001000100010001000100010001000100010001001
00100000000000000000000000000000000000000000000000000000000000000000000000000000000000000000000000000000000000000000000000000000000000000000000000000000000000000000000000000001
00100000000000000000000000000000000000000000000000000000000000000000000000000000000000000000000000000000000000000000000000000000000000000000000000000000000000000000000000000001
00100000000000000000000000000000000010010000000000000000000000000000000000001010000000000000000000000000000000000000000000000000000000000000000000000000000000000000000000000001
00100000000000000000000000000000000000010000000000000000000000000000000000000010000000000000000000000000000000000000000000000000000000000000000000000000000000000000000000000001
00100000000000000000000000000000000000010000100110001001000000000000000000000010000000001010000000000000000000000000000000000000000000000000000000000000000000000000000000000001
00100000000000000110010001000100010001000100010001000100010001000100010001000100010100000010000000000000101000000000000000000000000000000000000000000000000000000000000000000001
00100000000000000000000000000000000000010000000100010001000000000000000000001010100010010010000000000000001000000000000000000000000000000000000000000000000000000000000000000001
00100000000000000000000000000000000000010000000100010001000000000000000000000010000000010010000000000000001000000000000000000000000000000000000000000000000000000000000000000001
00100000000000000000000000000000000000010000000100010001000000000000000000000010000000010010000000000000001000000000000000000000000000000000000000000000000000000000000000000001
00100000000000000000000000000000011001000100010001000100010001000100010001010010000000010010000000000000001000000000000000000000000000000000000000000000000000000000000000000001
00100000000000000000000000000000000000010000000100010101000000000000000000000010000000010010000000000000001000000000000000000000000000000000000000000000000000000000000000000001
00100000000000000000000000000000101010001000100010001000100010001000100010010010000000010010000000000000001000000000000000000000000000000000000000000000000000000000000000000001
00100000000000000000000000000000000000010000000100010000000000000000000000000110010001010010000000000000001000000000000000000000000000000000000000000000000000000000000000000001
00100000000000001010100010001000100010001000100010001000100010001000100010001000100100000010000000000000001000000000000000000000000000000000000000000000000000000000000000000001
00100000000000000000000000000000000000010000000100010000000000000000000000000010000000000010000000000000001000000000000000000000000000000000000000000000000000000000000000000001
00100000000000000000000000000000000000010000000100010000000000000000000000000010000000000010000000000000001000000000000000000000000000000000000000000000000000000000000000000001
00100000000000000000000000000000000000010000000100010000000000000000000000000010000000000010000000000000001000000000000000000000000000000000000000000000000000000000000000000001
00100000000000000000000000000000000000010000000100010000000000000000000000000010000000000010000000000000001000000000000000000000000000000000000000000000000000000000000000000001
00100000000000000000000000000000000000010000000100010000000000000000000000000010000000000010000000001001001000000000000000000000000000000000000010100000000000000000000000000001
00100000000000000000000000000000000000010000000100010000000000000000000000000010000000000010000000000001001000000000000000000000000000000000000000100000000000000000000000000001
00100000000000000000000000000000000001010000000100010000000000000000000000000110000000000010000000000001001000000000000000000000000000000000000000100000000000000000000000000001
00100000000000000000000000000000000000000000000100010000000000000000000000000000000000000010000000000001001000000000000000000000000000000000000000100000000000000000000000000001
00100000000000000000000000000000000000000000000100010000000000000000000000000000000000000010000000000001001000000000000000000000000000000000000000100000000000000000000000000001
00100000000000000000000000000000000000000000010100010000000000000000000000000000000000000110000000000001001000000000000000000000000000000000000000100000000000000000000000000001
00100000000000000000000000000000000000000000000000010000000000000000000000000000000000000000000000000001001000000000000000000000000000000000000010101000100100000000000000000001
00100000000000000000000000000000000000000000000000010000000000000000000000000000000000000000000000000001001000000000000000000000000000000000000000100000000100000000000000000001
00100000000000000000000000000000000000000000000000010000000000000000000000000000000000000000000000000001001000000000000000000000000000000000000000100000000100000000000000000001
00100000000000000000000000000000000000000000000001010000000000000000000000000000000000000000000000000001011000000000000000000000000000000000000000100000000100000000000000000001
00100000000000000000000000000000000000000000000000000000000000000000000000000000000000000000000000000001000000000000000000000000000000000000000000100000000100000000000000000001
00100000000000000000000000000000000000000000000000000000000000000000000000000000000000000000000000000001000000000000000000000000000000000000000000100000000100000000000000000001
00100000000000000000000000000000000000000000000000000000000000000000000000000000000000000000000000000001000000000000000000000000000000000000000001100100010100000000000000000001
00100000000000000000000000000000000000000000000000000000000000000000000000000000000000000000000000000001000000000000000000000000000000000000000000100000000000000000000000000001
00100000000000000000000000000000000000000000000000000000000000000000000000000000000000000000000000000001000000000000000000000000000000000000000000100000000000000000000000000001
00100000000000000000000000000000000000000000000000000000000000000000000000000000000000000000000000000001000000000000000000000000000000000000000000100000000000000000000000000001
00100000000000000000000000000000000000000000000000000000000000000000000000000000000000000000000000000001000000000000000000000000000000000000000000100000000000000000000000000001
00100000000000000000000000000000000000000000000000000000000000000000000000000000000000000000000000000001000000000000000000000000000000000000000000100000000000000000000000000001
00100000000000000000000000000000000000000000000000000000000000000000000000000000000000000000000000000001000000000000000000000000000000000000000000100000000000000000000000000001
00100000000000000000000000000000000000000000000000000000000000000000000000000000000000000000000000000101000000000000000000000000000000000000000001100000000000000000000000000001
00100000000000000000000000000000000000000000000000000000000000000000000000000000000000000000000000000000000000000000000000000000000000000000000000000000000000000000000000000001
00100000000000000000000000000000000000000000000000000000000000000000000000000000000000000000000000000000000000000000000000000000000000000000000000000000000000000000000000000001
00100000000000000000000000000000000000000000000000000000000000000000000000000000000000000000000000000000000000000000000000000000000000000000000000000000000000000000000000000001
00100000000000000000000000000000000000000000000000000000000000000000000000000000000000000000000000000000000000000000000000000000000000000000000000000000000000000000000000000001
00100000000000000000000000000000000000000000000000000000000000000000000000000000000000000000000000000000000000000000000000000000000000000000000000000000000000000000000000000001
01100100010001000100010001000100010001000100010001000100010001000100010001000100010001000100010001000100010001000100010001000100010001000100010001000100010001000100010001000101
