1010100010001000100010001000100010001000100010001000100010001000100010001000100010001000100010001000100010001000100010001000100010001000100010001000100010001000100010001001
0010000000001010100010010000000000000000000000000000000000000000000000000000000000000000000000000000000000000000000000000000000000000000000000000000000000000000000000000001
0010000000000010000000010000000010010000000000000000000000000000000000000000000000000000000000000000000000000000000000000000000000000000000000000000000010100000000000000001
0010000000000010000000010000000000010000000000000000000000000000000000000000000000000000000000000000000000000000000000000000000000000000000000000000000000100000000000000001
0010000000000010000000010000000000010000000000000000000000000000000000000000000000000000000000000000000000000000000000000000000000000000000000000000000000100000000000000001
0010000000000010000000010000000000010000000000000000000000000000000000000000000000000000000000000000000000000000000000000000000000000000000000000000000000100000000000000001
0010000000000010000000010000000000010000000000000000000000000000000000000000000000000000000000000000000000000000000000000000000000000000000000000000000000100000000000000001
0010000000000110010001010000000000010000000000000000000000000000000000000000000000000000000000000000000000000000000000000000000000000000000000000000000000100000000000000001
0010000000000000000000000000000000010000000000000000000000000000000000000000000000000000000000000000000000000000000000000000000000000000000000000000000000100000000000000001
0010000000000000000000000000000000010000000000000000000000000000000000000000000000000000000000000000000000000000000000000000000000000000000000000000000000100000000000000001
0010000000000000000000000000000000010000000000000000000000000000000000000000000000000000000000000000000000000000000000000000000000000000000000000000000000100000000000000001
0010000000000000000000000000000000010000000000000000000000000000000000000000000000000000000000000000000000000000000000000000000000000000000000001010100010010000000000000001
0010000000000000000000000000000000010000000000000000000000000000000000000000000000000000000000000000000000000000000000000000000000000000000000000010000000010000000000000001
0010000000000000000000000000000000010000000000000000000000000000000000000000100100000000000000000000000000000000000000000000000000000000101000000010000000010000000000000001
0010000000000000000000000000000000010000000000000000000000000000000000000000000110010000000000000000000000000000000000000000000000000000101000000010000000010000000000000001
0010000000000000000000000000000000010000000000000000000000000000000000000000000100010000000000000000000000000000000000000000000000000000001000000010000000010000000000000001
0010000000000000000000000000000000010000000000000000000000000000000000000000000100010000000000000000000000000000000000000000000000000000001000000010000000010000000000000001
0010000000000000000000000000000000010000000000000000000000000000000000000000000100010000000000000000000000000000000000000000000000000000001000000110010001010000000000000001
0010000000000000000000000000000000010000000000000000000000000000000000000000000100010000000000001001000000000000000000000000000000000000001000000000000000100000000010100001
0010000000000000000000000000000000010000000000000000000000000000000000000000000100010000000000000001000000000000000000000000000000000000001000000000000000100000000000100001
0010000000000000000000000000000000010000000000000000000000000000000000000000000100010000000000000001101010010000000000000000000000000000001000000000000000100000000000100001
0010000000000000000000000000000000010000000000000000000000000000000000000000000100010000000000000001001000011001000000000000000000000000001000000000101000100000000000100001
0010000000000000000000000000000000010000000000000000000000000000000000000000000100010000000000000001001000010001000000000000000000000000001000000000001000100000000000100001
0010000000000000000000000000000000010000000000000000000000000000000000000000000100010000000000000001001000010001000000000000000000000000001000000000001000100000000000100001
0010000000000000000000000000000000010000000000000000000000000000000000000000000100010000000000000001001000010001000000000000000000000000001000000000001000100000000000100001
0010000000000000000000000000000000010000000000000000000000000000000000000000000100010000000000000001001000010001000000000000000000000000001000000000001000100000000000100001
0010000000000000000000000000000000010000000000000000000000000000000000000000000100010000000000000001001000010001000000000000000000000000001000000000001000100000000000100001
0010000000000000000000000000000000010000000000000000000000000000000000000000000100010000000000000001011001010001000000000000000000000000001000000000001000100000000000100001
0010000000000000000000000000000000010000000000000000000000000000000000000000000100010000000000000001000000000001000000000000000000000000001000000000001000100000000000100001
0010000000000000000000000000000000010000000000000000000000000000000000000000000100010000000000000001000000000001000000000000000000000000001000000000001000100000000000100001
0010000010101000100100000000000000010000000000000000000000000000000000000000000100010000000000000001000000000001000000000000000000000000001000000000001000100000000000100001
0010000000100000000100000000000000010000000000000000000000000000000000000000000100010000000000000001000000000001000000000000000000000000001000000000001000100000000000100001
0010000000100000000100000000000000010000000000000000000000000000000000000000000100010000000000000001000000000001000000000000000000000000001000000000001000100000000000100001
0010000000100000000100000000000000010000000000000000000000000000000000000000000100010000000000000001000000000001000000000000000000000000001000000000001000100000000000100001
0010000000100000000100000000000000010000000000000000000000000000000000000000000100010000000000000001000000000001000000000000000000000000001000000000001000100000000000100001
0010000000100000000100000000000000010000000000000000000000000000000000000000000100010000000000000001000000000001000000000000000000000000001000000000001000100000000000100001
0010000001100100010100000000000000010000000000000000000000000000000000000000010101010000000000000001000000000001000000000000000000000000011000000000001000100000000000100001
0010000000000000000000000000000000010000000000000000000000000000000000000000000000000000000000000001000000000001000000000000000000000000000000000000001000100000000000100001
0010000000000000000000000000000000010000000000000000000000000000000000000000000000000000000000000001000000000001000000000000000000000000000000000000001000100000000000100001
0010000000000000000000000000000000010000000000000000000000000000000000000000000000000000000000000001000000000101000000000000000000000000000000000000011000100000000000100001
0010000000000000000000000000000001010000000000000000000000000000000000000000000000000000000000000001000000000000000000000000000000000000000000000000000001100000000000100001
0010000000000000000000000000000000000000000000000000000000000000000000000000000000000000000000000001000000000000000000000000000000000000000000000000000000000000000000100001
0010000000000000000000000000000000000000000000000000000000000000000000000000000000000000000000000001000000000000000000000000000000000000000000000000000000000000000000100001
0010000000000000000000000000000000000000000000000000000000000000000000000000000000000000000000000001000000000000000000000000000000000000000000000000000000000000000001100001
0010000000000000000000000000000000000000000000000000000000000000000000000000000000000000000000000101000000000000000000000000000000000000000000000000000000000000000000000001
0110010001000100010001000100010001000100010001000100010001000100010001000100010001000100010001000100010001000100010001000100010001000100010001000100010001000100010001000101
