101010001000100010001000100010001000100010001000100010001000100010001000100010001000100010001000100010001000100010001000100010001000100010001000100010001000100010001001
001000000000000000000000000000000000000000000000000000000000000000000000000000000000000000000000000000000000000000000000000000000000000000000000000000000000000000000001
001000000000000000000000000000000000000000000000000000000000000000000000000000000000000000000000000000000000000000000000000000000000000000000000000000000000000000000001
001000000000000000000000000000000000000000000000000000000000000000000000000000000000000000000000000000000000000000000000000000000000000000000000000000000000000000000001
001000000000000000000000000000000000000010010000000000000000000000001010000000000000000000000000000000000000000000000000000000000000000000000000000000000000000000000001
001000000000000000000000000000000000000010101000100100000000000000000010000000000000000000000000000000000000000000000000000000000000000000000000000000000000000000000001
001000000000000000000000000000000000000000100000000100000000000000000010000000000000000000000000000000000000000000000000000000000000000000000000000000000000000000000001
001000000000000000000000000000000000000000100000000100000000000000000010000000000000000000000000000000000000000000000000000000000000000000000000000000000000000000000001
001000000000000000000000011001000100010001000100010001000100010001000100010001000100010001000100010001000100010001000100010001000100010001000100010001000100010001010001
001000000000000000000000000001100100010001000100010001000100010001000100010001000100010001010000000000000000000000000000000000000000000000000000000000000000000000000001
001000000000000000000000000000000000000000100000001000000001000000000010000000000000000000000000000000000000000000000000000000000000000000000000000000000000000000000001
001000000000000000000000000000000000000001100100001000000001000000000010000000000000000000000000000000000000000000000000000000000000000000000000000000000000000000000001
001000000000000000000000000000000000000000010000001000000001000000000010000000000000000000000000000000000000000000000000000000000000000000000000000000000000000000000001
001000000000000000000000000000000000000000010000001000000001000000000010000000000000000000000000000000000000000000000000000000000000000000000000000000000000000000000001
001000000000000000000000000000000000000000010000011001000101000000000010101010001001000000000000000000000000000000000000000000000000000000000000000000000000000000000001
001000000000000000000000000000000000000000010000000000000000000000000010001000000001000000000000000000000000000000000000000000000000000000000000000000000000000000000001
001000000000000000000000000010101000100010001000100010001000100010001000100010001000100010010000000000000000000000000000000000000000000000000000000000000000000000000001
001000000000000000000000000000000000000000011010100010010000000000000010001000000001000000000000000000000000000000000000000000000000000000000000000000000000000000000001
001000000000000000000000000000000000000000010010000000010000000000000010001000000001000000000000000000000000000000000000000000000000000000000000000000000000000000000001
001000000000000000000000000000000000000001010010000000010000000000000110001000000001000000000000000000000000000000000000000000000000000000000000101010001001000000000001
001000001010100010010000000000000000000000000010000000010000000000000000011001000101000000000000000000000000000000000000000000000000000000000000001000000001000000000001
001000000010000000010000101010001000100010001000100010001000100010001000100010001000100010001000100010001000100100000000000000000000000000000000001000000001000000000001
001000000010000000010000000000000000000000000010000000010000000000000000000000000000000000000000000000000000000000000000000000000000000000000000001000000001000000000001
001000000010000000010000000000000000000000000110010001010000000000000000000000000000000000000000000000000000000000000000000000000000000000000000001000000001000000000001
001000000010000000010000000000000000000000000000000000000000000000000000000000000000000000000000000000000000000000000000000000000000000000000000001000000001000000000001
001000000010000000010000000000000000000000000000000000000000000000000000000000000000000000000000000000000000000000000000000000000000000000000000011001000101000000000001
001000000110010001010000000000000000000000000000000000000000000000000000000000000000000000000000000000000000000000000000000000000000000000000000000000000000000000000001
001000000000000000000000000000000000000000000000000000000000000000000000000000000000000000000000000000000000000000000000000000000000000000000000000000000000000000000001
001000000000000000000000000000000000000000000000000000000000000000000000000000000000000000000000000000000000000000000000000000000000000000000000000000000000000000000001
001000000000000000000000000000000000000000000000000000000000000000000000000000000000000000000000000000000000000000000000000000000000000000000000000000000000000000000001
001000000000000000000000000000000000000000000000000000000000000000000000000000000000000000000000000000000000000000000000000000000000000000000000000000000000000000000001
001000000000000000000000000000000000000000000000000000000000000000000000000000000000000000000000000000000000000000000000000000000000000000000000000000000000000000000001
001000000000000000000000000000000000000000000000000000000000000000000000000000000000000000000000000000000000000000000000000000000000000000000000000000000000000000000001
001000000000000000000000000000000000000000000000000000000000000000000000000000000000000000000000000000000000000000000000000000000000000000000000000000000000000000000001
001010001001000000000000101010001000100010001000101010001001100010001000100010001000100010001000100010001000100010001000100010001000100010001000100010001000100010010001
001000000001000000000000000000000000000000000000001000000001000000000000000000000000000000000000000000000000000000000000000000000000000000000000000000000000000000000001
001000000001000000000000000000000000000000000000001000000001000000000000000000000000000000000000000000000000000000000000000000000000000000000000000000000000000000000001
001000000001000000000000000000000000000000000000001000000001000000000000000000000000000000000000000000000000000000000000000000000000000000000000000000000000000000000001
001000000001000000000000000000000000000000000000001000000001000000000000000000000000000000000000000000000000000000000000000000000000000000000000000000000000000000000001
001000000001000000000000000000000000000000000000001000000001000000000000000000000000000000000000000000000000000000000000000000000000000000000000000000000000000000000001
001001000101000000000000000000000000000000000000011001000101000000000000000000000000000000000000000000000000000000000000000000000000000000000000000000000000000000000001
001000000000000000000000000000000000000000000000000000000000000000000000000000000000000000000000000000000000000000000000000000000000000000000000000000000000000000000001
001000000000000000000000000000000000000000000000000000000000000000000000000000000000000000000000000000000000000000000000000000000000000000000000000000000000000000000001
001000000000000000000000000000000000000000000000000000000000000000000000000000000000000000000000000000000000000000000000000000000000000000000000000000000000000000000001
001000000000000000000000000000000000000000000000000000000000000000000000000000000000000000000000000000000000000000000000000000000000000000000000000000000000000000000001
001000000000000000000000000000000000000000000000000000000000000000000000000000000000000000000000000000000000000000000000000000000000000000000000000000000000000000000001
011001000100010001000100010001000100010001000100010001000100010001000100010001000100010001000100010001000100010001000100010001000100010001000100010001000100010001000101
