1010100010001000100010001000100010001000100010001000100010001000100010001000100010001000100010001000100010001000100010001000100010001000100010001000100010001001
0010000000000000000000000000000000000000000000000000000000000000000000000000000000000000000000000000000000000000000000000000000000000000000000000000000000000001
0010000000000000000000000000000010010000000000000000000000000000000000001010000000000000000000000000000000000000000000000000000000000000000000000000000000000001
0010000000000000000000000000000000010000000000000000000000000000000000000010000000000000000000000000000000000000000000000000000000000000000000000000000000000001
0010000000000000000000000000000000010000000000000000000000000000000000000010000000000000000000000000000000000000000000000000000000000000000000000000000000000001
0010000000000110010001000100010001000100010001000100010001011010000000000010000000000000000000000000000000000000000000000000000000000000000000000000000000000001
0010000000000000000000000000000000010000000000010000000000000010000000000010000000000000000000000000000000000000000000000000000000000000000000000000000000000001
0010000000000000000000000000000000010000101010001001000000000010000000000010000000000000000000000000000000000000000000000000000000000000000000000000000000000001
0010000000001010100010001000100010001000100010001000100010010010000000000010000000000000000000000000000000000000000000000000000000000000000000000000000000000001
0010000000000000000000000000000000010000001000010001000000001001000000000010000000000000000000000000000000000000000000000000101000000000000000000000000000000001
0010000000000000000000000000000000010000001000010001000000000001000000000010000000000000000000000000000000000000000000000000001000000000000000000000000000000001
0010000000000000000000000000000000010000001000010001000000000001000000000010000000000000000000000000000000000000000000000000001000000000000000000000000000000001
0010000000000000000000000000000000010000001000010001000000000001000000000010000000000000000000000000000000000000000000000000001000000000000000000000000000000001
0010000000000000000000000000000000010000011001000101000000000001000000000010000000000000000000000000000000000000000000000000001000000000000000000000000000000001
0010000000000000000000000000000000010000000000010000000000000001000000000010000000000000000000000000000000000000000000000000001000000000000000000000000000000001
0010000000000000000000000000000000010000000000010000000000000001000000000010000000000000000000000000000000000000000000000000001000000000000000000000000000000001
0010000000000000000000000000000000010000000000010000000000000001000000000010000000000000000000000000000000000000000000000000001000000000000000000000000000000001
0010000000000000000000000000000000010000000001010000000000000001000000000010000000000000000000000000000000000000000000000000001000000000000000000000000000000001
0010000000000000000000000000000000010000000000000000000000000001000000000010000000000000000000000000000000000000000000000000001000000000000000000000000000000001
0010000000000000000000000000000000010000000000000000000000000001000000000010000000000000000000000000000000000000000000000000001000000000000000000000000000000001
0010000000000000000000000000000001010000000000000000000000000001000000000110000000000000000000000000000000000000000000000000001000000000000000000000000000000001
0010000000000000000000000000000000000000000000000000000000000001000000000000011001000100010001000100010001000100010001000100010100000000000000000000000000000001
0010000000000000000000000000000000000000000000000000000000000001000000000000000000000000000000000000000000000000000000000000001000000000000000000000000000000001
0010000000000000000000000000000000000000000000000000000000000001000000000000000000000000000000000000000000000000000000000000001000000000000000000000000000000001
0010000000000000000000000000000000000000000000000000000000000001000000000000000000000000000000000000000000000000000000000000001000000000000000000000000000000001
0010000000000000000000000000000000000000000000000000000000000001000000000000101010001000100010001000100010001000100010001000100100000000000000000000000000000001
0010000000000000000000000000000000000000000000000000000000000001000000000000000000000000000000000000000000000000000000000000001000000000000000000000000000000001
0010000000000000000000000000000000000000000000000000000000000001000000000000000000000000000000000000000000000000000000000000001000000000000000000000000000000001
0010000000000000000000000000000000000000000000000000000000000001000000000000000000000000000000000000000000000000000000000000001000000000000000000000000000000001
0010000000000000000000000000000000000000000000000000000000000001000000000000000000000000000000000000000000000000000000000000001000000000000000000000000000000001
0010000000000000000000000000000000000000000000000000000000000001000000000000000000000000000000000000000000000000000000000000001000000000000000000000000000000001
0010000000000000000000000000000000000000000000000000000000000001101010001001000000000000000000000000000000000000000000000000001000000000000000000000000000000001
0010000000000000000000000000000000000000000000000000000000000001001000000001000000000000000000000000000000000000000000000000001000000000000000000000000000000001
0010000000000000000000000000000000000000000000000000000000000101001000000001000000000000000000000000000000000000000000000000011000000000000000000000000000000001
0010000000000000000000000000000000000000000000000000000000000000001000000001000000000000000000000000000000000000000000000000000000000000000000000000000000000001
0010000000000000000000000000000000000000000000000000000000000000001000000001000000000000000000000000000000000000000000000000000000000000000000000000000000000001
0010000000000000000000000000000000000000000000000000000000000000001000000001000000000000000000000000000000000000000000000000000000000000000000000000000000000001
0010000000000000000000000000000000000000000000000000000000000000011001000101000000000000000000000000000000000000000000000000101010001001000000000000000000000001
0010000000000000000000000000000000000000000000000000000000000000000000000000000000000000000000000000000000000000000000000000001000000001000000000000000000000001
0010000000000000000000000000000000000000000000000000000000000000000000000000000000000000000000000000000000000000000000000000001000000001000000000000000000000001
0010000000000000000000000000000000000000000000000000000000000000000000000000000000000000000000000000000000000000000000000000001000000001000000000000000000000001
0010000000000000000000000000000000000000000000000000000000000000000000000000000000000000000000000000000000000000000000000000001000000001000000000000000000000001
0010000000000000000000000000000000000000000000000000000000000000000000000000000000000000000000000000000000000000000000000000001000000001000000000000000000000001
0010000000000000000000000000000000000000000000000000000000000000000000000000000000000000000000000000000000000000000000000000011001000101000000000000000000000001
0010000000000000000000000000000000000000000000000000000000000000000000000000000000000000000000000000000000000000000000000000000000000000000000000000000000000001
0010000000000000000000000000000000000000000000000000000000000000000000000000000000000000000000000000000000000000000000000000000000000000000000000000000000000001
0010000000000000000000000000000000000000000000000000000000000000000000000000000000000000000000000000000000000000000000000000000000000000000000000000000000000001
0010000000000000000000000000000000000000000000000000000000000000000000000000000000000000000000000000000000000000000000000000000000000000000000000000000000000001
0010000000000000000000000000000000000000000000000000000000000000000000000000000000000000000000000000000000000000000000000000000000000000000000000000000000000001
0110010001000100010001000100010001000100010001000100010001000100010001000100010001000100010001000100010001000100010001000100010001000100010001000100010001000101
