1010100010001000100010001000100010001000100010001000100010001000100010001000100010001000100010001000100010001000100010001000100010001000100010001000100010001000100010001000100010001001
0010000000000000101010001001000000000000000000000000000000000000000000000000000000000000000000000000000000000000000000000000000000000000000000000000000000000000000000000000000000000001
0010000000000000001000000001000000000000000000000000000000000000000000000000000000000000000000000000000000000000000000000000000000000000000000000000000000000000000000000000000000000001
0010000000000000001000000001000000000000000000000000000000000000000000000000000000000000000000000000000000000000000000000000000000000000000000000000000000000000000000000000000000000001
0010000001100100010001000100010001000100010001000100010001000100010001000100010001000100010001000100010001000100010001000100010001000100010001000100010001000100010001000100010001010001
0010000000000000001010101000100100000000000110010010000000000000000000000000000000000000101000000000000000000000000000000000000000000000000000000000000000000000000000000000000000000001
0010000000000000001000100001000100000000000100010010000000000000000000000000000000000000001000000000000000000000000000000000000000000000000000000000000000000000000000000000000000000001
0010000000000000011000100101000100000000000100010010000000000000000000000000000000000000001000000000000000000000000000000000000000000000000000000000000000000000000000000000000000000001
0010000000000000000000100000000100000000000100010010000000000000000000000000000000000000001000000000000000000000000000000000000000000000000000000000000000000000000000000000000000000001
0010000000000000000000100000000100000000000100010010000000000000000000000000000000000000001000000000000000000000000000000000000000000000000000000000000000000000000000000000000000000001
0010000000000000000000100000000100000000000100010010000000000000000000000000000000000000001000000000000000000000000000000000000000000000000000000000000000000000000000000000000000000001
0010000000000000000001100100010100000000000100010010000000000000000000000000000000000000001000000000000000000000000000000000000000000000000000000000000010101000100100000000000000000001
0010000000000000000000000000000000000000000100010010000000000000000000000000000000000000001000000000000000000000000000000000000000000000000000000000000000100000000100000000000000000001
0010000000000000000000000000000000000000000100010010000000000000000000000000000000000000001000000000000000000000000000000000000000000000000000000000000000100000000100000000000000000001
0010000000000000000000000000000000001010100010010110000000000000000000000000000000000000001000000000000000000000000000000000000000000000000000000000000000100000000100000000000000000001
0010000000000000000000000000000000000010000000010000000000000000000000000000000000000000001000000000000000000000000000000000000000000000000000000000000000100000000100000000000000000001
0010000000000000000000000000000000000010000000010000000000000000000000000000000000000000001000000000000000000000000000000000000000000000000000000000000000100000000100000000000000000001
0010000000000000000000000000000000000010101010001001000000000000000000000000000000000000001000000000000000000000000000000000000000000000000000000000000001100100010100000000000000000001
0010000000000000000000000000000000000010001000010001000000000000000000000000000000000000001000000000000000000000000000000000000000000000000000000000000000000000000000000000000000000001
0010000000000000000000000000000000000010001000010001000000000000000000000000000000000000001000000000000000000000000000000000000000000000000000000000000000000000000000000000000000000001
0010000000000000000000000000000000000110001001010001000000000000000000000000000000000000001000000000000000000000000000000000000000000000000000000000000000000000000000000000000000000001
0010000000000000000000000000000000000000001000010001000000000000000000000000000000000000001000000000000000000000000000000000000000000000000000000000000000000000000000000000000000000001
0010000000000000000000000000000000000000001000010001000000000000000000000000000000000000001000000000000000000000000000000000000000000000000000000000000000000000000000000000000000000001
0010000000000000000000000000000010101000100101000101000000000000000000000000000000000110010001000100010001000100010001000100010001000100010001000100010001010000000000000000000000000001
0010000000000000000000000000000000100000000101010000000000000000000000000000000000000000011000000000000000000000000000000000000000000000000000000000000000000000000000000000000000000001
0010000000000000000000000000000000100000000100000000000000000000000000000000000000000000000000000000000000000000000000000000000000000000000000000000000000000000000000000000000000000001
0010000000000000000000000000000000100000000100000000000000000000000000000000000000000000000000000000000000000000000000000000000000000000000000000000000000000000000000000000000000000001
0010000000000000000000000000000000100000000100000000000000000000000000000000000000000000000000000000000000000000000000000000000000000000000000000000000000000000000000000000000000000001
0010000000000000000000000000000000100000000100000000000000000000000000000000000000000000000000000000000000000000000000000000000000000000000000000000000000000000000000000000000000000001
0010000000000000000000000000000001100100010100000000000000000000000000000000000000000000000000000000000000000000000000000000000000000000000000000000000000000000000000000000000000000001
0010000000000000000000000000000000000000000000000000000000000000000000000000000010101000100100000000000000000000000000000000000000000000000000000000000000000000000000000000000000000001
0010000000000000000000000000000000000000000000000000000000000000000000000000101010001001000100000000000000000000000000000000000000000000000000000000000000000000000000000000000000000001
0010000000000000000000000000000000000000000000000000000000000000000000000000001000101010100010001000100010001000100010001000100010001000100010001000100010010000000000000000000000000001
0010000000000000000000000000000000000000000000000000000000000000000000000000001000100001000100000000000000000000000000000000000000000000000000000000000000000000000000000000000000000001
0010000000000000000000000000000000000000000000000000000000000000000000000000001000100001000100000000000000000000000000000000000000000000000000000000000000000000000000000000000000000001
0010000000000000000000000000101010001001000000000000000000000000000000000000001000100001000100000000000000000000000000000000000000000000000000000000000000000000000000000000000000000001
0010000000000000000000000000001000000001000000000000000000000000000000000000001001100001010100000000000000000000000000000000000000000000000000000000000000000000000000000000000000000001
0010000000000000000000000000001000000001000000000000000000000000000000000000011001000101000000000000000000000000000000000000000000000000000000000000000000000000000000000000000000000001
0010000010101000100010001000100010001000100010001000100010001000100010001000100010001000100010001000100010001000100010001000100010001000100010001000100010001000100010001000100010010001
0010000000000000000000000000001000000001000000000000000000000000000000000000000000000000000000000000000000000000000000000000000000000000000000000000000000000000000000000000000000000001
0010000000000000000000000000001000000001000000000000000000000000000000000000000000000000000000000000000000000000000000000000000000000000000000000000000000000000000000000000000000000001
0010000000000000000000000000011001000101000000000000000000000000000000000000000000000000000000000000000000000000000000000000000000000000000000000000000000000000000000000000000000000001
0110010001000100010001000100010001000100010001000100010001000100010001000100010001000100010001000100010001000100010001000100010001000100010001000100010001000100010001000100010001000101
