101010001000100010001000100010001000100010001000100010001000100010001000100010001000100010001000100010001000100010001000100010001000100010001000100010001000100010001000100010001001
001000000000000000000000000000000000000000000000000000000000000000000000000000000000000000000000000000000000000000000000000000000000000000000000000000000000000000000000000000000001
001000000000000000000000000000000000000000000000000000000000000000000000000000000000000000000000000000000000000000000000000000000000000000000000000000000000000000000000000000000001
001000000000000000000000000000000000000000000000000000000000000000000000000000000000000000000000000000000000000000000000000000000000000000000000000000000000000000000000000000000001
001000000000000000000000000000000000000000000000000000000000000000000000000000000000000000000000000000001010100010010000000000000000000000000000000000000000000000000000000000000001
001000000000011001000100010001000100010001000100010001000100010001000100010001000100010001000100010001000100010001000100010001000100010001000101000000000000000000000000000000000001
001000000000000000000000000000000000000000000000000000000000000000000000000000000000000000000000000000000010000000010000000000000000000000000000000000000000000000000000000000000001
001000000000000000000000000000000000000000000000000010010000000000000000000000000000000000000000000000001010000000010000000000000000000000000000000000000000000000000000000000000001
001000000000000000000000000000000000000000000000000000010000000000000000000000000000000000000000000000000010000000010000000000000000000000000000000000000000000000000000000000000001
001000000000000000000000000000000000000000000000000000010000000000000000000000000000000000000000000000000010000000010000000000000000000010101000100100000000000000000000000000000001
001000000000000000000000000000000000000000000000000000010000000000000000000000000000000000000000000000000010010001010000000000000000000000100000000110101000100100000000000000000001
001000000000000000000000000000000000000000000000000000010000000000000000000000000000000000000000000000000010000000000000000000000000000000100000000100100000000100000000000000000001
001000000000000000000000000000000000000001100100010001000100010001000100010001000100010001000100010001000100010001000100010001000101000000100000000100100000000100000000000000000001
001000000000000000000000000000000000000000000000000000010000000000000000000000000000000000000000000000000010000000100000000100000000000000100000000100100000000100000000000000000001
001000000000000000000000000000000000000000000000000000010000000000000000000000000000000000000000000000000010000000100000000100000000000000100000000100100000000100000000000000000001
001000000000000000000000000000000000000000000000000000010000000000000000000000000000000000000000000000000010000000100000000100000000000001100100010100100000000110101000100100000001
001000000000000000000000000000000000000000000000000000010000000000000000000000000000000000000000000000000010000000100000000100000000000000000000000001100100010100100000000100000001
001000000000000010101000100100000000000000000000000000010000000000000000000000000000000000000000000000000010000000100000000100000000000000000000000000000000000000100000000100000001
001000000000000000100000000100000000000000000000000000010000000000000000000000000000000000000000000000000010000001100100010100000000000000000000000000000000000000100000000100000001
001000000000000000100000000100000000000000000000000000010000000000000000000000000000000000000000000000000010000000000000000000000000000000000000000000000000000000100000000100000001
001000000000000000100000000100000000000000000000000000010000000000000000000000000000000000000000000000001001000000001010000000000000000000000000000000000000000000100000000100000001
001000000000000000100000000100000000000000000000000000010000000000000000000000000000000000000000000000000001000000000010000000000000000000000000000000000000000001100100010100000001
001000000000000000100000000100000000000000000000101010001001000000000000000000000000000000000000000000000001000000000010000000000000000000000000000000000000000000000000000000000001
001000000000000001100100010100000000000000000000001000010001000000000000000000000000000000000000000000000001000000000010000000000000000000000000000000000000000000000000000000000001
001000000000000000000000000000000000000000000000001000010001000000001010100010010000000000000000000000000001000000000010000000000000000000000000000000000000000000000000000000000001
001000000000000000000000000000000000000000000000001000010001000000000010000000010000000000000000000000000001000000000010000000000000000000000000000000000000000000000000000000000001
001000000000000000000000000000000000000010101000100010001000100010001000100010001000100010001000100010001000100010001000100010001001000000000000000000000000000000000000000000000001
001000000000000000000000000000000000000000000000001000010001000000000010000000010000000000000000000000000001000000000010000000000000000000000000000000000000000000000000000000000001
001000000000000000000000000000000000000000000000011001000101000000000010000000010000000000000000000000000001000000000010000000000000000000000000000000000000000000000000000000000001
001000000000101010001000100010001000100010001000100010001000100010001000100010001000100010001000100010001000100010001000100010001000100010001001000000000000000000000000000000000001
001000000000000000000000000000000000000000000000000000000000101010001001010001010000000000000000000000000001000000000010000000000000000000000000000000000000000000000000000000000001
001000000000000000000000000000000000000000000000000000000000001000000001000000000000000000000000000000000101000000000110000000000000000000000000000000000000000000000000000000000001
001000000000000000000000000000000000000000000000000000000000001000000001000000000000000000000000000000000000000000000000000000000000000000000000000000000000000000000000000000000001
001000000000000000000000000000000000000000000000000000000000001000000001000000000000000000000000000000000000000000000000000000000000000000000000000000000000000000000000000000000001
001000000000000000000000000000000000000000000000000000000000001000000001000000000000000000000000000000000000000000000000000000000000000000000000000000000000000000000000000000000001
001000000000000000000000000000000000000000000000000000000000001000000001000000000000000000000000000000000000000000000000000000000000000000000000000000000000000000000000000000000001
001000000000000000000000000000000000000000000000000000000000011001000101000000000000000000000000000000000000000000000000000000000000000000000000000000000000000000000000000000000001
001000000000000000000000000000000000000000000000000000000000000000000000000000000000000000000000000000000000000000000000000000000000000000000000000000000000000000000000000000000001
001000000000000000000000000000000000000000000000000000000000000000000000000000000000000000000000000000000000000000000000000000000000000000000000000000000000000000000000000000000001
001000000000000000000000000000000000000000000000000000000000000000000000000000000000000000000000000000000000000000000000000000000000000000000000000000000000000000000000000000000001
001000000000000000000000000000000000000000000000000000000000000000000000000000000000000000000000000000000000000000000000000000000000000000000000000000000000000000000000000000000001
001000000000000000000000000000000000000000000000000000000000000000000000000000000000000000000000000000000000000000000000000000000000000000000000000000000000000000000000000000000001
001000000000000000000000000000000000000000000000000000000000000000000000000000000000000000000000000000000000000000000000000000000000000000000000000000000000000000000000000000000001
011001000100010001000100010001000100010001000100010001000100010001000100010001000100010001000100010001000100010001000100010001000100010001000100010001000100010001000100010001000101
