10101000100010001000100010001000100010001000100010001000100010001000100010001000100010001000100010001000100010001000100010001000100010001000100010001000100010001000100010001001
00100000000000000000000000000000000000000000000000000000000000000000000000000000000000000000000000000000000000000000000000000000000000000000000000000000000000000000000000000001
00100000000000000000000000000000000000000000000000000000000000000000000000000000000000000000000000000000000000000000000000000000000000000000000000000000000000000000000000000001
00100110010001000100010001000100010001000100010001000100010001000100010001000100010001000100010001000100010001000101000000000000000000000000000000000000000000000000000000000001
00100000000000000000000000000000000000000000000000000000000000000000000000000000000000000000000000000000000000000000000000000000000000000000000000000000000000000000000000000001
00100000000000000000000000000000000000000000100100000000000000000000000000000000000000000000000010100000000000000000000000000000000000000000000000000000000000000000000000000001
00100000000000000000000000000000000000000000000100000000000000000000000000000000000000000000000000100000000000000000000000000000000000000000000000000000000000000000000000000001
00100000000000000000000000000000000000000000000100000000000000000000000000000000000000000000000000100000000000001010100010010000000000000000000000000000000000000000000000000001
00100000000000000000000000000000000000000000000100000000000000000000000000000000000000000000000000100000000000000010000000010000000000000000000000000000000000000000000000000001
00100000000000000000000000000000000000000000000100000000000000000000000000000000000000000000000000100000000000000010000000010000000000000000000000000000000000000000000000000001
00100000000000000000000000000000000000000000000100000000000000000000000000000000000000000000000000100000000000000010000000010000000000000000000000000000000000000000000000000001
00100000000000000000000000000000000000000000000100000000000000000000000000000000000000000000000000100000000000000010000000010000000000000000000000000000000000000000000000000001
00100000000000000000000000000000000000000000000100000000000000000000000000000000000000000000000000100000000000000010000000010000000000000000000000000000000000000000000000000001
00100000000000000000000000000000000000000000000100000000000000000000000000000000000000000000000000100000000000000110010001010000000000000000000000000000000000000000000000000001
00100000000000000000000000000000000000000000000100000000000000000000000000000000000000000000000000100000000000000000000000000000000000000000000000000000000000000000000000000001
00100000000000000000000000000000000000000000101010001001000000000000000000000000000000000000000000100000000000000000000000000000000000000000000000000000000000000000000000000001
00100000000000000000000000000000000000000000001000000001000000000000000000000000000000000000000000100000000000000000000000000000000000000000000000000000000000000000000000000001
00100000000000000000000000000000000000000000001000000001000000000000000000000000000000000000000000100000000000000000000000000000000000000000000000000000000000000000000000000001
00100000000000000000000000000000000000000000001000000001000000000000000000000000000000000000000000100000000000000000000000000000000000000000000000000000000000000000000000000001
00100000000000000000000000000000000000000000001000000001000000000000000000000000000000000000000000101001101000000000000000000000000000000000000000000000000000000000000000000001
00100000000000000000000000000000000000000000001000000001000000000000000000000000000000000000000000100001001000000000000000000000000000000000000000000000000000000000000000000001
00100000000000000000000000000000000000000000011001000101000000000000000000000000000000000000000000100001001010010000000000000000000000000000000000000000000000000000101000000001
00101010100010001000100010001000100010001000100010001000100010001000100010001000100010001000100010001000100010001001000000000000000000000000000000000000000000000000001000000001
00100000000000000000000000000000000000000000000100000000000000000000000000000000000000000000000000100001001000010000101010001001000000000000000000000000000000000000001000000001
00100000000000000000000000000000000000000000000100000000000000000000000000000000000000000000000000100001001000010000001010010001000000000000000000000000000010100000001000000001
00100000000000000000000000000000000000000000000100000000000000000000000000000000000000000000000000100001001000010000001000010001000000000000000000000000000000100000001000000001
00100000000000000000000000000000000000000000010100000000000000000000000000000000000000000000000001100001001000010000001000010001000000000000000000000000000000100000001000000001
00100000000000000000000000000000000000000000000000000000000000000000000000000000000000000000000000000001001000010000001000010001000000000000000000000000000000100000001000000001
00100000000000000000000000000000000000000000000000000000000000000000000000000000000000000000000000000101011000010000001000010001000000000000000000000000000000100000001000000001
00100000000000000000000000000000000000001010100010010000000000000000000000000000000000000000000000000000000000010000011000010101000000000000000000000000000000100000001000000001
00100000000000000000000000000000000000000010000000010000000000000000000000000000000000000000000000000000000000010000000000010000000000000000000000000000000000100000001000000001
00100000000000000000000000000000000000000010000000010000000000000000000000000000000000000000000000000000000000010000000000010000000000000000000000000000000000100000001000000001
00100000000000000000000000000000000000000010000000010000000000000000000000000000000000000000000000000000000000010000000000010000000000000000000000000000000010101000100100000001
00100000000000000000000000000000000000000010000000010000000000000000000000000000000000000000000000000000000000010000000000010000000000000000000000000000000000100000000100000001
00100000000000000000000000000000000000000010000000010000000000000000000000000000000000000000000000000000000000010000000000010000000000000000000000000000000000100000000100000001
00100000000000000000000000000000000000000110010001010000000000000000000000000000000000000000000000000000000000010000000000010000000000000000000000000000000000100000000100000001
00100000000000000000000000000000000000000000000000000000000000000000000000000000000000000000000000000000000000010000000000010000000000000000000000000000000000100000000100000001
00100000000000000000000000000000000000000000000000000000000000000000000000000000000000000000000000000000000000010000000000010000000000000000000000000000000000100000000100000001
00100000000000000000000000000000000000000000000000000000000000000000000000000000000000000000000000000000000000010000000000010000000000000000000000000000000001100100010100000001
00100000000000000000000000000000000000000000000000000000000000000000000000000000000000000000000000000000000000010000000000010000000000000000000000000000000000100000001000000001
00100000000000000000000000000000000000000000000000000000000000000000000000000000000000000000000000000000000000010000000000010000000000000000000000000000000000100000001000000001
00100000000000000000000000000000000000000000000000000000000000000000000000000000000000000000000000000000000000010000000001010000000000000000000000000000000001100000001000000001
00100000000000000000000000000000000000000000000000000000000000000000000000000000000000000000000000000000000000010000000000000000000000000000000000000000000000000000001000000001
00100000000000000000000000000000000000000000000000000000000000000000000000000000000000000000000000000000000001010000000000000000000000000000000000000000000000000000011000000001
01100100010001000100010001000100010001000100010001000100010001000100010001000100010001000100010001000100010001000100010001000100010001000100010001000100010001000100010001000101
