10101000100010001000100010001000100010001000100010001000100010001000100010001000100010001000100010001000100010001000100010001000100010001000100010001000100010001000100010001000100010001001
00100000000000000000000000000000000000000000000000000000000000000000000000000000000000001010100010010000000000000000000000001010100010010000000000000000000000000000000000000000000000000001
00100000000000000000101010001001100100000000000000000000000000000000000000000000000000000010000000010000000000000000000000000010000000010000000000000000101000000000000000000000000000000001
00100110010001000100010001000100010001000100010001000100010001000100010001000100010001000100010001000100010001000100010001000100010001000100010001000100010001000100010001000100010001010001
00100000000000000000001000000001000100000000000000000000000000000000000000000000000000000010000000010000000000000000000000000010000000010000000000000000001000000000000000000000000000000001
00100000000000000000001010101000100100000000000000000000000000000000000000000000000000000010000000010000000000000000000000000010000000010000101010001001001000000000000000000000000000000001
00100000000000000000001000100001000100000000000000000000000000000000000000000000000000000010000000010000000000000000000000000010000000010000001000000001101010001001000000000000000000000001
00100000000000000000001000100001000100000000000000000000000000000000000000000000000000000110010001010000000000000000000000000110010001010000001000000001001000000001000000000000000000000001
00100000000000000000011000100101000100000000000000000000000000000000000000000000000000000000000000000000000000000000000000000000000000000000001000000001001000000001000000000000000000000001
00100000000000000000000000100000000100000000000000000000000000000000000000000000000000000000000000000000000000000000000000000000000000001010100010010001001000000001000000000000000000000001
00100000000000000000000000100000000100000000000000000000000000000000000000000000000000000000000000000000000000000000000000000000000000000010001000010001001000000001000000000000000000000001
00100000000000000000000001100100010100000000000000000000000000000000000000000000000000000000000000000000000000000000000000000000000000000010011000010101001000000001000000000000000000000001
00100000000000000000000000000000000100000000000000000000000000000000000000000000000000000000000000000000000000000000000000000000000000000010000000011010100010010101000000000000000000000001
00100000000000000000000000000000000100000000000000000000000000000000000000000000000000000000000000000000000000000000000000000000000000000010000000010010001000010000000000000000000000000001
00100000000000000000000000000000000100000000000000000000000000000000000000000000000000000000000000000000000000000000000000000000000000000010000000010010001000010000000000000000000000000001
00100000000000000000000000000000000100000000000000000000000000000000000000000000000000000000000000000000000000000000000000000000000000000110010001010010001000010000000000000000000000000001
00100000000000000000000000000000000100000000000000000000000000000000000000000000000000000000000000000000000000000000000000000000000000000000000000000010001000010000000000000000000000000001
00100000000000000000000000000000000100000000000000000000000000000000000000000000000000000000000000000000000000000000000000000000000000000000000000000010001000010000000000000000000000000001
00100000000000000000000000000000000100000000000000000000000000000000000000000000000000000000000000000000000000000000000000000000000000000000000000000110010001010000000000000000000000000001
00100000000000000000000000000000000100000000000000000000000000000000000000000000000000000000000000000000000000000000000000000000000000000000000000000000001000000000000000000000000000000001
00100000000000000000000000000000000100000000000000000000000000000000000000001010100010001000100010001000100100000000000000000000000000000000000000000000001000000000000000000000000000000001
00100000000000000000000000000000000100000000000000000000000000000000000000000110010001000100010001000100010100000000000000000000000000000000000000000000001000000000000000000000000000000001
00100000000000000000000000000000000100000000000000000000000000000000000000000000000000000000000000000000000000000000000000000000000000000000000000000000001000000000000000000000000000000001
00100000000000000000000000000000000100000000000000000000000000000000000000000000000000000000000000000000000000000000000000000000000000000000000000000000001000000000000000000000000000000001
00100000000000000000000000000000000100000000000000000000000000000000000000000000000000000000000000000000000000000000000000000000000000000000000000001010100010010000000000000000000000000001
00100000000000000000000000000000000100000000000000000000000000000000000000000000000000000000000000000000000000000000000000001001000000000000101000000010001000010000000000000000000000000001
00100000000000000000000000000000000100000000000000000000000000000000000000000000000000000000000000000000000000000000000000000001000000000000001000000010001000010000000000000000000000000001
00100000000000000000000000000000000100000000000000000000000000000000000000000000000000000000000000000000000000000000000000000001000000000000001000000010001000010000000000000000000000000001
00100000000000000000000000000000000100000000000000000000000000000000000000000000000000000000000000000000000000000000000000000001000000000000001000000010001000010000000000000000000000000001
00100000000000000000000000000000000100000000000000000000000000000000000000000000000000000000000000000000000000000000000000000001000000000000001000000010001000010000000000000000000000000001
00100000101010001001000000000000000100000000000000000000000000000000000000000000000000000000000000000000000000000000000000000001000000000000001000000110010001010000000000000000000000000001
00101000100100000001000000000000000100000000000000000000000000000000000000000000000000000000000000000000000000000000000000000001000000000000001000000000001000000000000000000000000000000001
00100000000100000001000000000000000100000000000000000000000000000000000000000000000000000000000000000000000000000000000000000001000000000000001000000000001000000000000000000000000000000001
00100000000100000001000000000000000100000000000000000000000000000000000000000000000000000000000000000000000000000000000000000001000000000000001000000000001000000000000000000000000000000001
00100000000100000001000000000000000100000000000000000000000000000000000000000000000000000000000000000000000000000000000000000001000000000000001000000000001000000000000000000000000000000001
00100000000100000001000000000000000100000000000000000000000000000000000000000000000000000000000000000000000000000000000000000001000000000000001000000000001000000000000000000000000000000001
00100000000101000101000000000000000100000000000000000000000000000000000000000000000000000000000000000000000000000000000000000001000000000000001000000000001000000000000000000000000000000001
00100100010100000000000000000000000100000000000000000000000000000000000000000000000000000000000000000000000000000000000000000101000000000000011000000000001000000000000000000000000000000001
00100000000000000000000000000000000100000000000000000000000000000000000000000000000000000000000000000000000000000000000000000000000000000000000000000000001000000000000000000000000000000001
00101010100010001000100010001000100010001000100010001000100010001000100010001000100010001000100010001000100010001000100010001000100010001000100010001000100010001000100010001000100010010001
00100000000000000000000000000000010100000000000000000000000000000000000000000000000000000000000000000000000000000000000000000000000000000000000000000000011000000000000000000000000000000001
01100100010001000100010001000100010001000100010001000100010001000100010001000100010001000100010001000100010001000100010001000100010001000100010001000100010001000100010001000100010001000101
