101010001000100010001000100010001000100010001000100010001000100010001000100010001000100010001000100010001000100010001000100010001000100010001000100010001000100010001000100010001000100010001000100010001001
001000000000000000000000000000000000000000000000000000000000000000000000000000000000000000000000000000000000000000000000000000000000000000000000000000000000000000000000000000000000000000000000000000000001
001000000000000000000000000000000000000000000000000000000000000000000000000000000000000000000000000000000000000000000000000000000000000000000000000000000000000000000000000000000000000000000000000000000001
001000000000000000000000000000000000000000000000000000000000000000000000000000000000000000000000000000000000000000000000000000000000000010101000100100000000000000000000000000000000000000000000000000000001
001000000000000000000000000000000000000000000000000000000000000000000000000000000000000000000000000000000000000000000000000000000000000000100000000100000000000000000000000000000000000000000000000000000001
001000000000000000000000000000000000000000000000000000000000000000000000000000000000000000000000000000000000000000000000000000000000000000100000000100000000000000000000000000000000000000000000000000000001
001000000000000000000000000000000000000000000000100100000000000000000000000000000000000000000000000000000000000000000000000010100000000000100000000100000000000000000000000000000000000000000000000000000001
001000000000000000000110010001000100010001000100010001010000000000000000000000000000000000000000000000000000000000000000000000100000000000100000000100000000000000000000000000000000000000000000000000000001
001000000000000000000000000000000000000000000000000100000000000000000000000000000000000000000000000000000000000000000000000000100000000000100000000100000000000000000000000000000000000000000000000000000001
001000000000000000000000000000000000000000000000000100000000000000000000000000000000000000000000000000000000000000000000000000100000000001100100010100000000000000000000000000000000000000000000000000000001
001000000000000000000000000000000110010001000100010001000100010001000100010001000100010001000100010001000100010001000100010001000100010001000100010001010000000000000000000000000000000000000000000000000001
001000000000000000000000000000000000000000000000000100000000000000000000000000000000000000000000000000000000000000000000000000100000000000000000000000000000000000000000000000000000000000000000000000000001
001000000000000000000000000000000000000000000000000100000000000000000000100100000000000000000000000000000000000000000000000000100000000010100000000000000000000000000000000000000000000000000000000000000001
001000000000000000000000000000000000000000000000000100000000000000000000000100000000000000000000000000000000000000000000000000100000000000100000000000000000000000000000000000000000000000000000000000000001
001000000000000000000000000000000000000000000000000100000000000000000000000100000000000000000000000000000000000000000000000000100000000000100000000000000000000000000000000000000000000000000000000000000001
001000000000000000000000000000000000000000000000000100000000000000000000000100000000000000000000000000000000000000000000000000100000000000100000000000000000000000000000000000000000000000000000000000000001
001000000000000000000000000000000000000000000000000100000000000000000000000100000000000000000000000000000000000000000000000000100000000000100000000000000000000000000000000000000000000000000000000000000001
001000000000000000000000000000000000000000000000000100000000000000000000000100000000000000000000000000000000000000000000000000100000000000100000000000000000000000000000000000000000000000000000000000000001
001000000000000000000000000000000000000000000000000100000000000000000000000100000000000000000000000000000000000000000000000000100000000000100000000000000000000000000000000000000000000000000000000000000001
001000000000000000000000000000000000000000000000000100000000000000000000000100000000000000000000000000000000000000000000000000100000000000100000000000000000000000000000000000000000000000000000000000000001
001000000000000000000000000000000000000000000000000100000000000000000000000100000000000000000000000000001001000000001010000000100000000000100000000000000000000000000000000000000000000000000000000000000001
001000000000000000000000000000000000000000000000000100000000000000000000000110101000100100000000000000000001000000000010000000100000000000100000000000000000000000000000000000000000000000000000000000000001
001000000000000000000000000000000000000000000000000100000000000000000000000100100000000100000000000000000001000000000010000000100000000000100000000000000000000000000000000000000000000000000000000000000001
001000000000000000000000000000000000000000000000000100000000000000000000000100100000000100000000000000000001000000000010000000100000000000100000000000000000000000000000000000000000000000000000000000000001
001000000000000000000000000000000000000000000000000100000000000000000000000100100000000100000000000000000001000000000010000000100000000000100000000000000000000000000000000000000000000000000000000000000001
001000000000000000000000000000000000000000000000000100000000000000000000000100100000000100000000000000000001000000000010000000100000000000100000000000000000000000000000000000000000000000000000000000000001
001000000000000000000000000000000000000000000000000100000000000000000000000100101010100010010000000000000001000000000010000000100000000000100000000000000000000000000000000000000000000000000000000000000001
001000000000000000000000000000000000000000000000000100000000000000000000000101100010010100010000000000000001000000000010000000100000000000100000000000000000000000000000000000000000000000000000000000000001
001000000000000000000000000000000000000000000000000100000000000000000000000100000010000010101000100100000001000000000010000000100000000000100000000000000000000000000000000000000000000000000000000000000001
001000000000000000000000000000000000000000000000000100000000000000000000000100000010000000100000000100000001000000000010000000100000000000100000000000000000000000000000000000000000000000000000000000000001
001000000000000000000000000000000000000000000000000100000000000000000000000100000010000000100000000100000001000000000010000000100000000000100000000000000000000000000000000000000000000000000000000000000001
001000000000000000000000000000001010100010001000100010001000100010001000100010001000100010001000100010001000100010001000100010001000100010001000100010010000000000000000000000000000000000000000000000000001
001000000000000000000000000000000000000000000000000100000000000000000000000100000110010000100000000100000000000000000000000000100000000000100000000000000000000000000000000000000000000000000000000000000001
001000000000000000000000000000000000000000000000010100000000000000000000000100000000000000100000000100000000000000000000000001100000000000100000000000000000000000000000000000000000000000000000000000000001
001000000000000000000000000000000000000000000000000000000000000000000000000100000000000001100100010100000000000000000000000000000000000000100000000000000000000000000000000000000000000000000000000000000001
001000000000000000000000000000000000000000000000000000000000000000000000000100000000000000000000000000000000000000000000000000000000000000100000000000000000000000000000000000000000000000000000000000000001
001000000000000000000000000000000000000000000000000000000000000000000000010100000000000000000000000000000000000000000000000000000000000001100000000000000000000000000000000000000000000000000000000000000001
001000000000000000000000000000000000000000000000000000000000000000000000000000000000000000000000000000000000000000000000000000000000000000000000000000000000000000000000000000000000000000000000000000000001
011001000100010001000100010001000100010001000100010001000100010001000100010001000100010001000100010001000100010001000100010001000100010001000100010001000100010001000100010001000100010001000100010001000101
