101010001000100010001000100010001000100010001000100010001000100010001000100010001000100010001000100010001000100010001000100010001000100010001000100010001000100010001000100010001000100010001001
001000000000000000000000000000100000000100000000000000000000000000000000000000000000000000000000000000000010000000010000000000000000000000000000000000000000000000000000000000000000000000000001
001000000000000000000000000000100000000100000000000000000000000000000000000000000000000000000000000000000010000000010000000000000000000000000000000000000000000000000000000000000000000000000001
001000000000000000000000000000100000000100000000000000000000000000000000000000000000000000000000000000000010000000010000000000000000000000000000000000000000000000000000000000000000000000000001
001000000000000000000000000000100000000100000000000000000000000000000000000000000000000000000000000000000010000000010000000000000000000000000000000000000000000000000000000000000000000000000001
001000000000000000000000000000100000000100000000000000000000000000000000000000000000000000000000000000000010000000010000000000000000000000000000000000000000000000000000000000000000000000000001
001000000000000000000000000001100100010100000000100110100000000000000000000000000000000000000000000000000110010001010000000000000000000000000000000000000000000000000000000000000000000000000001
001000000000000000000000000000000000000000000000000100100000000000000000000000000000000000000000000000000000000000000000000000000000000000000000000000000000000000000000000000000000000000000001
001000000000000000000000000000000000000000000000000100101001000000000000000000000000000000000000000010100000000000000000000000000000000000000000000000000000000000000000000000000000000000000001
001000000000000000000000000001100100010001000100010001000100010001000100010001000100010001000100010001000100010001000100010001000100010100000000000000000000000000000000000000000000000000000001
001000000000000000000000000010101000100010001000100010001000100010010000000000000000000000000000000000100000000000000000000000000000000000000000000000000000000000000000000000000000000000000001
001000000000000000000000000000000000000000000000000100100001000000000000000000000000000000000000000000100000000000000000000000000000000000000000000000000000000000000000000000000000000000000001
001000000000000000000000000000000000000000000000000100100001000000000000000000000000000000000000000000100000000000000000000000000000000000000000000000000000000000000000000000000000000000000001
001000000000000000000000000000000000000000000000000100100001000000000000000000000000000000000000000000100000000000000000000000000000000000000000000000000000000000000000000000000000000000000001
001000000000000000000000000000000000000000000000000100100001000000000000000000000000000000000000000000100000000000000000000000000000000000000000000000000000000000000000000000000000000000000001
001000000000000000000000000000000000000000000000010101100001000000000000000000000000000000000000000000100000000000000000000000000000000000000000000000000000000000000000000000000000000000000001
001000000000000000000000000000000000000000000000000000000001000000000000000000000000000000000000000000100000000000000000000000000000000000000000000000000000000000000000000000000000000000000001
001000000000000000000000000000000000000000000000000000000001000000000000000000000000000000000000000000100000000000000000000000000000000000000000000000000000000000000000000000000000000000000001
001000000000000000000000000000000000000000000000000000000001000000000000000000000000000000000000000000100000000000000000000000000000000000000000000000000000000000000000000000000000000000000001
001000000000000000000000000000000000000000000000000000000001000000000000000000000000000000000000000000100000000000000000000000000000000000000000000000000000000000000000000000000000000000000001
001000000000000000000000000000000000000000000000000000000001000000000000000000000000000000000000000000100000000000000000000000000000000000000000000000000000000010101000100100000000000000000001
001000000000000000000000000000000000000000000000000000000001000000000000000000000000000000000000000000100000000000000000101010001001000000000000000000000000000000100000000100000000000000000001
001000000000000000000000000000000000000000000000000000000001000000000000000000000000000000000000000000100000000010101000100100000001000000000000000000000000000000100000000100001010100010010001
001010101000100100000000000000000000000000000000000000000001000000000000000000000000000000000000000000100000000000100000000100000001000000000000000000000000000000100000000100000010000000010001
001000100000000100000000000000000000000000000000000000000001000000000000000000000000000000000000000000100000000000100000000100000001000000000000000000000000000000100000000100000010000000010001
001000100000000100000000000000000000000000000000000000000001000000000000000000000000000000000000000000100000000000100000000100000001000000000000000000000000000000100000000100000010000000010001
001000100000000100000000000000000000000000000000000000000001000000000000000000000000000000000000000000101010100010010000000100000001000000000000000000000000000001100100010100000010000000010001
001000100000000100000000000010101000100010001000100010001000100010001000100010001000100010001000100010001010100010001000100010001000100100000000000000000000000000000000000000000010000000010001
001000100000000100000000000000000000000000000000000000000000000000000000000000000000000000000000000000000110010001000100010001000100010001000100010001000100010001000100010001000100010001010001
001001100100010100000000000000000000000000000000000000000000000000000000000000000000000000000000000000000010000000010000000000000000000000000000000000000000000000000000000000000000000000000001
001000000000000000000000000000000000000000000000000000000000000000000000000000000000000000000000000000000010000000010000000000000000000000000000000000000000000000000000000000000000000000000001
001000000000000000000000000000000000000000000000000000000000000000000000000000000000000000000000000000000010000000010000000000000000000000000000000000000000000000000000000000000000000000000001
001000000000000000000000000000000000000000000000000000000000000000000000000000000000000000000000000000000110010001010000000000000000000000000000000000000000000000000000000000000000000000000001
001000000000000000000000000000000000000000000000000000000000000000000000000000000000000000000000000000000000000000000000000000000000000000000000000000000000000000000000000000000000000000000001
001000000000000000000000000000000000000000000000000000000000000000000000000000000000000000000000000000000000000000000000000000000000000000000000000000000000000000000000000000000000000000000001
001000000000000000000000000000000000000000000000000000000000000000000000000000000000000000000000000000000000000000000000000000000000000000000000000000000000000000000000000000000000000000000001
001000000000000000000000000000000000000000000000000000000000000000000000000000000000000000000000000000000000000000000000000000000000000000000000000000000000000000000000000000000000000000000001
001000000000000000000000000000000000000000000000000000000000000000000000000000000000000000000000000000000000000000000000000000000000000000000000000000000000000000000000000000000000000000000001
001000000000000000000000000000000000000000000000000000000000000000000000000000000000000000000000000000000000000000000000000000000000000000000000000000000000000000000000000000000000000000000001
001000000000000000000000000000000000000000000000000000000000000000000000000000000000000000000000000000000000000000000000000000000000000000000000000000000000000000000000000000000000000000000001
011001000100010001000100010001000100010001000100010001000100010001000100010001000100010001000100010001000100010001000100010001000100010001000100010001000100010001000100010001000100010001000101
