101010001000100010001000100010001000100010001000100010001000100010001000100010001000100010001000100010001000100010001000100010001000100010001000100010001000100010001001
001000000010000000010000000000000000000000000000000000000000000000000000000000000000000000000000000000000000000000000000000000000000000000000000000000000000000000000001
001000000010000000010000000000000000000000000000000000000000000000000000000000000000000000000000000000000000000000000000000000000000000000000000000000000000000000000001
001000000010000000010000000000000000000000000000000000000000000000000000000000000000000000000000000000000000000000000000000000000000000000000000000000000000000000000001
001000000010000000010000000000000000000000000000000000000000000000000000000000000000000000000000000000000000000000000000000000000000000000000000000000000000000000000001
001000000010000000010000000000000000000000000000000000000000000000000000000000000000000000000000000000000000000000000000000000000000000000000000000000000000000000000001
001000000110010001010000000000000000000000000000000000000000000000000000000000000000000000000000000000000000000000000000000010101000100100000000000000000000000000000001
001000000000000000000000000000000000000000000000000000000000000000000000000000000000000000000000000000000000000000000000000000100000101010001001000000000000000000000001
001000000000000000000000000000000000000000000000000000001001000000000000000000000000000000000000000000000000000000000000000000101010001000000001000000000000000000000001
001000000000000000000000000000000000000000000000000000000001000000000000000000000000000000000000000000000000000000000000000000100010001000000001000000000000000000000001
001000000000000000000000000000000000000000000000000000000001000010010000000000000000000010100000000000000000000000000000000000100010001000000001000000000000000000000001
001000000000000000000000000000000000000000000000000000000001000000010000000000000000000000100000000000000000000000000000000000100010001000000001000000000000000000000001
001000000000000000000000000000000000000000000000000000000001000000010000000000000000000000100000000000000000000000000000000001100010001000000001000000000000000000000001
001000000000000000000000000000000000000000000000000000000001000000010000000000000000000000100000000000000000000000000000000000000010011001000101000000000000000000000001
001000000000000000000000000000000000000000000000000000000001000000010000000000000000000000100000000000000000000000000000000000000010000000000000000000000000000000000001
001000000000000000000000000000000000000000000000000000000001000000010000000000000000000000100000000000000000000000000000000000000010000000000000000000000000000000000001
001000000000000000000000000000000000000010101000100100000001000000010000000000000000000000100000000000000000000000000000000000000010000000000000000000000000000000000001
001000000000000000000000000000000000000000100000000100000001000000010000000000000000000000100000000000000000000000000000000000000010000000000000000000000000000000000001
001000000000000000000000000000000000000000100000000100000001000000010000000000000000000000100000000000000000000000000000000000000010000000000000000000000000000000000001
001000000000000000000000000000000000000000100000000100000001000000010000000000000000000000100000000000000000000000000000000000000010000000000000000000000000000000000001
001000000000000000000000000000000000000000100000000100000001000000010000000000000000000000100000000000000000000000000000000000000010000000000000000000000000000000000001
001000000000000000000000000000000000000000100000000100000001000000010000000000000000000000100000000000000000000000000000000000000010000000000000000000000000000000000001
001000000000000000000000000000000000000001100100010100000001000000010000000000000000000000100000000000000000000000000000000000000010000000000000000000000000000000000001
001000000000000000000000000000000000000000000000000000000001000000010000000000000000000000100000000000000000000000000000000000000010000000000000000000000000000000000001
001000000000000000000000000000000000000000000000000000000001000001010000000000000000000001101010100010010000000000000000000000000010000000000000000000000000000000000001
001000000000000000000000000000000000000000000000000000000001000000000000000000000000000000000010000000010000000000000000000000000010000000000000000000000000000000000001
001000000000000000000000000000000000000000000000000000000001000000000000000000000000000000000010000000010000000000000000000000000010000000000000000010101000100100000001
001000000000000000000000000000000000000000000000000000000001000000000000000000000000000000000010000000010000000000000000000000000010100100000000000000100000000100000001
001000000000000000000000000000000000000000000000000000000001000000000000000000000000000000000010000000010000000000000000000000000010000100000000000000100000000100000001
001000000000000000000000000000000000000000000000000000000001000000000000000000000000000000000010000000010000000000000000000000000010000100000000000000100000000100000001
001000000000000000000000000000000000000000000000000000000001000000000000000000000000000000000110010001010000000000000000000000000010000100000000000000100000000100000001
001000000000000000000000000000000000000000000000000000000001000000000000000000000000000000000000000000000000000000000000000000000010000100000000000000100000000100000001
001000000000000000000000000000000000000000000000000000000001000000000000000000000000000000000000000000000000000000000000000000000010000100000000000001100100010100000001
001000000000000000000000000000000000000000000000000000000001000000000000000000000000000000000000000000000000000000000000000000000010000100000000000000000000000000000001
001000000000000000000000000000000000000000000000000000000101000000000000000000000000000000000000000000000000000000000000000000000110000100000000000000000000000000000001
001000000000000000000000000000000000000000000000000000000000000000000000000000000000000000000000000000000000000000000000000000000000000100000000000000000000000000000001
001000000000000000000000000000000000000000000000000000000000000000000000000000000000000000000000000000000000000000000000000000000000000100000000000000000000000000000001
001000000000000000000000000000000000000000000000000000000000000000000000000000000000000000000000000000000000000000000000000000000000000100000000000000000000000000000001
001000000000000000000000000000000000000000000000000000000000000000000000000000000000000000000000000000000000000000000000000000000000000100000000000000000000000000000001
001000000000000000000000000000000000000000000000000000000000000000000000000000000000000000000000000000000000000000000000000000000000000100000000000000000000000000000001
001000000000000000000000000000000000000000000000000000000000000000000000000000000000000000000000000000000000000000000000000000000000000100000000000000000000000000000001
001000000000000000000000000000000000000000000000000000000000000000000000000000000000000000000000000000000000000000000000000000000000000100000000000000000000000000000001
001000000000000000000000000000000000000000000000000000000000000000000000000000000000000000000000000000000000000000000000000000000000000100000000000000000000000000000001
001000000000000000000000000000000000000000000000000000000000000000000000000000000000000000000000000000000000000000000000000000000000010100000000000000000000000000000001
001000000000000000000000000000000000000000000000000000000000000000000000000000000000000000000000000000000000000000000000000000000000000000000000000000000000000000000001
001000000000000000000000000000000000000000000000000000000000000000000000000000000000000000000000000000000000000000000000000000000000000000000000000000000000000000000001
011001000100010001000100010001000100010001000100010001000100010001000100010001000100010001000100010001000100010001000100010001000100010001000100010001000100010001000101
