1010100010001000100010001000100010001000100010001000100010001000100010001000100010001000100010001000100010001000100010001000100010001000100010001001
0010000000000000000000000000000000000000000000000000000000000000000000000000000000000000000000000000000000000000000000000000000000000000000000000001
0010000000000000000000000000000000000000000000000000000000000000000000000000000000000000000000000000000000000000000000000000000000000000000000000001
0010000000000000000000000000000000000000000000000000000000000000000000000000000000000000000000000000000000000000000000000000000000000000000000000001
0010000000000000000000000000000000001010100100000000000000000000000000000000000000000000000000000000000000000000000000000000000000000000000000000001
0010000000000000000000000000000000000010000100000000000000000000000000000000000000000000000000000000000000000000000000000000000000000000000000000001
0010000000000000000000000000000000000010000100001001000000000000000000000000000000000000000000000000000000000000000000001010000000000000000000000001
0010000000000000000000000000000000000010000100000001000000000000000000000000000000000000000000000000000000000000000000000010000000000000000000000001
0010000000000000000000000000000000001010100010001000100010010000000000000000000000000000000000000000000000000000000000000010000000000000000000000001
0010000000000000000000000000000000000010000100000001000000010000000000000000000000000000000000000000000000000000000000000010000000000000000000000001
0010000000000000000000000000000000000010000100000001000000010000000000000000000000000000000000000000000000000000000000000010000000000000000000000001
0010000000000000000000000000000000000110010001000100010001010000000000000000000000000000000000000000000000000000000000000010000000000000000000000001
0010000000000000000000000000000000000000000000000001000000000000000000000000000000000000000000000000000000000000000000000010000000000000000000000001
0010000000000000000000000000000000000000000000000001000000000000000000000000000000000000000000000000000000000000000000000010000000000000000000000001
0010000000000000000000000000000000000000000000000001000000000000000000000000000000000000000000000000000000000000000000000010000000000000000000000001
0010000000000000000000000000000000000000000000000001000000000000000000000000000000000000000000000000000000000000000000000010000000000000000000000001
0010000000000000000000000000000000000000000000000001000000000000000000000000000000000000000000000000000000000000000000000010000000000000000000000001
0010000000000000000000000000000000000000000000000001000000000000000000000000000000000000000000000000000000000000000000000010000000000000000000000001
0010000000000000000000000000000000000000000000000001000000000000000000000000000000000000000000000000000000000000000000000010000000001010100010010001
0010000000000000000000000000000000000000000000000001000000000000000000000000000000000000000000000000100100000000101000000010000000000010000000010001
0010000000000000000000000000000000000000000000000001000000000000000000000000000000000000000000000000000100000000001000000010000000000010000000010001
0010000000000000000000000000000000000000000000000001000000000000000000000000000000001010100010001000100010001001001000000010000000000010000000010001
0010000000000000000000000000000000000000000000000001000000000000000000000000000000000010000000000000000100000001001000000010000000000010000000010001
0010000000000000000000000000000000000000000000000001000000000000000000000000000000000110010001000100010001000101001000000010000000000010000000010001
0010000000000000000000000000000000000000000000000001000000000000000000000000000000000000000000000000000100000000001000000010000000000110010001010001
0010000000000000000000000000000000000000000000000001000000000000000000000000000000000000000000000000000100000000001000000010000000000000000000000001
0010000000000000000000000000000000000000000000000001000000001010100010010000000000000000000000000000000100000000001000000010000000000000000000000001
0010000000000000000000000000000000000000000000000001000000000010000000010000000000000000000000000000000100000000001000000010000000000000000000000001
0010000000000000000000000000000000000000000000000001000000000010000000010000000000000000000000000000000100000000001000000010000000000000000000000001
0010000000000000000000000000000000000000000000000001000000000010000000010000000000000000000000000000000100000000001000000010000000000000000000000001
0010000000000000000000000000000000000000000000000001000000000010000000010000000000000000000000000000010100000000011000000010000000000000000000000001
0010000000000000000000000000000000000000000000000001000000000010000000010000000000000000000000000000000000000000000000000010000000000000000000000001
0010000000000000000000000000000000000000000000000101000000000110010001010000000000000000000000000000000000000000000000000110000000000000000000000001
0010000000000000000000000000000000000000000000000000000000000000000000000000000000000000000000000000000000000000000000000000000000000000000000000001
0010000000000000000000000000000000000000000000000000000000000000000000000000000000000000000000000000000000000000000000000000000000000000000000000001
0010000000000000000000000000000000000000000000000000000000000000000000000000000000000000000000000000000000000000000000000000000000000000000000000001
0010000000000000000000000000000000000000000000000000000000000000000000000000000000000000000000000000000000000000000000000000000000000000000000000001
0010000000000000000000000000000000000000000000000000000000000000000000000000000000000000000000000000000000000000000000000000000000000000000000000001
0010000000000000000000000000000000000000000000000000000000000000000000000000000000000000000000000000000000000000000000000000000000000000000000000001
0010000000000000000000000000000000000000000000000000000000000000000000000000000000000000000000000000000000000000000000000000000000000000000000000001
0010000000000000000000000000000000000000000000000000000000000000000000000000000000000000000000000000000000000000000000000000000000000000000000000001
0010000000000000000000000000000000000000000000000000000000000000000000000000000000000000000000000000000000000000000000000000000000000000000000000001
0010000000000000000000000000000000000000000000000000000000000000000000000000000000000000000000000000000000000000000000000000000000000000000000000001
0010000000000000000000000000000000000000000000000000000000000000000000000000000000000000000000000000000000000000000000000000000000000000000000000001
0010000000000000000000000000000000000000000000000000000000000000000000000000000000000000000000000000000000000000000000000000000000000000000000000001
0010000000000000000000000000000000000000000000000000000000000000000000000000000000000000000000000000000000000000000000000000000000000000000000000001
0010000000000000000000000000000000000000000000000000000000000000000000000000000000000000000000000000000000000000000000000000000000000000000000000001
0010000000000000000000000000000000000000000000000000000000000000000000000000000000000000000000000000000000000000000000000000000000000000000000000001
0010000000000000000000000000000000000000000000000000000000000000000000000000000000000000000000000000000000000000000000000000000000000000000000000001
0010000000000000000000000000000000000000000000000000000000000000000000000000000000000000000000000000000000000000000000000000000000000000000000000001
0010000000000000000000000000000000000000000000000000000000000000000000000000000000000000000000000000000000000000000000000000000000000000000000000001
0010000000000000000000000000000000000000000000000000000000000000000000000000000000000000000000000000000000000000000000000000000000000000000000000001
0110010001000100010001000100010001000100010001000100010001000100010001000100010001000100010001000100010001000100010001000100010001000100010001000101
