1010100010001000100010001000100010001000100010001000100010001000100010001000100010001000100010001000100010001000100010001000100010001000100010001000100010001001
0010000000000000000000000000000000000000000000000000000000000000000000000000000000000000000000000000000000000000000000000000000000000000000000000000000000000001
0010000000000000000000000000000000000000000000000000000000001010100010010000000000000000000000000000000000000000000000000000000000000000000000000000000000000001
0010000000000000000000000000000000000000000000000000000000000010000000010000000000000000000000000000000000000000000000000000000000000000000000000000000000000001
0010000000000000000000000000000000000000000000000000000000000010000000010000000000000000000000000000000000000000000000000000000000000000000000000000000000000001
0010000000000000000000000000000000000000000000000000000000000010000000010000000000000000000000000000000000000000000000000000000000000000000000000000000000000001
0010000000000000000000000000000000000000000000000000000000000010000000010000000000000000000000000000000000000000000000000000000000000000000000000000000000000001
0010000000000000000000000000000000000000000000000000000000000010000000010000000000000000000000000000000000000000000000000000000000000000000000000000000000000001
0010000000000000000000000000000000000000000000000000000000000110010001010000000000000000000000000000000000000000000000000000000000000000000000000000000000000001
0010000000000000000000000000011001000100010001000100010001000100010100000000000000000000000000000000000000000000000000000000000000000000000000000000000000000001
0010000000000000000000000000101010001000100010001000100010001000100100000000000000000000000000000000000000000000000000000000000000000000000000000000000000000001
0010000000000000000000000000000000000000000000000000000000000000000000000000000000000000000000000000000000000000000000000000000000000000000000001010100010010001
0010000000000000000000000000000000000000000000000000000000000000000000000000000000000000000000000000000000000000000000000000000000000000000000000010000000010001
0010000000000000000000000000000000000000000000000000000000000000000000000000000000000000000000000000000000000000000000000000000000000000000000000010000000010001
0010000000000000000000000000000000000000000000000000000000000000000000000000000000000000000000000000000000000000000000000000000000000000000000000010000000010001
0010000000000000000000000000000000000000000000000000000000000000000000000000000000000000000000000000000000000000000000000000000000000000000000000010000000010001
0010000000000000000000000000000000000000000000000000000000000000000000000000000000000000000000000000000000000000000000000000000000000000000000000010000000010001
0010000000000000000000000000000000000000000000000000000000000110010001000100010001000100010001000100010001000100010001000100010100000000000000000110101001010001
0010000000000000000000000000000000000000000000000000000000000000000000000000000000000000000000010000000000000000000000000000000000000000000000000000001000000001
0010000000000000000000000000000000000000000000000000000000000000000000000000000000000000000000010000000000000000000000000000000000000000000000000000001000000001
0010000000000000000000000000000000000000000000000000000000000000000000000000000000000000000000010000000000000000000000000000000000000000000000000000001000000001
0010000000000000101010001001000000000000000000000000000000000000000000000000000000000000000000010000000000000000000000000000000000000000000000000000001000000001
0010000000000000001000000001000000000000000000000000000000000000000000000000000000000000000000010000000000000000000000000000000000000000000000000000001000000001
0010000000000000001000000001000000000000000000000000000000000000000000000000000000000110010001000100010001000100010001000100010001000100010001000101001000000001
0010000000000000001000000001000000000000000000000000000000000000000000000000000000000000000000010000000000000000000000000000000000000000000000000000001000000001
0010000000000000001000000001000000000000000000000000000000001010100010001000100010001000100010001000100010001000100010001000100100000000000000000000001000000001
0010000000000000001000000001000000000000000000000000000000000000000000000000000000000000000000010000000000000000000000000000000000000000000000000000001000000001
0010000000000000011001000101000000000000000000000000000000000000000000000000000000000000000000010000000000000000000000000000000000000000000000000000001000000001
0010000000000000000000000000000000000000000000000000000000000000000000000000000000000000000000010000000000000000000000000000000000000000000000000000001000000001
0010000000000000000000000000000000000000000000000000000000000000000000000000000000000000000000010000000000000000000000000000000000000000000000000000001000000001
0010000000000000000000000000000000000000000000000000000000000000000000000000000000001010100010001000100010001000100010001000100010001000100010001001001000000001
0010000000000000000000000000000000000000000000000000000000000000000000000000000000000000000000010000000000000000000000000000000000000000000000000000001000000001
0010000000000000000000000000000000000000000000000000000000000000000000000000000000000000000000010000000000000000000000000000000000000000000000000000001000000001
0010000000000000000000000000000000000000000000000000000000000000000000000000000000000000000000010000000000000000000000000000000000000000000000000000001000000001
0010000000000000000000000000000000000000000000000000000000000000000000000000000000000000000000010000000000000000000000000000000000000000000000000000001000000001
0010000000000000000000000000000000000000000000000000000000000000000000000000000000000000000000010000000000000000000000000000000000000000000000000000001000000001
0010000000000000000000000000000000000000000000000000000000000000000000000000000000000000000000010000000000001010100010010000000000000000000000000000001000000001
0010000000000000000000000000000000000000000000000000000000000000000000000000000000000000000000010000000000000010000000010000000000000000000000000000001000000001
0010000000000000000000000000000000000000000000000000000000000000000000000000000000000000000000010000000000000010000000010000000000000000000000000000001000000001
0010000000000000000000000000000000000000000000000000000000000000000000000000000000000000000001010000000000000010000000010000000000000000000000000000011000000001
0010000000000000000000000000000000000000000000000000000000000000000000000000000000000000000000000000000000000010000000010000000000000000000000000000000000000001
0010000000000000000000000000000000000000000000000000000000000000000000000000000000000000000000000000000000000010000000010000000000000000000000000000000000000001
0010000000000000000000000000000000000000000000000000000000000000000000000000000000000000000000000000000000000110010001010000000000000000000000000000000000000001
0010000000000000000000000000000000000000000000000000000000000000000000000000000000000000000000000000000000000000000000000000000000000000000000000000000000000001
0010000000000000000000000000000000000000000000000000000000000000000000000000000000000000000000000000000000000000000000000000000000000000000000000000000000000001
0010000000000000000000000000000000000000000000000000000000000000000000000000000000000000000000000000000000000000000000000000000000000000000000000000000000000001
0010000000000000000000000000000000000000000000000000000000000000000000000000000000000000000000000000000000000000000000000000000000000000000000000000000000000001
0010000000000000000000000000000000000000000000000000000000000000000000000000000000000000000000000000000000000000000000000000000000000000000000000000000000000001
0010000000000000000000000000000000000000000000000000000000000000000000000000000000000000000000000000000000000000000000000000000000000000000000000000000000000001
0110010001000100010001000100010001000100010001000100010001000100010001000100010001000100010001000100010001000100010001000100010001000100010001000100010001000101
