10101000100010001000100010001000100010001000100010001000100010001000100010001000100010001000100010001000100010001000100010001000100010001000100010001000100010001000100010001000100010001000100010001001
00100000000000000000000000000000000000000000000000000000000000000000000000000000000000000000000000000000000000000000000000000000000000000000000000000000000000000000000000000000000000000000000000000001
00100000000000000000000000000000000000000000000000000000000000000000000000000000000000000000000000000000000000000000000000000000000000000000000000000000000000000000000000000000000000000000000000000001
00100000000000000000000000000000000000000000000000000000000000000000000000000000000000000000000000000000000000000000000000000000000000000000000000000000000000000000000000000000000000000000000000000001
00100000000000000000000000000000000000001001000000000000000000000000000000000000000000000000000000000000000000000000000000000000000000000000000010100000000000000000000000000000000000000000000000000001
00100000000000000000000000000000000000000001100100000000101000000000000000000000000000000000000000000000000000000000000000000000000000000000000000100000000000000000000000000000000000000000000000000001
00100000000000000000000000000000000000000001000100000000001000000000000000000000000000000000000000000000000000000000000000000000000000000000000000100000000000000000000000000000000000000000000000000001
00100000000000000000000000000000000000000001000100000000001000000000000000000000000000000000000000000000000000000000000000000000000000000000000000100000000000000000000000000000000000000000000000000001
00100000000000000000000000000000000000000001000100000000001000000000000000000000000000000000000000000000000000000000000000000000000000000000000000100000000000000000000000000000000000000000000000000001
00100000000000000000000000000000000000000001000100000000001000000000000000000000000000000000000000000000000000000000000000000000000000000000000000100000000000000000000000000000000000000000000000000001
00100000000000000000000000000000000000000001000100000000001000000000000000000000000000000000000000000000000000000000000000000000000000000000000000100000000000000000000000000000000000000000000000000001
00100000000000000000000000000000000000000001000100000000001000000000000000000000000000000000000000000000000000000000000000000000000000000000000000100000000000000000000000000000000000000000000000000001
00100000000000000000000000000000000000000001000100000000001000000000000000000000000000000000000000000000000000000000000000000000000000000000000000100000000000000000000000000000000000000000000000000001
00100000000000000000000000000000000000000001000100000000001000000000000000000000000000000000000000000000000000000000000000000000000000000000000000100000000000000000000000000000000000000000000000000001
00100000000000000000000000000000000000000001000100000000001000000000000000000000000000000000000000000000000000000000000000000000000000000000000000100000000000000000000000000000000000000000000000000001
00100000000000000000000000000000000000000001000100000000001000000000000000000000000000000000000000000000000000000000000000000000000000000000000000100000000000000000000000000000000000000000000000000001
00100000000000000000000000000000000000000001010100000000011000000000000000000000000000001001000000000000000000000000101000000000000000001010000000100000000000000000000000000000000000000000000000000001
00100000000000000000000000000000000000000001000000000000000000000000000000000000000000000001000000000000000000000000001000000000000000000010000000100000000000000000000000000000000000000000000000000001
00100000000000000000000000000000000000000001000000000000000000000000000000000000000000000001000000000000000000000000001000000000000000000010000000100000000000000000000000000000000000000000000000000001
00100000000000000000000000000000000000000001000000000000000000000000000000000000000000000001000000000000000000000000001000000000000000000010000000100000000000000000000000000000000000000000000000000001
00100000000000000000000000000000000000000001000000000000000000000000000000000000000000000001000000000000000000000000001000000000000000000010000000100000000000000000000000000000000000000000000000000001
00100000000000000000000000000000000000000001000000000000000000000000000000000000000000000001000000000000000000000000001000000000000000000010000000100000000000000000000000000000000000000000000000000001
00100000000000000000000000000000000000000001000000000000000010101000100100000000000000000001000000000000000000000000001000000000000000000010000000100000000000000000000000000000000000000000000000000001
00100000000000000000000000000000000000000001000000000000000000100000000100000000000000000001000000000000000000000000001000000000000000000010000000100000000000000000000000000000000000000000000000000001
00100000000000000000000000000000000000000001000000000000000000100000000100000000000000000001000000000000000000000000001000000000000000000010000000100000000000000000000000000000000000000000000000000001
00100000000000000000000000000000000000000001000000000000000000100000000100000000000000000001000000000000000000000000001000000000000000000010000000100000000000000000000000000000000000000000000000000001
00100000000000000000000000000000000000000001000000000000000000100000000100000000000000000001000000000000000000000000001000000000000000000010000000100000000000000000000000000000000000000000000000000001
00100000000000000000000000000000000000000001000000000000000000100000000100000000000000000001000000000000000000000000001000000000000000000010000000100000000000000000000000000000000000000000000000000001
00100000000000000000000000000000000000000001000000000000000001100100010100000000000000000001000000000000000000000000001000000000000000000010000000100000000000000000000000000000000000000000000000000001
00100000000000000000000000000000000000000001000000000000000000000000000000000000000000000001000000000000000000000000001000000000000000000010000000100000000000000000000000000000000000000000000000000001
00100000000000000000000000000000000000000001000000000000000000000000000000000000000000000001000000000000000000000000001000000000000000000010000010101000100100000000000000000000000000000000000000000001
00100000000000000000000000000000000000000001000000000000000000000000000000000000000000000001000000000000000000000000011000000000000000000010000000100000000100000000000000000000000000000000000000000001
00100000000000000000000000000000000000000001000000000000000000000000000000000000000000000001000000000000000000000000000000000000000000000010000000100000000100000000000000000000000000000000000000000001
00100000000000000000000000000000000000000001000000000000000000000000000000000000000000000001000000000000000000000000000000000000000000000010000000100000000100000000000000000000000000000000000000000001
00100000000000000000000000000000000000000001000000000000000000000000000000000000000000000001000000000000000000000000000000000000000000000010000000100000000100000000000000000000000000000000000000000001
00100000000000000000000000000000000000000001000000000000000000000000000000000000000000000001000000000000000000000000000000000000000000000010000000100000000100000000000000000000000000000000000000000001
00100000000000000000000000000000000000000001000000000000000000000000000000000000000000000101000000000000000000000000000000000000000000000110000001100100010100000000000000000000000000000000000000000001
00100000000000000000000000000000000000000001000000000000000000000000000000000000000000000000000000000000000000000000000000000000000000000000000000100000000000000000000000000000000000000000000000000001
00100000000000000000000000000000000000000101000000000000000000000000000000000000000000000000000000000000000000000000000000000000000000000000000001100000000000000000000000000000000000000000000000000001
01100100010001000100010001000100010001000100010001000100010001000100010001000100010001000100010001000100010001000100010001000100010001000100010001000100010001000100010001000100010001000100010001000101
