1010100010001000100010001000100010001000100010001000100010001000100010001000100010001000100010001000100010001000100010001000100010001000100010001000100010001001
0010000000000000000000000001000000000000000000000000000000000000000000000000000000000000000000000000000000000000000000000000000000000000001000000000000000000001
0010000000000000000000000001000010010000101000000000000000000000000000000000000000000000000000000000000000000000000000000000000000000000001000000000000000000001
0010000000000000000000000001000000010000001000000000000000000000000000000000000000000000000000000000000000000000000000000000000000000000001000000000000000000001
0010000000000000000000000001000000010000001000000000000000000000000000000000000000000000000000000000000000000000000000000000000000000000001000000000000000000001
0010000000000000000000000001000000010000001000000000000000000000000000000000000000000000000000000000000000000000000000000000000000000000001000000000000000000001
0010000000000000000000000001000000010000001000000000000000000000000000000000000000000000000000000000000000000000000000000000000000000000001000000000000000000001
0010000000000000000000000001000000010000001000000000000000000000000000000000000000000000000000000000000000000000000000000000000000000000001000000000000000000001
0010000000000000000000000001000000010000001000000000000000000000000000000000000000000000000000000000000000000000000000000000000000000000001000000000000000000001
0010000000000000000010101000100100010000001000000000000000000000000000000000000000000000000000000000000000000000000000000000000000000000001000000000000000000001
0010000000000000000000100001000100010000001000000000000000000000000000000000000000000000000000000000000000000000000000000000000000000000001000000000000000000001
0010000000000000000000100001000100010000001000000000000000000000000000000000000000000000000000000000000000000000000000000000000000000000001000000000000000000001
0010000000000000000000100001000101010000011001000100010001000100010001000100010001000100010001000100010001000100010001000100010001000100010001000100010001010001
0010000000000000000000100001000100000000000000000000000000000000000000000001000000000000000000000000000000000000001000000000000000000000001000000000000000000001
0010000000000000000000100001000100000000000000000000000000000000000000000001000000000000000000000000000000000000001000000000000000000000001000000000000000000001
0010000000000000000001100100010100000000000000000000000000000000000000000001000000000000000000000000000000000000001000000000000000000000001000000000000000000001
0010000000000000000000000001000000000000000000000000000000000000000000000001000000000000000000000000000000000000001000000000000000000000001000000000000000000001
0010000000000000000000000001000000000000000000000000000000000000000000000001000000000000000000000000000000000000001000000000000000000000001000000000000000000001
0010000000000000000000000001000000000000000000000000000000000000000000000001000000000000000000000000000000000000001000000000000000000000001000000000000000000001
0010000000000000000000000001000000000000000000000000000000000000000000000001000000000000000000000000000000000000001000000000000000000000001000000000000000000001
0010000000000000000000000001000000000000000000000000000000000000000000000001000000000000000000000000000000000000001000000000000000000000001000000000000000000001
0010000000000000000000000001000000000000000000000000000000000000000000000001000000000000000000000000000000000000001000000000000000000000001000000000000000000001
0010000000000000000000000001000000000000000000000000000000000000000000000001000000000000000000000000000000000000001000000000000000000000001000000000000000000001
0010000000000000000000000001000000000000000000000000000000000000000000000001000000000000000000000000000000000000001000000000000000000000001000000000000000000001
0010000000000000000000000001000000000000000000000000000000000000000000000001000000000000000000000000000000000000001000000000000000000000001000000000000000000001
0010000000000000000000000001000000000000000000000000000000000000000000000001000000000000000000000000000000000000001000000000000000000000001000000000000000000001
0010000000000000000000000001000000000000000000000000000000000000000000000001000000000000000000000000000000000000001000000000000000000000001000000000000000000001
0010000000000000000000000001000000000000000000000000000000000000000000000001000000000000000000000000000000000000001000000000000000000000001000000000000000000001
0010000000000000000000000001000000000000000000000000000000000000000000000001000000000000000000000000000000000000001000000000000000000000001000000000000000000001
0010000000000000000000000001000000000000000000000000000000000000000000000001000000000000000000000000000000000000001000000000000000000000001000000000000000000001
0010000000000000000000000001000000000000000000000000000000000000000000000101000000000000000000000000000000000000011000000000000000000000001000000000000000000001
0010000000000000000000000001000000000000000000000000000000000000000000000000000000000000000000000000000000000000000000000000000000000000001000000000000000000001
0010000000000000000000000001000000000000101010001000100010001000100010001000100010001000100010001000100010001000100010001000100010001000100010001000100010010001
0010000000000000000000000001000000000000000000000000000000000000000000000000000000000000000000000000000000000000000000000000000000000000001000000000000000000001
0010000000000000000000000001000000000000000000000000000000000000000000000000000000000000000000000000000000000000000000000000000000000000001000000000000000000001
0010000000000000000000000001000000000000000000000000000000000000000000000000000000000000000000000000000000000000000000000000000000000000001000000000000000000001
0010000000000000000000000101000000000000000000000000000000000000000000000000000000000000000000000000000000000000000000000000000000000000011000000000000000000001
0010000000000000000000000000000000000000000000000000000000000000000000000000000000000000000000000000000000000000000000000000000000000000000000000000000000000001
0010000000000000000000000000000000000000000000000000000000000000000000000000000000000000000000000000000000000000000000000000000000000000000000000000000000000001
0010000000000000000000000000000000000000000000000000000000000000000000000000000000000000000000000000000000000000000000000000000000000000000000000000000000000001
0010000000000000000000000000000000000000000000000000000000000000000000000000000000000000000000000000000000000000000000000000000000000000000000000000000000000001
0010000000000000000000000000000000000000000000000000000000000000000000000000000000000000000000000000000000000000000000000000000000000000000000000000000000000001
0010000000000000000000000000000000000000000000000000000000000000000000000000000000000000000000000000000000000000000000000000000000000000000000000000000000000001
0010000000000000000000000000000000000000000000000000000000000000000000000000000000000000000000000000000000000000000000000000000000000000000000000000000000000001
0010000000000000000000000000000000000000000000000000000000000000000000000000000000000000000000000000000000000000000000000000000000000000000000000000000000000001
0010000000000000000000000000000000000000000000000000000000000000000000000000000000000000000000000000000000000000000000000000000000000000000000000000000000000001
0010000000000000000000000000000000000000000000000000000000000000000000000000000000000000000000000000000000000000000000000000000000000000000000000000000000000001
0010000000000000000000000000000000000000000000000000000000000000000000000000000000000000000000000000000000000000000000000000000000000000000000000000000000000001
0110010001000100010001000100010001000100010001000100010001000100010001000100010001000100010001000100010001000100010001000100010001000100010001000100010001000101
