10101000100010001000100010001000100010001000100010001000100010001000100010001000100010001000100010001000100010001000100010001000100010001001
00100000000000000000000000000000000000000000000000000000000000000000000000000000000000000000000010101000100100000000000000000000000000000001
00100000000000000000000000000000000000000000000000000000000000000000000000000000000000000000000000100000000100000000000000000000000000000001
00100000000000000000000000000000000000000000000000000000000000000000000000000000000000000000000000100000000100000000000000000000000000000001
00100000000000000000000000000000000000001001000000000000000000000000000000000000000000000000000000100000101000000000000000000000000000000001
00100000000000000000000000000000000000000001000000000000000000000000000000000000000000000000000000100000001000000000000000000000000000000001
00100000000000000000000000000000000000000001000000000000000000000000000000000000000000000000000000100000001000000000000000000000000000000001
00100000000000000000000000000000000000000001000000000000000000000000000000000000000000000000000001100100001000000000000000000000000000000001
00100000000000000000000000000000000000000001000000000000000000000000000000000000000000000000000000000000001000000000000000000000000000000001
00100000000000000000000000000000000000000001000000000000000000000000000000000000000000000000000000000000001000000000000000000000000000000001
00100000000000000000000000000000000000000001000000000000000000000000000000000000000000000000000000000000001000000000000000000000000000000001
00100000000000000000000000000000000001100100010001000100010001000100010001000101000000000000000000000000001000000000000000000000000000000001
00100000000000000000000000000000000000000001000000000000000000000000000000000000000000000000000000000000001000000000000000000000000000000001
00100000000000000000000000000000000010101000100010001000100010001000100010001001000000000000000000000000001000000000000000000000000000000001
00100000000000000000000000000000000000000001000000000000000000000000000000000000000000000000000000000000001000000000000000000000000000000001
00100000000000000000000000000000000000000001000000000000000000000000000000000000000000000000000000000000001000000000000000000000000000000001
00100000000000000000000000000000000000000001000000000000000000000000000000000000000000000000000000000000001000000000000000000000000000000001
00100000000000000000000000000000000000000001000000000000000000000000000000000000000000000000000000000000001000000000000000000000000000000001
00100000000000000000000000000000000000000001000000000000000000000000000000000000000000000000000000000000001000000000000000000000000000000001
00100000000000000000000000000000000000000001000000000000000000000000000000000000000000000000000000000000001000000000000000000000000000000001
00100000000000000000000000000000000000000001000000000000000000000000000000000000000000000000000000000000001000000000000000000000000000000001
00100000000000000000000000000000000000000001000010101000100100000000000000000000000000000000000000000000001000000000000000000000000000000001
00100000000000000000000000000000000000000001000000100000000100000000000000000000000000000000000000000000001000000000000000000000000000000001
00100000000000000000000000000000000000000001000000100000000100000000000000000000000000000000000000000000001000000000000000000000000000000001
00100000000000000000000000000000000000000001000000100000000100000000000000000000000000000000000000000000001000000000000000000000000000000001
00100000000000000000000000000000000000000001000000100000000100000000000000000000000000000000000000000000001000000000000000000000000000000001
00100000000000000000000000000000000000000001000000100000000100000000000000000000000000000000000000000000001000000000000000000000000000000001
00100000000000000000000000000000000000000001000001100100010100000000000000000000000000000000000000000000001000000000000000000000000000000001
00100000000000000000000000000000000000000101000000000000000000000000000000000000000000000000000000000000011000000000000000000000000000000001
00100000000000000000000000000000000000000000000000000000000000000000000000000000000000000000000000000000000000000000000000000000000000000001
00100000000000000000000000000000000000000000000000000000000000000000000000000000000000000000101010001001000000000000000000000000000000000001
00100000000000000000000000000000000000000000000000000000000000000000000000000000000000000000001000000001000000000000000000000000000000000001
00100000000000000000000000000000000000000000000000000000000000000000000000000000000000000000001000000001000000000000000000000000000000000001
00100000000000000000000000000000000000000000000000000000000000000000000000000000000000000000001000000001000000000000000000000000000000000001
00100000000000000000000000000000000000000000000000000000000000000000000000000000000000000000001000000001000000000000000000000000000000000001
00100000000000000000000000000000000000000000000000000000000000000000000000000000000000000000001000000001000000000000000000000000000000000001
00100000000000000000000000000000000000000000000000000000000000000000000000000000000000000000011001000101000000000000000000000000000000000001
00100000000000000000000000000000000000000000000000000000000000000000000000000000000000000000000000000000000000000000000000000000000000000001
00100000000000000000000000000000000000000000000000000000000000000000000000000000000000000000000010101000100100000000000000000000000000000001
00100000000000000000000000000000000000000000000000000000000000000000000000000000000000000000000000100000000100000000000000000000000000000001
00100000000000000000000000000000000000000000000000000000000000000000000000000000000000000000000000100000000100000000000000000000000000000001
00100000000000000000000000000000000000000000000000000000000000000000000000000000000000000000000000100000000100000000000000000000000000000001
00100000000000000000000000000000000000000000000000000000000000000000000010101000100100000000000000100000000100000000000000000000000000000001
00100000000000000000000000000000000000000000000000000000000000000000000000100000000100000000000000100000000100000000000000000000000000000001
00100000000000000000000000000000000000000000000000000000000000000000000000100000000100000000000001100100010100000000000000000000000000000001
00100000000000000000000000000000000000000000000000000000000000000000000000100000000100000000000000000000000000000000000000000000000000000001
00100000000000000000000000000000000000000000000000000000000000000000000000100000000100000000000000000000000000000000000000000000000000000001
00100000000000000000000000000000000000000000000000000000000000000000000000100000000100000000000000000000000000000000000000000000000000000001
00100000000000000000000000000000000000000000000000000000000000000000000001100100010100000000000000000000000000000000000000000000000000000001
00100000000000000000000000000000000000000000000000000000000000000000000000000000000000000000000000000000000000000000000000000000000000000001
00100000000000000000000000000000000000000000000000000000000000000000000000000000000000000000000000000000000000000000000000000000000000000001
00100000000000000000000000000000000000000000000000000000000000000000000000000000000000000000000000000000000000000000000000000000000000000001
00100000000000000000000000000000000000000000000000000000000000000000000000000000000000000000000000000000000000000000000000000000000000000001
00100000000000000000000000000000000000000000000000000000000000000000000000000000000000000000000000000000000000000000000000000000000000000001
00100000000000000000000000000000000000000000000000000000000000000000000000000000000000000000000000000000000000000000000000000000000000000001
01100100010001000100010001000100010001000100010001000100010001000100010001000100010001000100010001000100010001000100010001000100010001000101
