101010001000100010001000100010001000100010001000100010001000100010001000100010001000100010001000100010001000100010001000100010001000100010001000100010001000100010001001
001000000000000000000000000000000000000000000000000000000000000000000000000000000000000000000000000000000000000000000000000000000000000000000000000000000000000000000001
001000000000000000000000000000000000000000000000000000000000000000000000000000000000000000000000000000000000000000000000000000000000000000000000000000000000000000000001
001000000000000000000000000000000000000000000000000000000000000000000000000000000000000000000000000000000000000000000000000000000000000000000000000000000000000000000001
001000000000000000000000000000000000000000000000000000000000000000000000000000000000000000000000000000000000000000000000000000000000000000000000000000000000000000000001
001000000000000000000000000000000000000000000000000000000000000000000000000000000000000000000000000000000000000000000000000000000000000000000000000000000000000000000001
001000000000000000000000000000000000000000000000000000000000000000000000000000000000000000000000000000000000000000000000000000000000000000000000000000000000000000000001
001000000000000000000000000000000000000000000000000000000000000000000000000000000000000000000000000000000000000000000000000000000000000000000000000000000000000000000001
001000000000000000000000000000000000000000000000000000000000000000000000000000000000000000000000000000000000000000000000000000000000000000000000000000000000000000000001
001000000000000000000000000000000000000000000000000000000000100100000000000000000000000000000000000000000000000000000000000010100000000000000000000000000000000000000001
001000000000000000000000000000000000000000000000000000000000000100000000000000000000000000000000000010101000100100000000000000100000000000000000000000000000000000000001
001000000000000000000000000000000000000000000000000000000000000100000000000000000000000000000000000000100000000100000000000000100000000000000000000000000000000000000001
001000000000000000000000000000000000000000000000000000000000000100000000000000000000000000000000000000100000000100000000000000100000000000000000000000000000000000000001
001000000000000000000000000000000000000000000000000000000000000100000000000000000000000000000000000000100000000100000000000000100000000000000000000000000000000000000001
001000000000000000000000000000000000000000000000000000000000000100000000000000000000000000000000000000100000000100000000000000100000000000000000000000000000000000000001
001000000000000000000000000000000000000000000000000000000000000100000000000000000000100100000000000000101010000100000000000000100000000000000000000000000000000000000001
001000000000000000000000000000000000000000000000000000000000000100000000000000000000000100000000000001100010010100000000000000100000000000000000000000000000000000000001
001000000000000000000000000000000000000000000000000000000000000100000000000000000000000100000000000000000010000000000000000000100000000000000000000000000000000000000001
001000000000000000000000000000000000000000000000000000000000000100000000000000000000000100000000000000000010000000000000000000100000000000000000000000000000000000000001
001000000000000000000000000000000000000000000000000000000000000100000000000000000000000100000000000000000010000000000000000000100000000000000000000000000000000000000001
001000000000000000000000000000000000000000000000000000000000000100000000000000000000000100000000000000000010000000000000000000100000000000000000000000000000000000000001
001000000000000000000000000000000000000000000000000000000000000100000000000000000000000100000000000000000010000000000000000000100000000000000000000000000000000000000001
001000000000000000000000000000000000000000000000000000000000000100000000000000000000000100000000000000000010000010010000000000100000000000000000000000000000000010100001
001000000000000000000000000000000000000000000000000000000000000100000000000000000000000100000000000000000010000000010000000000100000000000000000000000000000000000100001
001000000000000000000000000000000000000000000000000000000000000100000000000000000000000100000000000000000010000000010000000000100000000000000000000000000000000000100001
001000000000000000000000000000000000000000000000000000000000000100000000000000000000000100000000000000000010000000010000000000100000000000000000000000000000000000100001
001000000000000000000000000000000000000000000000000000000000000100000000000000000000000100000000000000000010000000010000000000100000000000000000000000000000000000100001
001000000000000000000000000000000000000000000000000000000000000100000000000000000000000100000000000000000010000000010000000000100000100100000000101000000000000000100001
001000000000000000000000000000000000101010001001000000000000000100000000000000000000010100000000000000000110000000010000000000100000000100000000001000000000000000100001
001000000000000000000000000000000000001000000001000000000000000100000000000000000000000000000000000000000000000000010000000000100000101010001001001000000000000000100001
001000000000000000000000000000000000001000000001000000000000000100000000000000000000000000000000000000000000000000010000000000100000001000000001001000000000000000100001
001000000000000000000000000000000000001000000001000000000000000100000000000000000000000000000000000000000000000000010000000000100000001000000001101010001001000000100001
001000000000000000000000000000000000001000000001000000000000000100000000000000000000000000000000000000000000000000010000000000100000001000000001001000000001000000100001
001000000000000000000000000000000000001000000001000000000000010100000000000000000000000000000000000000000000000000010000000001100000001000000001001000000001000000100001
001000000000000000000000000000000000011001000101000000000000000000000000000000000000000000000000000000000000000000010000000000000000001000000001001000000001000000100001
001000000000000000000000000000000000000000000000000000000000000000000000000000000000000000000000000000000000000000010000000000000000011001000101001000000001000000100001
001000000000000000000000000000000000000000000000000000000000000000000000000000000000000000000000000000000000000000010000000000000000000100000000001000000001000000100001
001000000000000000000000000000000000000000000000000000000000000000000000000000000000000000000000000000000000000000010000000000000000000100000000011001000101000000100001
001000000000000000000000000000000000000000000000000000000000000000000000000000000000000000000000000000000000000000010000000000000000010100000000011000000000000000100001
001000000000000000000000000000000000000000000000000000000000000000000000000000000000000000000000000000000000000000010000000000000000000000000000000000000000000000100001
001000000000000000000000000000000000000000000000000000000000000000000000000000000000000000000000000000000000000000010000000000000000000000000000000000000000000000100001
001000000000000000000000000000000000000000000000000000000000000000000000000000000000000000000000000000000000000000010000000000000000000000000000000000000000000000100001
001000000000000000000000000000000000000000000000000000000000000000000000000000000000000000000000000000000000000001010000000000000000000000000000000000000000000001100001
001000000000000000000000000000000000000000000000000000000000000000000000000000000000000000000000000000000000000000000000000000000000000000000000000000000000000000000001
001000000000000000000000000000000000000000000000000000000000000000000000000000000000000000000000000000000000000000000000000000000000000000000000000000000000000000000001
001000000000000000000000000000000000000000000000000000000000000000000000000000000000000000000000000000000000000000000000000000000000000000000000000000000000000000000001
011001000100010001000100010001000100010001000100010001000100010001000100010001000100010001000100010001000100010001000100010001000100010001000100010001000100010001000101
