10101000100010001000100010001000100010001000100010001000100010001000100010001000100010001000100010001000100010001000100010001000100010001000100010001000100010001000100010001000100010001001
00100000000000000000000000000000000000000000000000000000000000000000000000000000000000000000000000000000000000000000000000000000000000000000000000000000000000000000000000000000000000000001
00100000000000000000000000000000000000000000000000000000000000000000000000000000000000000000000000000000000000000000000000000000000000000000000000000000000000000000000000000000000000000001
00100000000000000000000000000000000000000000000000000000000000000000000000000000000000000000000000000000000000000000000000000000000000000000000000000000000000000000000000000000000000000001
00100000000000000000000000000000000000000000000000000000000000001010100010010000000000000000000000000000000000000000000000000000000000000000000000000000000000000000000000000000000000000001
00100000000000000000000000000000000000000000000000000000000000000010000000010000000000000000000000000000000000000000000000000000000000000000000000000000000000000000000000000000000000000001
00100000000000000000000000000000000000000000000000000000000000000010000000010000000000000000000000000000000000000000000000000000000000000000000000000000000000000000000000000000000000000001
00100000000000000000000000000000000000000000000000000000000000000010000000010000000000000000000000000000000000000000000000000000000000000000000000000000000000000000000000000000000000000001
00100000000000000000000000000000000000000000000000000000000000000010000000010000000000000000000000000000000000000000000000000000000000000000000000000000000000000000000000000000000000000001
00100000000000000000000000000000000000000000000000000000000010010010000000010000000000000000000000001010000000000000000000000000000000000000000000000000000000000000000000000000000000000001
00100000000000000000000000000000000000000000000000000000000000010110010001010000000000000000000000000010000000000000000000000000000000000000000000000000000000000000000000000000000000000001
00100000000000000000000000000000000000000000000000000000000000010000100100000000000000000000101000000010000000000000000000000000000000000000000000000000000000000000000000000000000000000001
00100000000000000000000000000000000000000000000000000000000000010000000100000000000000000000001000000010000000000000000000000000000000000000000000000000000000000000000000000000000000000001
00100000000000000000000000000000000000000000000010101000100010001000100010001001000000000000001000000010000000000000000000000000000000000000000000000000000000000000000000000000000000000001
00100000000000000000000000000000000000000000000001100100010001000100010001000101100100000000001000000010000010100000000000000000000000000000000000000000000000000000000000000000000000000001
00100000000000000000000000000000000000000000000000000000000000010000000100000000000100000000001000000010000000100000000000000000000000000000000000000000000000000000000000000000000000000001
00100000000000000000000000000000000000000000000000000000000000010000000100000000000100000000001000000010000000100000000000000000000000000000000000000000000000000000000000000000000000000001
00100000000000000000000000000000101010001001000000000000000000010000000100000000000100000000001000000010000000100000000000000000000000000000000000000000000000000000000000000000000000000001
00100000000000000000000000000000001000000001000000000000000000010000000100000000000100000000001000000010101010001001000000000000000000000000000000000000000000000000000000000000000000000001
00100000000000000000000000000000001000000001000000000000000000010000000100000000000100000000001000000010001000100001000000000000000000000000000000000000000000000000000000000000000000000001
00100000000000000000000000000000001000000001000000000000000000010000000101100100010001000100010001000100010001010001000000000000000000000000000000000000000000000000000000000000000000000001
00100000000000000000000000000000001000000001000000000000000000010000000110101000100010001000100010001000100010010001000000000000000000000000000000000000000000000000000000000000000000000001
00100000000000000000000000000000001000000001000000000000000000010000000100000000000100000000001000000010001000100001000000000000000000000000000000000000000000000000000000000000000000000001
00100000000000000000000000000000011001000101000000000000000000010000000100000000000101100100010001000100010001000100010001000100010001000100010001000100010001000100010001000100010001010001
00100000000000000000000000000000000000000000000000000000000000010000000100000000000100000000001000000010011001000010000000010000000000000000000000000000000000000000000000000000000000000001
00100000000000000000000000000000000000000000000000000000000000010000010100000000000100000000011000000010000000100010000000010000000000000000000000000000000000000000000000000000000000000001
00100000000000000000000000000000000000000000000000000000000000010000000000000000000100000000000000000010000000100010000000010000000000000000000000000000000000000000000000000000000000000001
00100000000000000000000000000000000000000000000000000000000001010000000000000000000100000000000000000110000000100010000000010000000000000000000000000000000000000000000000000000000000000001
00100000000000000000000000000000000000000000000000000000000000000000000000000000000100000000000000000000000000100010000000010000000000000000000000000000000000000000000000000000000000000001
00100000000000000000000000000000000000000000000000000000000000000000000000000000010100000000000000000000000001100110010001010000000000000000000000000000000000000000000000000000000000000001
00100000000000000000000000000000000000000000000000000000000000000000000000000000000000000000000000000000000000000000000000000000000000000000000000000000000000000000000000000000000000000001
00100000000000000000000000000000000000000000000000000000000000000000000000000000000000000000000000000000000000000000000000000000000000000000000000000000000000000000000000000000000000000001
00100000000000000000000000000000000000000000000000000000000000000000000000000000000000000000000000000000000010101000100100000000000000000000000000000000000000000000000000000000000000000001
00100000000000000000000000000000000000000000000000000000000000000000000000000000000000000000000000000000000000100000000100000000000000000000000000000000000000000000000000000000000000000001
00100000000000000000000000000000000000000000000000000000000000000000000000000000000000000000000000000000000000100000000100000000000000000000000000000000000000000000000000000000000000000001
00100000000000000000000000000000000000000000000000000000000000000000000000000000000000000000000000000000000000100000000100000000000000000000000000000000000000000000000000000000000000000001
00100000000000000000000000000000000000000000000000000000000000000000000000000000000000000000000000000000000000100000000100000000000000000000000000000000000000000000000000000000000000000001
00100000000000000000000000000000000000000000000000000000000000000000000000000000000000000000000000000000000000100000000100000000000000000000000000000000000000000000000000000000000000000001
00100000000000000000000000000000000000000000000000000000000000000000000000000000000000000000000000000000000001100100010100000000000000000000000000000000000000000000000000000000000000000001
00100000000000000000000000000000000000000000000000000000000000000000000000000000000010101000100010001000100010001000100010001000100010001000100010001000100010001000100010001000100010010001
00100000000000000000000000000000000000000000000000000000000000000000000000000000000000000000000000000000000000000000000000000000000000000000000000000000000000000000000000000000000000000001
01100100010001000100010001000100010001000100010001000100010001000100010001000100010001000100010001000100010001000100010001000100010001000100010001000100010001000100010001000100010001000101
