101010001000100010001000100010001000100010001000100010001000100010001000100010001000100010001000100010001000100010001000100010001000100010001000100010001000100010001000100010001000100010001000100010001001
001000000000000000000000000000000000000000000000000000000000000000000000000000000000000000000000000000000000000000000000000000000000000000000000000000000000000000000000000000000000000000000000000000000001
001000000000000000000000000000000000000000000000000000000000000000000000000000000000000000000000000000000000000000000000000000000000000000000000000000000000000000000000000000000000000000000000000000000001
001001100100010001000100010001000100010001000100010001000100010001000100010001000100010001000100010001000101000000000000000000000000000000000000000000000000000000000000000000000000000000000000000000000001
001000000000000000000000000000000000000000000000000000000000000000000000000000000000000000000000000000000000000000000000000000000000000000000000000000000000000000000000000000000000000000000000000000000001
001000000000000000000000000000000000000000000000000000000000000000000000000000000000000000000000000000000000000000000000000000000000000000000000000000000000000000000000000000000000000000000000000000000001
001000000000000000000000000000000000000000000000000000000000000000000000000000000000000000000000000000000000000000000000000000000000000000000000000000000000000000000000000000000000000000000000000000000001
001000000000000000000000000000000000000000000000000010010000000000000000000000000000000000000000000000000000000000000000000000001010000000000000000000000000000000000000000000000000000000000000000000000001
001000000000000000000000000000000000000000000000000000010000000000000000000000000000000000000000000000000000000000000000000000000010000000000000000000000000000000000000000000000000000000000000000000000001
001000000000000000000000000000000000000000000000000000010000100100000000101000000000000000000000000000000000000000000000000000000010000000000000000000000000000000000000000000000000000000000000000000000001
001000000000000000000000000000000000000000000000000000010000000100000000001000000000000000000000000000000000000000000000000000000010000000000000000000000000000000000000000000000000000000000000000000000001
001000000000000000000000000000000000000000000000000000010000000100000000001000000000000000000000000000000000000000000000000000000010000000000000000000000000000000000000000000000000000000000000000000000001
001000000000000000000000000000000000000000000000000000010000000100000000001000000000000000000000000000000000000000000000000000000010000000000000000000000000000000000000000000000000000000000000000000000001
001000000000000000000000000000000000000000000000000000010000000100000000001000000000000000000000000000000000000000000000000000000010000000000000000000000000000000000000000000000000000000000000000000000001
001000000000000000000000000000000000000000000000000000010000000100000000001000000000000000000000000000000000000000000000000000000010000000000000000000000000000000000000000000000000000000000000000000000001
001000000000000000000000000000000000000000000000000000010000000100000000001000000000000000000000000000000000000000000000000000000010000000000000000000000000000000000000000000000000000000000000000000000001
001000000000000000000000000000000000000000000000000000010000000100000000001000000000000000000000000000000000000000000000000000000010000000000000000000000000000000000000000000000000000000000000000000000001
001000000000000000000000000000000000000000000000000000010000000100000000001010101000100010001001000000000000000000000000000000000010000000000000000000000000000000000000000000000000000000000000000000000001
001000000000000000000000000000000000000000000000000000010000000100000000001000100000000000000001000000000000000000000000000000000010000000000000000000000000000000000000000000000000000000000000000000000001
001000000000000000000000000000000000000000000000000000010000101010001001001000100000000000000001000000000000000000000000000000000010000000000000000000000000000000000000000000000000000000000000000000000001
001010101000100010001000100010001000100010001000100010001000100010001000100010001000100010001000100010001001000000000000000000000010000000000000000000000000000000000000000000000000000000000000000000000001
001000000000000000000000000000000000000000000000000000010000001000000001000001100100010001000101000000000000000000000000000000000010000000000000000000000000000000000000000000000000000000000000000000000001
001000000000000000000000000000000000000000000000000000010000001000000001000000000000000000000000000000000000101010001001000000000010000000000000000000000000000000000000000000000000000000000000000000000001
001000000000000000000000000000000000000000000000000000010000001000000001000000000000000000000000000000000000001000000001000000000010000000000000000000000000000000000000000000000000000000000000000000000001
001000000000000000000000000000000000000000000000000000010000001000000001000000000000000000000000000000000000001000000001000000000010000000000000000000000000000000000000000000000000000000000000000000000001
001000000000000000000000000000000000000000000000000000010000011001000101000000000000000000000000000000000000001000000001000000000010000000000000000000000000000000000000000000000000000000000000000000000001
001000000000000000000000000000000000000000000000000000010000000000000000000000000000000000000000000000000000001000000001000000000010000000000000000000000000000000000000000000000000000000000000000000000001
001000000000000000000000000000000000000000000000000000010000000000000000000000000000000000000000000000000000001000000001000000000010000000000000000000000000000000000000000000000000000000000000000000000001
001000000000000000000000000000000000000000000000000000010000000000000000000000000000000000000000000000000000011001000101000000000010000000000000000000000000000000000000000000000000000000000000000000000001
001000000000000000000000000000000000000000000000000000010000000000000000000000000000000000000000000000000000000000000000000000000010000000000000000000000000000000000000000000000000000000000000000000000001
001000000000000000000000000000000000000000000000000000010000000000000000000000000000000000000000000000000000000000000000000000000010000000000000000000000000000000000000000000000000000000000000000000000001
001000000000000000000000000000000000000000000000000000010000000000000000000000000000000000000000000000000000000000000000000000000010000000000000000000000000000000000000000000000000000000000000000000000001
001000000000000000000000000000000000000000000000000000010000000000000000000000000000000000000000000000000000000000000000000000000010000000000000000000000000000000000000000000000000000000000000000000000001
001000000000000000000000000000000000000000000000000000010000000000000000000000000000000000000000000000000000000000000000000000000010000000000000000000000000000000000000000000000000000000000000000000000001
001000000000000000000000000000000000000000000000000001010000000000000000000000000000000000000000000000000000000000000000000000000110000000000000000000000000000000000000000000000000000000000000000000000001
001000000000000000000000000000000000000000000000000000000000000000000000000000000000000000000000000000000000000000000000000000000000000000000000000000000000000000000000000000000000000000000000000000000001
001000000000000000000000000000000000000000000000000000000000000000000000000000000000000000000000000000000000000000000000000000000000000000000000000000000000000000000000000000000000000000000000000000000001
001000000000000000000000000000000000000000000000000000000000000000000000000000000000000000000000000000000000000000000000000000000000000000000000000000000000000000000000000000000000000000000000000000000001
011001000100010001000100010001000100010001000100010001000100010001000100010001000100010001000100010001000100010001000100010001000100010001000100010001000100010001000100010001000100010001000100010001000101
