10101000100010001000100010001000100010001000100010001000100010001000100010001000100010001000100010001000100010001000100010001000100010001000100010001000100010001001
00100000000000000000000000000000000000000000000000000000000000000000000000000000000000000000000000000000000000000000000000000000000000000000000000000000000000000001
00100000000000000000000000000000000000000000000000000000000000000000000000000000000000000000000000000000000000000000000000000000000000000000000010101000100100000001
00100000000000000000000000000000000010010000000000000000000000000000000010100000000000000000000000000000000000000000000000000000000000000000000000100000000100000001
00100000000000000000000000000000000000010000000000000000000000000000000000100000000000000000000000000000000000000000000000000000000000000000000000100000000100000001
00100000000000000000000000000000000000010000000000000000000000000000000000100000000000000000000000000000000000000000000000000000000000000000000000100000000100000001
00100000000000000000000000000000000000010000000000000000000000000000000000100000000000000000000000000000000000000000000000000000000000000000000000100000000100000001
00100000000000000000000000000000000000010000000000001001000000000000000000100000000000000000101000000000000000000000000000000000000000000000000000100000000100000001
00100000000000000000000000000000000000010000000000000001000000000000000000100000000000000000001000000000000000000000000000000000000000000000000001100100010100000001
00100000000000000000000000000000000000010000000000000001000000000000000000100000000000000000001000000000000000000000000000000000000000000000000000000000000000000001
00100000000000000000000000000000000000010000000000000001101010001001101000100000000000000000001000000000000000000000000000000000000000000000000000000000000000000001
00100000000000000000000000000000000000010000000000000001001000000001100100100000000000000000001000000000000000000000000000000000000000000000000000000000101000000001
00100000000000000000000000000000000000010000000000000001001000000001000110010000000000000000001000000000000000000000000000000000000000000000101000000000001000000001
00100000000000000000000000000000000000010000000000000001001000000001000100010000000000000000001000000000000000000000000000000000000000000000001000000000001000000001
00100000000000000000000000000000000000010000000000000001001000000001000100010000000000000000001000000000000000000000000000000000000000000000001000000000001000000001
00100000000000000000000000000000000000010000000000000001001000000001000100010000000000000000001000000000000000000000000000000000000000000000001000000000001000000001
00100000000000000000000000000000000000010000000000000001011001000001000100010000000000000000001000000000000000000000000000000000000000000000001000000000001000000001
00100000000000000000000000000000000000010000000000000001000000000001000100010000000000000000001000000000000000000000000000000000000000000000001000000000001000000001
00100000000000000000000000000000000000010000000000000001000000000001000100010000000000000000001000000000000000000000000000000000000000000000001000000000001000000001
00100000000000000000000000000000000000010000000000000001000000000101000100010000000000000000001000000000000000000000000000000000000000000000001000000000001000000001
00100000000000000000000000000000000001010000000000000001000000000000000100010000000000000000001000000000000000000000000000000000000000000000001000000000001000000001
00100000000000000000000000000000000000000000000000000001000000000000000100010000000000000000001000000000000000000000000000000000000000000000001000000000001000000001
00100000000000000000000000000000000000000000000000000001000000000000000100010000000000000000001000000000000000000000000000000000000000000000001000000000001000000001
00100000000000000000000000000000000000000000000000000001000000000000000100010000000000000000001000000000000000000000000000000000000000000000001000000000001000000001
00100000000000000000000000000000000000000000000000000001000000000000000100010000000000000000001000000000000000000000000000000000000000000000001000000000001000000001
00100000000000000000000000000000000000000000000000000101000000000000000100010000000000000000011000000000000000000000000000000000000000000000001000000000001000000001
00100000000000000000000000000000000000000000000000000000000000000000000100010000000000000000000000000000000000000000000000000000000000000000001000000000001000000001
00100000000000000000000000000000000000000000000000000000000000000000000100010000000000000000000000000000000000000000000000000000000000000000001000000000001000000001
00100000000000000000000000000000000000000000000000000000000000000000000100010000000000000000000000000000000000000000000000000000000000000000001000000000001000000001
00100000000000000000000000000000000000000000000000000000000000000000000100010000000000000000000000000000000000000000000000000000000000000000001000000000001000000001
00100000000000000000000000000000000000000000000000000000000000000000000100010000000000000000000000000000000000000000000000000000000000000000001000000000001000000001
00100000000000000000000000000000101010001001000000000000000000000000000100010000000000000000000000000000000000000000000000000000000000000000001000000000001000000001
00100000000000000000000000000000001000000001000000000000000000000000000100010000000000000000000000000000000000000000000000000000000000000000001000000000001000000001
00100000000000000000000000000000001000000001000000000000000000000000000100010000000000000000000000000000000000000000000000000000000000000000001000000000001000000001
00100000000000000000000000000000001000000001000000000000000000000000000100010000000000000000000000000000000000000000000000000000000000000000001000000000001000000001
00100000000000000000000000000000001000000001000000000000000000000000000100010000000000000000000000000000000000000000000000000000000000000000001000000000001000000001
00100000000000000000000000000000001000000001000000000000000000000000000100010000000000000000000000000000000000000000000000000000000000000000001000000000001000000001
00100000000000000000000000000000011001000101000000000000000000000000000101010000000000000000000000000000000000000000000000000000000000000000011000000000001000000001
00100000000000000000000000000000000000000000000000000000000000000000000100000000000000000000000000000000000000000000000000000000000000000000000000000000001000000001
00100000000000000000000000000000000000000000000000000000000000000000000100000000000000000000000000000000000000000000000000000000000000000000000000000000001000000001
00100000000000000000000000000000000000000000000000000000000000000000010100000000000000000000000000000000000000000000000000000000000000000000000000000000011000000001
00100000000000000000000000000000000000000000000000000000000000000000000000000000000000000000000000000000000000000000000000000000000000000000000000000000000000000001
00100000000000000000000000000000000000000000000000000000000000000000000000000000000000000000000000000000000000000000000000000000000000000000000000000000000000000001
00100000000000000000000000000000000000000000000000000000000000000000000000000000000000000000000000000000000000000000000000000000000000000000000000000000000000000001
00100000000000000000000000000000000000000000000000000000000000000000000000000000000000000000000000000000000000000000000000000000000000000000000000000000000000000001
00100000000000000000000000000000000000000000000000000000000000000000000000000000000000000000000000000000000000000000000000000000000000000000000000000000000000000001
00100000000000000000000000000000000000000000000000000000000000000000000000000000000000000000000000000000000000000000000000000000000000000000000000000000000000000001
01100100010001000100010001000100010001000100010001000100010001000100010001000100010001000100010001000100010001000100010001000100010001000100010001000100010001000101
