1010100010001000100010001000100010001000100010001000100010001000100010001000100010001000100010001000100010001000100010001000100010001000100010001000100010001001
0010000000000000000000000001000000000000000000000000000000000000000000000000000000000000000000000000000000000010000000000000000000000000000000000000000000000001
0010000000000000000000000001000000000000000000000000000000000000000000000000000000000000000000000000000000000010000000000000000000000000000000000000000000000001
0010000000000000000000000001000000000000000000000000000000000000000000000000000000000000000000000000000000000010000000000000000000000000000000000000000000000001
0010000000000000000000000001000000000000100100000000000000000000000000000000000000000000000010100000000000000010000000000000000000000000000000000000000000000001
0010000000000000000000000001000000000000000100000000000000000000000000000000000000000000000000100000000000000010000000000000000000000000000000000000000000000001
0010000000000000000000000001000000000000000100000000000000000000000000001010100010010000000000100000000000000010000000000000000000000000000000000000000000000001
0010000000000000000000000001000000000000000100000000000000000000000000000010000000010000000000100000000000000010000000000000000000000000000000000000000000000001
0010000000000000000000000001000000000000000100000000000000000000000000000010000000010000000000100000000000000010000000000000000000000000000000000000000000000001
0010000000000000000000000001000000000000000110101000100100000000000000000010000000010000000000100000000000000010000000000000000000000000000000000000000000000001
0010000000000000000000000001000000000000000100100000000100000000000000000010000000010000000000100000000000000010000000000000000000000000000000000000000000000001
0010000000000000000000000001000000000000000100100000000100000000101010010010101000010000000000100000000000000010000000000000000000000000000000000000000000000001
0010000000000000000000000001000000000000000100100000000100000000001000010110001001010000000000100000000000000010000000000000000000000000000000000000000000000001
0010000000000000000000000001000000000000000100100000000100000000001000010000001000000000000000100000000000000010000000000000000000000000000000000000000000000001
0010000000000000000000000001000000000000000100100000000100000000001000010000001000000000000000100000000000000010000000000000000000000000000000000000000000000001
0010000000000000000000000001000000000000000101100100010100000000001000010000001000000000000000100000000000000010000000000000000000000000000000000000000000000001
0010000000000000000000000001000000000000000100000000000000000000001000010000001000000000000000100000000000000010000000000000000000000000000000000000000000000001
0010000000000000000000000001000000000000000100000000000000000000001000010000001000000000000000100000000000000010000000000000000000000000000000000000000000000001
0010000000000000000000000001000000000000000100000000000000000000011000010000001000000000000000100000000000000010000000000000000000000000000000000000000000000001
0010000000000000000000000001000000000000000100000000000000000000000000010000001000000000000000100000100100001010000000000000000000000000000000000000000000000001
0010000000000000000000000001000000000000000100000000000000000000000000010000001000000000000000100000000100000010000000000000000000000000000000000000000000000001
0010000000000000000000000001000000000000000100000000000000000000000001010000011000000000000000100000000100000010000000000000000000000000000000000000000000000001
0010000000000000000000000001000000000000000100000000000000000000000000000000000000000000000000100000000100000010000000000000000000000000000000000000000000000001
0010000000000000000000000001000000000000000100000000000000000000000000000000000000000000000000100000000100000010000000000000000000000000000000000000000000000001
0010000000000000000000000001000000000000000100000000000000000000000000000000000000000000000000100000000100000010000000000000000010101000100100000000000000000001
0010000000000000000000000001000000000000010100000000000000000000101010001001000000000000000001100000000100000010000000000000000000100000000100000000000000000001
0010000000000000000000000001000000000000000000000000000000000000001000000001000000000000000000000000000100000010000000000000000000100000000100000000000000000001
0010000000000000000000000001000000000000000000000000000000000000001000000001000000000000000000000000000100000010000000000000000000100000000100000000000000000001
0010000000000000000000000001000000000000000000000000000000000000001000000001000000000000000000000000000100000010000000000000000000100000000100000000000000000001
0010000000000000000000000101000000000000000000000000000000000000001000000001000000000000000000000000010100000110000000000000000000100000000100000000000000000001
0010000000000000000000000000000000000000000000000000000000000000001000000001000000000000000000000000000000000000000000000000000001100100010100000000000000000001
0010000000000000000000000000000000000000000000000000000000000000011001000101000000000000000000000000000000000000000000000000000000000000000000000000000000000001
0010000000000000000000000000000000000000000000000000000000000000000000000000000000000000000000000000000000000000000000000000000000000000000000000000000000000001
0010000000000000000000000000000000000000000000000000000000000000000000000000000000000000000000000000000000000000000000000000000000000000000000000000000000000001
0010000000000000000000000000000000000000000000000000000000000000000000000000000000000000000000000000000000000000000000000000000000000000000000000000000000000001
0010000000000000000000000000000000000000000000000000000000000000000000000000000000000000000000000000000000000000000000000000000000000000000000000000000000000001
0010000000000000000000000000000000000000000000000000000000000000000000000000000000000000000000000000000000000000000000000000000000000000000000000000000000000001
0010000000000000000000000000000000000000000000000000000000000000000000000000000000000000000000000000000000000000000000000000000000000000000000000000000000000001
0010000000000000000000000000000000000000000000000000000000000000000000000000000000000000000000000000000000000000000000000000000000000000000000000000000000000001
0010100010010000000000000000000000000000000000000000000000000000000000000000000000000000000000000000000000000000000000000000000000000000000010101000100100000001
0010000000010000000000000000000000000000000000000000000000000000000000000000000000000000000000000000000000000000000000000000000000000000000000100000000100000001
0010000000010000000000000000000000000000000000000000000000000000000000000000000000000000000000000000000000000000000000000000000000000000000000100000000100000001
0010000000010000000000000000000000000000000000000000000000000000000000000000000000000000000000000000000000000000000000000000000000000000000000100000000100000001
0010000000010000000000000000000000000000000000000000000000000000000000000000000000000000000000000000000000000000000000000000000000000000000000100000000100000001
0010000000010000000000000000000000000000000000000000000000000000000000000000000000000000000000000000000000000000000000000000000000000000000000100000000100000001
0010010001010000000000000000000000000000000000000000000000000000000000000000000000000000000000000000000000000000000000000000000000000000000001100100010100000001
0010000000000000000000000000000000000000000000000000000000000000000000000000000000000000000000000000000000000000000000000000000000000000000000000000000000000001
0010000000000000000000000000000000000000000000000000000000000000000000000000000000000000000000000000000000000000000000000000000000000000000000000000000000000001
0010000000000000000000000000000000000000000000000000000000000000000000000000000000000000000000000000000000000000000000000000000000000000000000000000000000000001
0110010001000100010001000100010001000100010001000100010001000100010001000100010001000100010001000100010001000100010001000100010001000100010001000100010001000101
