10101000100010001000100010001000100010001000100010001000100010001000100010001000100010001000100010001000100010001000100010001000100010001000100010001000100010001001
00100000000000000000000000000000000000000000000000000000000000000000000000000000000000000000000000000000000000000000000000000000000000000000000000000000000000000001
00100000000000000000000000000000000000000000000000000000000000000000000000000000000000000000000000000000000000000000000000000000000000000000000000000000000000000001
00100000000000000000000000000000000000000000000000000000000000000000000000000000000000000000000000000000000000000000000000000000000000000000000000000000000000000001
00100000000000000000000000001010100010011001000000000000000000000000000000000000000000000000000000000000000000000000000010100000000000000000000000000000000000000001
00100000000000000000000000000010000000010001000000000000000000000000000000000000000000000000000000000000000000000000000000100000000000000000000000000000000000000001
00100000000000000000000000000010000000010001000000000000000000000000000000000000000000000000000000000000000000000000000000100000000000000000000000000000000000000001
00100000000000000000000000000010000000010001000000000000000000000000000000000000000000000000000000000000000000000000000000100000000000000000000000000000000000000001
00100000000000000000000000000010000000010001000000000000000000000000000000000000000000000000000000000000000000000000000000100000000000000000000000000000000000000001
00100000000000000000000000000010000000010001000000000000000010010000101000000000000000000000000000000000000000000000000000100000000000000000000000000000000000000001
00100000000000000000000000000110010001010001000000000000000000010000001000000000000000000000000000000000000000000000000000100000000000000000000000000000000000000001
00100000000000000000000000000000000000000001000000000000000000010000001000000000000000000000000000000000000000000000000000100000000000000000000000000000000000000001
00100000000000000000000000000000000000000001000000000000000000010000001000000000000000000000000000000000000000000000000000100000000000000000000000000000000000000001
00100000000000000000000000000000000000000001000000000000000000010000001000000000000000000000000000000000000000000000000000100000000000000000000000000000000000000001
00100000000000000000000000000000000000000001000000000000000000010000001000000000100100000000000000000000000000000000000000100000000000000000101000000000000000000001
00100000000000000000000000000000000000000001000000000000000000010000001000000000000100000000000000000000000000000000000000100000000000000000001000000000000000000001
00100000000000000000000000000000000000000001000000000000000000010000001000000000000100000000000000000000000000000000000000100000000000000000001000000000000000000001
00100000000000000000000000000000000000000001000000000000000000010000001000000000000100000000000000000000000000000000000000100000000000000000001000000000000000000001
00100000000000000000000000000000000000000001000000000000000000010000001000000000000100000000000000000000000000000000000000100000000000000000001000000000000000000001
00100000000000000000000000000000000000000001000000000000000001010000011000000000000100000000000000000000000000000000000000100000000000000000001000000000000000000001
00100000000000000000000000000000000000000001000000000000000000000000000000000000000100000000000000000000000000000000000000100000000000000000001000000000000000000001
00100000000000000000000000000000000000000001000000000000000000000000000000000000000100000000000000000000000000000000000000100000000000000000001000000000000000000001
00100000000000000000000000000000000000000001000000000000000000000000000000000000000100000000000000000000000000000000000000100000000000000000001000000000000000000001
00100000000000000000000000000000000000000001000000000000000000000000000000000000000100000000000000000000000000000000000000100000000000000000001000000000000000000001
00100000000000000000000000000000000000000001000000000000000000000000000000000000000100000000000000000000000000000000000000100000000000000000001000000000000000000001
00100000000000000000000000000000000000000001000000000000000000000000000000000000000100000000000000000000000000000000000000100000000000000000001000000000000000000001
00100000000000000000000000000000000000000001000000000000000000000000000000000000000100000000000000000000000000000000000000100000000000000000001000000000000000000001
00100000000000000000000000000000000000000001000000000000000000000000000000000000000100000000000000000000000000000000000000100000000000000000001000000000000000000001
00100000000000000000000000000000000000000001000000000000000000000000000000000000000100000000000000000000000000000000000000100000000000000000001000000000000000000001
00100000000000000000000000000000000000000001000000000000000000000000000000000000000100000000000000000000000000000000000000100000000000000000001000000000000000000001
00100000000000000000000000000000000000000001000000000000000000000000000000000000000100000000000000000000000000000000000000100000000000000000001000000000000000000001
00100000000000000000000000000000000000000001000000000000000000000000000000000000000100000000000000000000000000000000000000100000000000000000001000000000000000000001
00100000000000000000000000000000000000000101000000000000000000000000000000000000000100000000000000000000000000000000000001100000000000000000001000001010100100000001
00100000000000000000000000000000000000000000000000000000000000000000000000000000000100000000000000000000000000000000000000000000000000000000001000000010000100000001
00100000000000000000000000000000000000000000000000000000000000000000000000000000000100000000000000000000000000000000000000000000000000000000001000000010000100000001
00100000000000000000000000000000000000000000000000000000000000000000000000000000000100000000000000000000000000000000000000000000000000000000001000000010000100000001
00100000000000000000000000000000000000000000000000000000000000000000000000000000000100000000000000000000000000000000000000000000000000000000001000000010000100000001
00100000000000000000000000000000000000000000000000000000000000000000000000000000010100000000000000000000000000000000000000000000000000000000011000000010000100000001
00100000000000000000000000000000000000000000000000000000000000000000000000000000000000000000000000000000000000000000000000000000000000000000000000000010000100000001
00100000000000000000000000000000000000000000000000000000000000000000000000000000000000000000000000000000000000000000000000000000000000000000000000000110010100000001
00100000000000000000000000000000000000000000000000000000000000000000000000000000000000000000000000000000000000000000000000000000000000000000000000000000000000000001
00100000000000000000000000000000000000000000000000000000000000000000000000000000000000000000000000000000000000000000000000000000000000000000000000000000000000000001
00100000000000000000000000000000000000000000000000000000000000000000000000000000000000000000000000000000000000000000000000000000000000000000000000000000000000000001
00100000000000000000000000000000000000000000000000000000000000000000000000000000000000000000000000000000000000000000000000000000000000000000000000000000000000000001
00100000000000000000000000000000000000000000000000000000000000000000000000000000000000000000000000000000000000000000000000000000000000000000000000000000000000000001
00100000000000000000000000000000000000000000000000000000000000000000000000000000000000000000000000000000000000000000000000000000000000000000000000000000000000000001
00100000000000000000000000000000000000000000000000000000000000000000000000000000000000000000000000000000000000000000000000000000000000000000000000000000000000000001
01100100010001000100010001000100010001000100010001000100010001000100010001000100010001000100010001000100010001000100010001000100010001000100010001000100010001000101
