101010001000100010001000100010001000100010001000100010001000100010001000100010001000100010001000100010001000100010001000100010001000100010001000100010001000100010001000100010001001
001000000000000010101000100010010000000000000000000000000000000000000000000000000000000000000000000000000000000000000000000000000000000000000000000000000000001000000000000000000001
001000000000000000100000000100010000000000000000000000000000000000000000000000000000000000000000000000000000000000000000000000000000000000000000000000000000001000000000000000000001
001000000000000000100000000100010000000000000000000000000000000000000000000000000000000000000000000000000000000000000000000000000000000000000000000000000000001000000000000000000001
001000000000000000100000000100010000000000000000000000000000000000000000000000000000000000000000000000000000000000000000000000000000000000000000000000000000001000000000000000000001
001000000000000000100000000100010000000000000000000000000000000000000000000000000000000000000000000000000000000000000000000000000000000000000000000000000000001000000000000000000001
001000000000000001100100010001010000000000000000000000000000000000000000000000000000000000000000000000000000000000000000000000000000000000000000000000000000001000000000000000000001
001000000000000000000000000100000000000000000000000010010000000000000000000000000000000010100000000000000000000000000000000000000000000000000000000000000000001000000000000000000001
001000000000000000000000000100000000000000000000000000010000000000000000000000000000000000100000000000000000000000000000000000000000000000000000000000000000001000000000000000000001
001000000000000000000000000100000000000000000000000000010000000000000000000000000000000000100000000000000000000000000000000000000000000000001010100010010000001000000000000000000001
001000000000000000000000000100000000000000000000000000010000000000000000000000000000000000100000000000000000000000000000000000000000000000000010000000010000001000000000000000000001
001000000000000000000000000100000000000000000000000000010000000000000000000000000000000000100000000000000000000000000000000000000000000000000010000000010000101010001001000000000001
001000000000000000000000000100000000000000000000000000010000000000000000100100000000000000100000000000000000000000000000000000001010000000000010000000010000001000000001000000000001
001000000000000000000000000100000000000000000000000000010000000000000000000100000000000000100000000000000000000000000000000000000010000000000010000000010000001000000001000000000001
001000000000000000000000000100000000000000000000000000010000000000000000000100000000000000100000000000000000000000000000000000000010000000000010000000010000001000000001000000000001
001000000000000000000000000100000000000000000000000000010000000000000000000100000000000000100000000000000000000000000000000000000010000000000110010001010000001000000001000000000001
001000000000000000000000000100000000000000000000000000010000000000000000000100000000000000100000000000000000000000000000000000000010000000000000000000000000001000000001000000000001
001000000000000000000000000100000000000000000000000000010000000000000000000100000000000000100000000000000000000000000000000000000010000000000000000000000000011001000101000000000001
001000000000000000000000000100000000000000000000000000010000000000000000000100000000000000100000000000000000000000000000000000000010000000000000000000000000001000000000000000000001
001000000000000000000000000100000000000000000000000000010000000000000000000100000000000000100000000000000000000000000000000000000010000000000000000000000000001000000000000000000001
001000000000000000000000000100000000000000000000000000010000000000000000000100000000000000100000000000000000000000000000000000000010000000000000000000000000001000000000000000000001
001000000000000000000000000100000000000000000000000000010000000000000000000100000000000000100000000000000000000000000000000000000010000000000000000000000000001000000000000000000001
001000000000000000000000000100000000000000000000000000010000000000000000000100000000000000100000000000000000000000000000000000000010000000000000000000000000001000000000000000000001
001000000000000000000000000100000000000000000000000000010000000000000000000100000000000000100000000000000000000000000000000000000010000000000000000000000000001000000000000000000001
001000000000000000000000000100000000000000000000000001010000000000000000000100000000000001100000000000000000000000000000000000000010000000000000000000000000001000000000000000000001
001000000000000000000000000100000000000000000000000000000000000000000000000100000000000000000000000000000000000000000000000000000010000000000000000000000000001000000000000000000001
001000000000000000000000000100000000000000000000000000000000000000000000000100000000000000000000000000000000000000000000000000000010000000000000000000000000001000000000000000000001
001000000000000000000000000100000000000000000000000000000000000000000000000100000000000000000000000000000000000000000000000000000010000000000000000000000000001000000000000000000001
001000000000000000000000000100000000000000000000000000000000000000000000000100000000000000000000000000000000000000000000000000000010000000000000000000000000001000000000000000000001
001000000000000000000000000100000000000000000000000000000000000000000000000100000000000000000000000000000000000000000000000000000010000000000000000000000000001000000000000000000001
001000000000000000000000000100000000000000000000000000000000000000000000000100000000000000000000000000000000000000000000000000000010000000000000000000000000001000000000000000000001
001000000000000000000000000100000000000000000000000000000000000000000000000100000000000000000000000000000000000000000000000000000010000000000000000000000000001000000000000000000001
001000000000000000000000000100000000000000000000000000000000000000000000000100000000000000000000000000000000000000000000000000000010000000000000000000000000001000000000000000000001
001000000000000000000000000100000000000000000000000000000000000000000000000100000000000000000000000000000000000000000000000000000010000000000000000000000000001000000000000000000001
001000000000000000000000000100000000000000000000000000000000000000000000010100000000000000000000000000000000000000000000000000000110000000000000000000000000001000000000000000000001
001000000000000000000000000100000000000000000000000000000000000000000000000000000000000000000000000000000000000000000000000000000000000000000000000000000000001000000000000000000001
001000000000000000000000000100000000000000000000000000000000000000000000000000000000000000000000000000000000000000000000000000000000000000000000000000000000001000000000000000000001
001000000000000000000000000100000000000000000000000000000000000000000000000000000000000000000000000000000000000000000000000000000000000000000000000000000000001000000000000000000001
001000000000000000000000000100000000000000000000000000000000000000000000000000000000000000000000000000000000000000000000000000000000000000000000000000000000001000000000000000000001
001000000000000000000000000100000000000000000000000000000000000000000000000000000000000000000000000000000000000000000000000000000000000000000000000000000000001000000000000000000001
001000000000000000000000000100000000000000000000000000000000000000000000000000000000000000000000000000000000000000000000000000000000000000000000000000000000001000000000000000000001
001000000000000000000000010100000000000000000000000000000000000000000000000000000000000000000000000000000000000000000000000000000000000000000000000000000000011000000000000000000001
001000000000000000000000000000000000000000000000000000000000000000000000000000000000000000000000000000000000000000000000000000000000000000000000000000000000000000000000000000000001
011001000100010001000100010001000100010001000100010001000100010001000100010001000100010001000100010001000100010001000100010001000100010001000100010001000100010001000100010001000101
