101010001000100010001000100010001000100010001000100010001000100010001000100010001000100010001000100010001000100010001000100010001000100010001000100010001000100010001000100010001000100010001001
001000000000000000000000000000000000000000000000000000000000000000000000000000000000000000000000000000000000000000000000000000000000000000000000000000000000000000000000000000000000000000000001
001000000000000000000000000000001001000000000000000000000000000000000000000000000000000000000000000000000000000000000000000000000000101000000000000000000000000000000000000000000000000000000001
001000000000000000000000000000000001100100000000000000000000101000000000000000000000000000000000000000000000000000000000000000000000001000000000000000000000000000000000000000000000000000000001
001000000110010001000100010001000100010001000100010001000100010001000100010001000100010100000000000000000000000000000000000000000000001000000000000000000000000000000000000000000000000000000001
001000000000000000000000000000000001000100000000000000000000001000000000000000000000000000000000000000000000000000000000000000000000001000000000000000000000000000000000000000000000000000000001
001000000000000000000000000000000001000100000000000000000000001000000000000000000000000000000000000000000000000000000000000000000000001000000000000000000000000000000000000000000000000000000001
001000000000000000000000000000000001000100000000101010001001001000000000000000000000000000000000000000000000000000001010100010010000001000000000000000000000000000000000000000000000000000000001
001000000000000000000000000000000001000100000000001000000001001000000000000000000000000000000000000000000000000000000010000000010000001000000000000000000000000000000000000000000000000000000001
001000000000000000000000000000000001000100001010100010010001001000000000000000000000000000000000000000000000000000000010000000010000001000000000000000000000000000000000000000000000000000000001
001000000000000000000000000000000001000100000010001000010001001000000000000000000000000000000000000000000000000000000010000000010000001000000000000000000000000000000000000000000000000000000001
001000000000000000000000000000000001000100000010001000010001001000000000000000000000000000000000000000000000000000000010000000010000001000000000000000000000000000000000000000000000000000000001
001000000000000000000000000000000001000101100100010001000100010001000100010001000100010001000100010001000100010001000100010001000101001000000000000000000000000000000000000000000000000000000001
001000000000000000000000000000000001000100000010011000010101001000000000000000000000000000000000000000000000000000000110010001010000001000000000000000000000000000000000000000000000000000000001
001000000000000000000000000000000001000100000010000000010000001000000000000000000000000000000000000000000000000000000000000000000000001000000000000000000000000000000000000000000000000000000001
001000001010100010001000100010001000100010001000100010001000100010001000100010001000100100000000000000000000000000000000000000000000001000000000000000000000000000000000000000000000000000000001
001000000000000000000000000000000001000100000000000000000000001000000000000000000000000000000000000000000000000000000000000000000000001000000000000000000000000000000000000000000000000000000001
001000000000000000000000000000000001010100000000000000000000011000000000000000000000000000000000000000000000000000000000000000000000001000000000000000000000000000000000000000000000000000000001
001000000000000000000000000000000001000000000000000000000000000000000000000000000000000000000000000000000000000000000000000000000000001000000000000000000000000000000000000000000000000000000001
001000000000000000000000000000000001000000000000000000000000000000000000000000000000000000000000000000000000000000000000000000000000001000000000000000000000000000000000000000000000000000000001
001000000000000000000000000000000001000000000000000000000000000000000000000000000000000000000000000000000000000000000000000000000000001000000000000000000000000000000000000000000000000000000001
001000000000000000000000000000000001000000000000000000000000000000000000000000000000000000000000000000000000000000000000000000000000001000000000000000000000000000000000000000000000000000000001
001000000000000000000000000000000001000000000000000000000000000000000000000000000000000000000000000000000000000000000000000000000000001000000000000000000000000000000000000000000000000000000001
001000000000000000000000000000000001000000000000000000000000000000000000000000000000000000000000000000000000000000000000000000000000001000000000000000000000000000000000000000000000000000000001
001000000000000000000000000000000001000000000000101010001001000000000000000000000000000000000000000000000000000000000000000000000000001000000000000000000000000000000000000000000000000000000001
001000000000000000000000000000000001000000000000001000000001000000000000000000000000000000000000000000000000000000000000000000000000001000000000000000000000000000000000000000000000000000000001
001000000000000000000000000000000001000010101000100010001000100010001000100010001000100010001000100010001000100010001000100010001001001000000000000000000000000000000000000000000000000000000001
001000000000000000000000000000000001000000000000001000000001000000000000000000000000000000000000000001100100010001000100010001000100010001000100010100000000000000000000000000000000000000000001
001000000000000000000000000000000001000000000000001000000001000000000000000000000000000000000000000000000000000000000000000000000000001000000000000000000000000000000000000000000000000000000001
001000000000000000000000000000000001000000000000001000000001000000000000000000000000000000000000000000000000000000000000000000000000001000000000000000000000000000000000000000000000000000000001
001000000000000000000000000000000001000000000000011001000101000000000000000000000000000000000000000010101000100010001000100010001000100010001000100100000000000000000000000000000000000000000001
001000000000000000000000000000000001000000000000000000000000000000000000000000000000000000000000000000000000000000000000000000000000001000000000000000000000000000000000000000000000000000000001
001000000000000000000000000000000001000000000000000000000000101010001001000000000000000000000000000000000000000000000000000000000000001000000000000000000000000000000000000000000000000000000001
001000000000000000000000000000000001000000001010100010010000001000000001000000000000000000000000000000000000000000000000000000000000001000000000000000000000000000000000000000000000000000000001
001000000000000000000000000000000001000000000010000000010000001000000001000000000000000000000000000000000000000000000000000000000000001000000000000000000000000000000000000000000000000000000001
001000000000000000000000000000000101000000000010000000010000001000000001000000000000000000000000000000000000000000000000000000000000011000000000000000000000000000000000000000000000000000000001
001000000000000000000000000000000000000000000010000000010000001000000001000000000000000000000000000000000000000000000000000000000000000000000000000000000000000000000000000000000000000000000001
001000000000000000000000000000000000000000000010000000010000001000000001000000000000000000000000000000000000000000000000000000000000000000000000000000000000000000000000000000000000000000000001
001000000000000000000000000000000000000000000010000000010000011001000101000000000000000000000000000000000000000000000000000000000000000000000000000000000000000000000000000000000000000000000001
001000000000000000000000000000000000000000000110010001010000000000000000000000000000000000000000000000000000000000000000000000000000000000000000000000000000000000000000000000000000000000000001
011001000100010001000100010001000100010001000100010001000100010001000100010001000100010001000100010001000100010001000100010001000100010001000100010001000100010001000100010001000100010001000101
