1010100010001000100010001000100010001000100010001000100010001000100010001000100010001000100010001000100010001000100010001000100010001000100010001000100010001001
0010000000000000000000000000000000000000000000000000000000000000000000000000000000000000000000000000000000000000000000000000000000000000000000000000000000000001
0010000000000000000000000000000000000000000000000000000000000000000000000000000000000000000000000000000000000000000000000000000000000000000000000000000000000001
0010000000000000000000000000000000000000000000000000000000000000000000000000000000000000000000000000000000000000000000000000000000000000000000000000000000000001
0010000000000000000000000000000000000000100100000000000000000000000000000000000000000000000000000000000000000000000000000000000000000000000010100000000000000001
0010000000000000000000000000000000000000000100000000000000000000000000000000000000000000000000000000000000000000000000000000000000000000000000100000000000000001
0010000000000000000000000000000000000000000100000000000000000000000000000000000000000000000000000000000000000000000000000000000000000000000000100000000000000001
0010000000000000000000000000000000000000000100000000000000000000000000000000000000000000000000000000000000000000000000000000000000000000000000100000000000000001
0010000000000000000000000000000000000000000100000000000000000000000000000000000000000000000000000000000000000000000000000000000000000000000000100000000000000001
0010000000000000000000000000000000000000000100000000000000000000000000000000000000000000000010101000100100000000000000000000000000000000000000100000000000000001
0010000000000000000000000000000000000000000100000000000000000000000000000000000000000000000010101000100100000000000000000000000000000000000000100000000000000001
0010000000000000000000000000000000000110010001000100010001000100010001000100010001000100010001000100010001000100010001000100010001000101000000100000000000000001
0010000000000000000000000000000000000000000100000000000000000000000000000000000000000000000000100000000100000000000000000000000000000000000000100000000000000001
0010000000000000000000000000000000000000000100000000000000000000000000001010100100000000000000100000000100000000000000000000000000000000000000100000000000000001
0010000000000000000000000000000000000000000100000000000000000000000000000010000100000000000000100000000100000000000000000000000000000000000000100000000000000001
0010000000000000000000000000000000000000000100000000000000000000000000000010000100001001000000100100000100000000000000000000000000000000000000101010000000000001
0010000000000000000000000000000000000000000100000000000000000000000000000010000100000001000001100100010100000000000000000000000000000000000000100010000000000001
0010000000000000000000000000000000000000000100000000000000000000000000000010000100000001000000000000000000000000000000000000000000000000000000100010000000000001
0010000000000000000000000000000000000000000100000000000000000000000000000010000100000001000000000000000000000000000000000000000000000000000000100010000000000001
0010000000000000000000000000000000000000000100000000000000000000000000000010000100000001000000000000000000000000000000000000000000000000000000100010000000000001
0010000000000000000000000000000000000000000100000000000000000000000000000110010100000001000000000000000000000000000000000000000000000000000000100010000000000001
0010000000000000000000000000000000000000000100000000000000000000000000000000000000000001000000000000000000000000000000000000000000000000000000100010000000000001
0010000000000000000000000000000000000000000100000000000000000000000000000000000000000001000000000000000000000000000000000000000000000000000000100010000000000001
0010000000000000000000000000000000000000000100000000000000000000000000000000000000000001000000000000000000000000000000000000000000000000000000100010000000000001
0010000000000000000000000000000000000000000100000000000000000000000000000000000000000001000000000000000000000000000000000000000000000000000000100010000000000001
0010000000000000000000000000000000000000000100000000000000000000000000001010100010010001000000000000000000000000000000000000000000000000000000100010000000000001
0010000000000000000000000000000000000000000100000000000000000000000000000010000000010001000000000000000000000000000000000000000000000000000000100010000000000001
0010000000000000000000000000000000001010100010001000100010001000100010001000100010001000100010001000100010001000100010001000100010001001000000100010000000000001
0010000000000000000000000000000000000000000100000000000000000000000000000010000000010001000000000000000000000000000000000000000000000000000000100010000000000001
0010000000000000000000000000000000000000000100000000000000000000000000000010000000010001000000000000000000000000000000000000000000000000000000100010000000000001
0010000000000000000000000000000000000000000100000000000000000000000000000010000000010001000000000000000000000000000000000000000000000000000000100010000000000001
0010000000000000000000000000000000000000000100000000000000000000000000000110010001010001000000000000000000000000000000000000000000000000000000100010000000000001
0010000000000000000000000000000000000000000100000000000000000000000000000000000000000001000000000000000000000000000000000000000000000000000000100010000000000001
0010000000000000000000000000000000000000000100000000000000000000000000000000000000000001000000000000000000000000000000000000000000000000000000100010000000000001
0010000000000000000000000000000000000000000100000000000000000000000000000000000000000001000000000000000000000000000000000000000000000000000000100010000000000001
0010000000000000000000000000000000000000000100000000000000000000000000000000000000000001000000000000000000000000000000000000000000000000000000100010000000000001
0010000000000000000000000000000000000000000100000000000000000000000000000000000000000001000010101000100100000000000000000000000000000000000000100010000000000001
0010000000000000000000000000000000000000010100000000000000000000000000000000000000000001000000100000000100000000000000000000000000000000000001100010000000000001
0010000000000000000000000000000000000000000000000000000000000000000000000000000000000101000000100000000100000000000000000000000000000000000000000110000000000001
0010000000000000000000000000000000000000000000000000000000000000000000000000000000000000000000100000000100000000000000000000000000000000000000000000000000000001
0010000000000000000000000000000000000000000000000000000000000000000000000000000000000000000000100000000100000000000000000000000000000000000000000000000000000001
0010000000000000000000000000000000000000000000000000000000000000000000000000000000000000000000100000000100000000000000000000000000000000000000000000000000000001
0010000000000000000000000000000000000000000000000000000000000000000000000000000000000000000001100100010100000000000000000000000000000000000000000000000000000001
0010000000000000000000000000000000000000000000000000000000000000000000000000000000000000000000000000000000000000000000000000000000000000000000000000000000000001
0010000000000000000000000000000000000000000000000000000000000000000000000000000000000000000000000000000000000000000000000000000000000000000000000000000000000001
0010000000000000000000000000000000000000000000000000000000000000000000000000000000000000000000000000000000000000000000000000000000000000000000000000000000000001
0010000000000000000000000000000000000000000000000000000000000000000000000000000000000000000000000000000000000000000000000000000000000000000000000000000000000001
0010000000000000000000000000000000000000000000000000000000000000000000000000000000000000000000000000000000000000000000000000000000000000000000000000000000000001
0110010001000100010001000100010001000100010001000100010001000100010001000100010001000100010001000100010001000100010001000100010001000100010001000100010001000101
