1010100010001000100010001000100010001000100010001000100010001000100010001000100010001000100010001000100010001000100010001000100010001000100010001000100010001000100010001000100010001001
0010000000000000000000000000100100000000000000000000000000000000000000000000000000000000000000000000000000001010000000000000000000000000000000000000000000000000000000000000000000000001
0010000000000000000000000000000100000000000000000000000000000000000000000000000000000000000000000000000000000010000000000000000000000000000000000000000000000000000000000000000000000001
0010000000000000000000000000000100000000000000000000000000000000000000000000000000000000000000000000000000000010000000000000000000000000000000000000000000000000000000000000000000000001
0010000000000000000000000000000100000000000000000000000000000000000000000000000000000000000000000000000000000010000000000000000000000000000000000000000000000000000000000000000000000001
0010000000000000000000000000000100000000000000000000000000000000000000000000000000000000000000000000000000000010000000000000000000000000000000000000000000000000000000000000000000000001
0010000000000000011001000100010001000100010001000100010001000100010001000100010100000000000000000000000000000010000000000000000000000000000000000000000000000000000000000000000000000001
0010000000000000000000000000000100000000000000000000000000000000000000000000000000000000000000000000000000000010000000000000000000000000000000000000000000000000000000000000000000000001
0010000000000000000000000000101010001000100010001000100010010000101010001001000000000000000000000000000000000010000000000000000000000000000000000000000000000000000000000000000000000001
0010000000000000000000000000011001000100010001000100010001010000001000000001101010001001000000000000000000000010000000000000000000000000000000000000000000000000000000000000000000000001
0010000000000000000000000000000100000000000000000000000000000000100100000001001000000001101000000000000000000010000000000000000000000000000000000000000000000000000000000000000000000001
0010000000000000000000000000000100000000000000000000000000000000000100000001001000000001001000000000000000000010000000000000000010101000100100000000000000000000000000000000000000000001
0010000000000000000000000000000100000000000000000000000000000000000100000001001000000001001000000000000000000010000000000000000000100000000100000000000000000000000000000000000000000001
0010000000000000101010001000100010001000100010001000100010001000100010001000100100000001001000000000000010101000100100000000000000100000000100000000000000000000000000000000000000000001
0010000000000000000000000000000100000000000000000000000000000000000101000101001000000001001000000000000000100010000100000000000000100000000100000000000000000000000000000000000000000001
0010000000000000000000000000000100000000000000000000000000000000000100000000011001000101001000000000000000100010000100000000000000100000000100000000000000000000000000000000000000000001
0010000000000000000000000000000100000000000000000000000000000000000100000000000000000000101010001001000000100010000100000000000000100000000100000000000000000000000000000000000000000001
0010000000000000000000000000000100000000000000000000000000000000000100000000000000000000001000000001000000100010000100000000000001100100010100000000000000000000000000000000000000000001
0010000000000000000000000000000100000000000000000000000000000000000100000000000000000000001000001001000000100010000100000000101000000000000000000000000000000000000000000000000000000001
0010000000000000000000000000000100000000000000000000000000000000000100000000000000000000001000000001000001100100010100000000001000000000000000000000000000000000000000000000000000000001
0010000000000000000000000000000100000000000000000000000000000000000100000000000000000000001000000001000000000010000000000000001000000000000000000000000000000000000000000000000000000001
0010000000000000000000000000000100000000000000000000000000000000000100000000000000000000001000000001000000000010000000000000001000000000000000000000000000000000000000000000000000000001
0010000000000000000000000000000100000000000000000000000000000000000100000000000000000000011001000001000000000010000000000000001000000000000000000000000000000000000000000000000000000001
0010000000000000000000000000000100000000000000000000000000000000000100000000000000000000001000000001000000000010000000000000001000000000000000000000000000000000000000000000000000000001
0010000000000000000000000000000100000000000000000000000000000000010100000000000000000000011000000001000000000010000000000000001000000000000000000000000000000000000000000000000000000001
0010000000000000000000000000000100000000000000000000000000000000000000000000000000000000000000000001000000000010000000000000001000000000000000000000000000000000000000000000000000000001
0010000000000000000000000000000100000000000000000000000000000000000000000000000000000000000000000001000000000010000000000000001000000000000000000000000000000000000000000000000000000001
0010000000000000000000000000000100000000000000000000000000000000000000000000000000000000000000000001000000000010000000000000001000000000000000000000000000000000000000000000000000000001
0010000000000000000000000000000100000000000000000000000000000000000000000000000000000000000000000001000000000010000000000000001000000000000000000000000000000000000000000000000000000001
0010000000000000000000000000010100000000000000000000000000000000000000000000000000000000000000000001000000000110000000000000001000000000000000000000000000000000000000000000000000000001
0010000000000000000000000000000000000000000000000000000000000000000000000000000000000000000000000001000000000000000000000000001000000000000000000000000000000000000000000000000000000001
0010000000000000000000000000000000000000000000000000000000000000000000000000000000000000000000000001000000000000000000000000001000000000000000000000000000000000000000000000000000000001
0010000000000000000000000000000000000000000000000000000000000000000000000000101010001001000000000001000000000000000000000000001000000000000000000000000000000000000000000000000000000001
0010000000000000000000000000000000000000000000000000000000000000000000000000001000000001000000000101000000000000000000000000011000000000000000000000000000000000000000000000000000000001
0010000000000000000000000000000000000000000000000000000000000000000000000000001000000001000000000000000000000000000000000000000000000000000000000000000000000000000000000000000000000001
0010000000000000000000000000000000000000000000000000000000000000000000000000001000000001000000000000000000000000000000000000000000000000000000000000000000000000000000000000000000000001
0010000000000000000000000000000000000000000000000000000000000000000000000000001000000001000000000000000000000000000000000000000000000000000000000000000000000000000000000000000000000001
0010000000000000000000000000000000000000000000000000000000000000000000000000001000000001000000000000000000000000000000000000000000000000000000000000000000000000000000000000000000000001
0010000000000000000000000000000000000000000000000000000000000000000000000000011001000101000000000000000000000000000000000000000000000000000000000000000000000000000000000000000000000001
0010000000000000000000000000000000000000000000000000000000000000000000000000000000000000000000000000000000000000000000000000000000000000000000000000000000000000000000000000000000000001
0010000000000000000000000000000000000000000000000000000000000000000000000000000000000000000000000000000000000000000000000000000000000000000000000000000000000000000000000000000000000001
0010000000000000000000000000000000000000000000000000000000000000000000000000000000000000000000000000000000000000000000000000000000000000000000000000000000000000000000000000000000000001
0110010001000100010001000100010001000100010001000100010001000100010001000100010001000100010001000100010001000100010001000100010001000100010001000100010001000100010001000100010001000101
