10101000100010001000100010001000100010001000100010001000100010001000100010001000100010001000100010001000100010001000100010001000100010001000100010001000100010001000100010001000100010001000100010001000100010001000100010001001
00100000000000000000000000000000000000000000000000000000000000000000000000000000000000000000000000000000000000000000000000000000000000000000000000000000000000000000000000000000000000000000000000000000000000000000000000000001
00100100010001000100010001000100010001000100010001000100010001000100010001000100010001000100010001000100010001000100010001000100010001000100010001000100010100000000000000000000000000000000000000000000000000000000000000000001
00100000000000000000000000000000000000000000000000000000000000000000000000000000000000000000000000000000000000000000000000000000000000000000000000000000000000000000000000000000000000000000000000000000000000000000000000000001
00100000011001000100010001000100010001000100010001000100010001000100010001000100010001000101000000000000000000000000000000000000000000000000000000000000000000000000000000000000000000000000000000000000000000000000000000000001
00100000000000000000000000000000000000000000000000000000000000000000000000000000000000000000000000000000000000000000000010101000100100000000000000000000000000000000000000000000000000000000000000000000000000000000000000000001
00100000000000000000000000000000000000000000000000000000000000000000000000000000000000000000000000000000000000000000000000100000000100000000000000000000000000000000000000000000000000000000000000000000000000000000000000000001
00100000000000000000000000000000000000000000000010101001000000000000000000000000000000000000000000000000000000000000000000100000000100000000000000000000000000000000000000000000000000000000000000000000000000000000000000000001
00100000000000000000000000000000000000000000000000100001000000000000000000000000000000000000000000000000000000000000000000100000000100000000000000000000000000000000000000000000000000000000000000000000000000000000000000000001
00100000000000000000000000000000000000000000000000100001000000000000000000000000000000000000000000000000000000000000000000100000000100000000000000000000000000000000000000000000000000000000000000000000000000000000000000000001
00100000000000000000000000000000000000000000000000100001000000000000000000000000000000000000000000000000000000000000000000100000000100000000000000000000000000000000000000000000000000000000000000000000000000000000000000000001
00100000000000000000000000000000000000000000000000100001000000000000000000000000000000000000000000000000000000000000000001100100010100000000000000000000000000000000000000000000000000000000000000000000000000000000000000000001
00100000000000000000000000000000000000000000000000100001000000000000000000000000000000000000000000000000000000000000000000000000000000000000000000000000000000000000000000000000000000000000000000000000000000000000000000000001
00100000000000000000000000000000000000000000011001000100010001000100010001000100010001000100010001000100010001010000000000000000000000000000000000000000000000000000000000000000000000000000000000000000000000000000000000000001
00100000000000000000000000000000000000000000000001100101000000000000000000000000000000000000000000000000000000000000000000000000000000000000000000000000000000000000000000000000000000000000000000000000000000000000000000000001
00100000000000000000000000000000000000000000000000000000000000000000000000000000000000000000000000000000000000000000000000000000000000000000000000000000000000000000000000000000000000000000000000000000000000000000000000000001
00100000101010001000100010001000100010001000100010001000100010001000100010101000100110001001000000000000000000000000000000000000000000000000000000000000000000000000000000000000000000000000000000000000000000000000000000000001
00100000000000000000000000000000000000000000000000000000000000000000000000100000000100000000000000000000000000000000000000000000000000000000000000000000000000000000000000000000000000000000000000000000000000000000000000000001
00100000000000000000000000000000000000000000000000000000000000000000000000100000000100000000000000000000000000000000000000000000000000000000000000000000000000000000000000000000000000000000000000000000000000000000000000000001
00100000000000000000000000000000000000000000000000000000000000000000000000100000000100000000000000001001000000001010000000000000000000000000000000000000000000000000000000000000000000000000000000000000000000000000000000000001
00100000000000000000000000000000000000000000000000000000000000000000000000100000000100000000000000000001000000000010000000000000000000000000000000000000000000000000000000000000000000000000000000000000000000000000000000000001
00100000000000000000000000000000000000000000101010001000100010001000100010001000100010001000100010001000100010010010000000000000000000000000000000000000000000000000000000000000000000000000000000000000000000000000000000000001
00100000000000000000000000000000000000000000000000000000000000000000000001100100010100000000000000000001000000000010000000000000000000000000000000000000000000000000000000000000000000000000000000000000000000000000000000000001
00100000000000000000000000000000000000000000000000000000000000000000000000000000000000000000000000000001000000000010000010101000100100000000000000000000000000000000000000000000000000000000000000000000000000000000000000000001
00100000000000000000000000000000000000000000000000000000000000000000000000000000000000000000000000000001000000000010000000100000000100000000000000000000000000000000000000000000000000000000000000000000000000000000000000000001
00100000000000000000000000000000000000000000000000000000000000000000000000000000000000000000000000000001000000000010000000100000000100000000000000000000000000000000000000000000000000000000000000000000000000000000000000000001
00100000000000000000000000000000000000000000000000000000000000000000000000000000000000000000000000000001000000000010000000100000000100000000000000000000000000000000000000000000000000000000000000000000000000000000000000000001
00100000000000000000000000000000000000000000000000000000000000000000000000000000000000000000000000000001101010001000100010001000100010010000000000000000000000000000000000000000000000000000000000000000000000000000000000000001
00100000000000000000000000000000000000000000000000000000000000000000000000000000000000000000000000000001011001000100010001000100010001010000000000000000000000000000000000000000000000000000000000000000000000000000000000000001
00100000000000000000000000000000000000000000000000000000000000000000000000000000000000000000000000000001000000000010000001100100010100000000000000000000000000000000000000000000000000000000000000000000000000000000000000000001
00100000000000000000000000000000000000000000000000000000000000000000000000000000000000000000000000000101000000000110000000000000000000000000000000000000000000000000000000000000000000000000000000000000000000000000000000000001
00100000000000000000000000000000000000000000000000000000000000000000000000000000000000000000000000000000000000000000000000000000000000000000000000000000000000000000000000000000000000000000000000000000000000000000000000000001
00101000100010001000100010001000100010001000100010001000100010001000100010001000100010001000100010001000100010001000100010001000100010001000100010001000100100000000000000000000000000000000000000000000000000000000000000000001
00100000000000000000000000000000000000000000000000000000000000000000000000000000000000000000000000000000000000000000000000000000000000000000000000000000000000000000000000000000000000000000000000000000000000000000000000000001
01100100010001000100010001000100010001000100010001000100010001000100010001000100010001000100010001000100010001000100010001000100010001000100010001000100010001000100010001000100010001000100010001000100010001000100010001000101
