1010100010001000100010001000100010001000100010001000100010001000100010001000100010001000100010001000100010001000100010001000100010001000100010001000100010001000100010001001
0010000000000000000000000001000000000000000000000000000000000000000000000000000000000000000000000000000000000000000000000000000000000000001000000000000000000000000000000001
0010000000000000000000000001000000000000000000000000000000000000000000000000000000000000000000000000000000000000000000000000000000000000001000000000000000000000000000000001
0010011001000100010001000100010001000101000000000000000000000000000000000000000000000000000000000000101010001001000000000000000000000000001000000000000000000000000000000001
0010000000000000000000000001000000000000000000000000101010001001000000000000000000000000000000000000001000000001000000000000000000000000001000000000000000000000000000000001
0010000000000000000000000001000000000000000000000000001000000001000000000000000000000000000000000000001000000001000000000000000000000000001000000000000000000000000000000001
0010000000000000000000000001000000000000000000000000001000000001000000000000000000000000000000000000001000000001000000000000000000000000001000000000000000000000000000000001
0010000000000000000000000001000000000000000000000000001000000001000000000000000000000000000000000000001000000001000000000000000000000000001000000000000000000000000000000001
0010000000000000000000000001000000000000000000000000001000000001000000000000000000000000000000000000001000000001000000000000000000000000001000000000000000000000000000000001
0010000000000000000000000001000000000000000000000000001000001001000000000000000000000000000000000000011001000101000000000000000000000000001000000000000010100000000000000001
0010000000000000000000000001000000000000000000000000011001000001000000000000000000000000000000000000000000000000000000000000000000000000001000000000000000100000000000000001
0010000000000000000000000001000000001010100010010000000000000001000000000000000000000000000000000000000000000000000000000000000000000000001000000000000000100000000000000001
0010000000000000000000000001000000000010000000010000000000000001000000000000000000000000000000000000000000000000000000000000000000000000001000000000000000100000000000000001
0010000000000000000000000001000000000010000001100100010001000100010001000100010001000100010001000101000000000000000000000000000000000000001000000000000000100000000000000001
0010000000000000000000000001000000000010000000010000000000000001000000000000000000000000000000000000000000000000000000000000000000000000001000000000000000100000000000000001
0010000000000000000000000001000000000010000000010000000000000001000000000000000000000000000000000000000000000000000000000000000000000000001000000000000000100000000000000001
0010000000000000000000000001000000000010000000010000000000000001000000000000000000000000000000000000000000001010100010010000000000000000001000000000000000100000000000000001
0010000000000000000000000001000000000110010001010000000000000001000000000000000000000000000000000000000000000010000000010000000000000000001000000000000000100000000000000001
0010000000000000000000000001000000000000000010101000100010001000100010001000100010001000100010001001000000000010000000010000000000000000001000000000000000100000000000000001
0010000000000000000000000001000000000000000000000000000000000001000000000000000000000000000000000000000000000010000000010000000000000000001000000000000000100000000000000001
0010000000000000000000000001000000000000000000000000000000000001000000000000000000000000000000000000000000000010000000010000000000000000001000000000000000100000000000000001
0010000000000000000000000001000000000000000000000000000000000001000000000000000000000000000000000000000000000010000000010000000000000000001000000000000000100000000000000001
0010000000000000000000000001000000000000000000000000000000000001000000000000000000000000000000000000000000000110010001010000000000000000001000000000000000100000000000000001
0010000000000000000000000001000000000000000000000000000000000001000000000000000000000000000000000000000000000000000000000000000000000000001000000000000000100000000000000001
0010000000000000000000000001000000000000000000000000000000000001000000000000000000000000000000000000000000000000000000000000000000000000001000000000000000100000000000000001
0010000000000000000000000001000000000000000000000000000000000001000000000000000000000000000000000000000000000000000000000000000000000000001000000000000000100000000000000001
0010000000000000000000000001000000000000000000000000000000000001000000000000000000000000000000000000000000000000000000000000000000000000001000000000000000100000000000000001
0010000000000000000000000001000000000000000000001010100010010001000000000000000000000000000000000000000000000000000000000000000000000000001000000000000000100000000000000001
0010000000000000000000000001000000000000000000000010000000010001000000000000000000000000000000000000000000000000000000000000000000000000001000000000000000100000000000000001
0010000000000000000000000001000000000000000000000010000000010001000000000000000000000000000000000000000000000000000000000000000000000000001000000000000000100000000000000001
0010000000000000000000000001000000000000000000000010000000010001000000000000000000000000000000000000000000000000000000000000000000000000001000000000000000100000000000000001
0010000000000000000000000001000000000000000000000010000000010001000000000000000000000000000000000000000000000000000000000000000000000000001000000000000000100000000000000001
0010000000000000000000000001000000000000000000000010000000010001000000000000000000000000000000000000000000000000000000000000000000000000001000000000000000100000000000000001
0010000000000000000000000001000000000000000010101000100101010001000000000000000000000000000000000000000010101000100100001010101010001001001000000000000000100000000000000001
0010000000000000000000000001000000000000000000100000000100000001000000000000000000000000000000000000000000100000000100000010001000010001001000000000000000100000000000000001
0010000000000000000000000001000000000000000000100000000100000001000000000000000000000000000000000000000000100000000100000010001000010001001000000000000000100000000000000001
0010000000000000000000000101000000000000000000100000000100000001000000000000000000000000000000000000000000100000000100000010001000010001011000000000000000100000000000000001
0010000000000000000000000000000000000000000000100000000100000001000000000000000000000000000000000000000000100000000100000010001000010001000000000000000000100000000000000001
0010000000000000000000000000000000000000000000100000000100000001000000000000000000000000000000000000000000100000000100000010001000010001000000000000000000100000000000000001
0010000000000000000000000000000000000000000001100100010100000001000000000000000000000000000000000000000001100100010100000110011001000101000000000000000000100000000000000001
0010000000000000000000000000000000000000000000000000000000000101000000000000000000000000000000000000000000000000000000000000000000000000000000000000000001100000000000000001
0010000000000000000000000000000000000000000000000000000000000000000000000000000000000000000000000000000000000000000000000000000000000000000000000000000000000000000000000001
0010000000000000000000000000000000000000000000000000000000000000000000000000000000000000000000000000000000000000000000000000000000000000000000000000000000000000000000000001
0010000000000000000000000000000000000000000000000000000000000000000000000000000000000000000000000000000000000000000000000000000000000000000000000000000000000000000000000001
0010000000000000000000000000000000000000000000000000000000000000000000000000000000000000000000000000000000000000000000000000000000000000000000000000000000000000000000000001
0110010001000100010001000100010001000100010001000100010001000100010001000100010001000100010001000100010001000100010001000100010001000100010001000100010001000100010001000101
