101010001000100010001000100010001000100010001000100010001000100010001000100010001000100010001000100010001000100010001000100010001000100010001000100010001000100010001000100010001000100010001001
001000000000000000000000000000000000000000000000000000000000000000000000000000000000000000000000000000000000000000000000000000000000000000000000000000000000000000000000000000000000000000000001
001000000000000000000000000000000000000000000000000000000000000000000000000000000000000000000000000000000000000000000000000000000000000000000000000000000000000000000000000000000000000000000001
001000000000000000000000000000000000000000000000000000000000000000000000000000000000000000000000000000000000000000000000000000000000000000000000000000000000000000000000000000000000000000000001
001000000000000000000000000000000000000010010000000000000000000000000000000000000000000000000000000010100000000000000000000000000000000000000000000000000000000000000000000000000000000000000001
001000000000000000000000000000000000000000010000000000000000000000000000101010001001000000000000000000100000000000000000000000000000000000000000000000000000000000000000000000000000000000000001
001010001001000000000000000000000000000000010000000000000000000000000000001000000001000000000000000000100000000000000000000000000000000000000000000000000000000000000000000000000000000000000001
001000000001000000000000000000000000000000010000000000000000101010001001001000000001000000000000000000100000000000000000000000000000000000000000000000000000000000000000000000000000000000000001
001000000001000000000000000000000000000000010000000000000000001000000001001000000001000000000000000000100000000000000000000000000000000000000000000000000000000000000000000000000000000000000001
001000000001000000000000000000000000000000010000000000000000100100001010001000000001000000000000000000100000000000000000000000000000000000000000000000000000000000000000000000000000000000000001
001000000001000000000000000000000000000000010000000000000000000100000010001000000001000000000000000000100000000000000000000000000000000000000000000000000000000000000000000000000000000000000001
001000000001000000000000000000000000000000010000000000000000000100000010011001000101000000000000000000100000000000000000000000000000000000000000000000000000000000000000000000000000000000000001
001001000101000000000000000000000000000001100100010001000100010001000100010001000100010001000100010001000100010001000100010001000101000000000000000000000000000000000000000000000000000000000001
001000000000000000000000000000000000000000010000000000000000000101000010000000100000000100000000000000100000000000000000000000000000000000000000000000000000000000000000000000000000000000000001
001000000000000000000000000000000000000000010000000000000000000100000010000000100000000100000000000000100000000000000000000000000000000000000000000000000000000000000000000000000000000000000001
001000000000000000000000000000000000000000010000000001100100010001000100010001000100010001000100010001000100010001000100010001000100010001010000000000000000000000000000000000000000000000000001
001000000000000000000000000000000000000000010000000000000000000100000010000000100000000100000000000000100000000000000000000000000000000000000000000000000000000000000000000000000000000000000001
001000000000000000000000000000000000000000010000000000000000000100000010000000100000000100000000000000100000000000000000000000000000000000000000000000000000000000000000000000000000000000000001
001000000000000000000000000000000000000000010000000000000000000100000010000001100100010100000000000000100000000000000000000000000000000000000000000000000000000000000000000000000000000000000001
001000000000000000000000000000000000000000010000000000000000010100000110000000000000000000000000000000100000000000000000000000000000000000000000000000000000000000000000000000000000000000000001
001000000000000000000000000000000000000000010000000000001010100010010000000000000000000000000000000000100000000000000000000000000000000000000000000000000000000000000000000000000000000000000001
001000000000000000000000000000000000000000010000000000000010000000010000000000000000000000000000000000100000000000000000000000000000000000000000000000000000000000000000000000000000000000000001
001000000000000000000000000000000000000000010000000000000010000000010000000000000000000000000000000000100000000000000000000000000000000000000000000000000000000000000000000000000000000000000001
001000000000000000000000000010101000100100010000000000000010000000010000000000000000000000000000000000100000000000000000000000000000000000000000000000000000000000000000000000000000000000000001
001000000000000000000000000000100000000100010000000000000010000000010000000000000000000001100100010001000100010001000100010001000100010001000100010001000100010001000100010001000100010001010001
001000000000000000000000000000100000000100010000000000000010000000010000000000000000000000000000000000100000000000000000000000000000000000000000000000000000000000000000000000000000000000000001
001000000000000000000000000000100000000110101000100010001000100010001000100010001000100010001000100010001000100010001000100010001001000000000000000000000000000000000000000000000000000000000001
001000000000000000000000000000100000000101010000000000000000000000000000000000000000000000000000000001100000000000000000000000000000000000000000000000000000000000000000000000000000000000000001
001000000000000000000000000000100000000100000000000010101000100010001000100010001000100010001000100010001000100010001000100010001000100010010000000000000000000000000000000000000000000000000001
001000000000000000000000000001100100010100000000000000001010100010010000000000000000000000000000000000000000000000000000000000000000000000000000000000000000000000000000000000000000000000000001
001000000000000000000000000000000000000000000000000000000010000000010000000000000000000000000000000000000000000000000000000000000000000000000000000000000000000000000000000000000000000000000001
001000000000000000000000000000000000000000000000000000000010000000010000000000000000000000000000000000000000000000000000000000000000000000000000000000000000000000000000000000000000000000000001
001000000000000000000000000000000000000010101000100100000010000000010000000000000000000000000000000000000000000000000000000000000000000000000000000000000000000000000000000000000000000000000001
001000000000000000000000000000000000000000100000000100000010000000010000000000000000000000000000000000000000000000000000000000000000000000000000000000000000000000000000000000000000000000000001
001000000000000000000000000000000000000000100000000100000010000000010000000000000000000000000000000000000000000000000000000000000000000000000000000000000000000000000000000000000000000000000001
001000000000000000000000000000000000000000100000000100000110010001010000000000000000000000000000000000000000000000000000000000000000000000000000000000000000000000000000000000000000000000000001
001000000000000000000000000000000000000000100000000100000000000000000000000000000000000000000000000000000000000000000000000000000000000000000000000000000000000000000000000000000000000000000001
001000000000000000000000000000000000000000100000000100000000000000000000000000000000000000000000000000000000000000000000000000000000000000000000000000000000000000000000000000000000000000000001
001000000000000000000000000000000000000001100100010100000000000000000000000000000000000000000000000000000000000000000000000000000000000000000000000000000000000000000000000000000000000000000001
001000000000000000000000000000000000000000000000000000000000000000000000000000000000000000000000000000000000000000000000000000000000000000000000000001100100010001000100010001000100010001010001
011001000100010001000100010001000100010001000100010001000100010001000100010001000100010001000100010001000100010001000100010001000100010001000100010001000100010001000100010001000100010001000101
