1010100010001000100010001000100010001000100010001000100010001000100010001000100010001000100010001000100010001000100010001000100010001000100010001000100010001000100010001001
0010000000000000000000000000000000000000000000000000000000000000000000000000000000000000000000000000000000000000000000000000000000000000000000000000000000000000000000000001
0010000000000000000000000000000000000000000000000000000000000000000000000000000000000000000000000000000000000000000000000000000000000000000000000000000000000000000000000001
0010011001000100010001000100010001000100010001000100010100000000000000000000000000000000000000000000000000001010000000000000000000000000000000000000000000000000000000000001
0010000000000000000000000000000000000001000000000000000000000000000000000000000000000000000000000000000000000010000000000000000000000000000000000000000000000000000000000001
0010000000000000000000000000000000000001000000000000000000000000000000000000000000000000000000000000000000000010000000000000000000000000000000000000000000000000000000000001
0010000000000000000000000000000000000001000000000000000000000000000000000000000000000000000000000000000000000010000000000000000000000000000000000000000000000000000000000001
0010101010001000100010001000100010001000100010001000100100000000000000000000000000000000000000000000000000000010000000000000000000000000000000000000000000000000000000000001
0010000000000000000000000000000000000001000000000000000000000000000000000000000000000000000000000000000000000010000000000000000000000000000000000000000000000000000000000001
0010000000000000000000000000000000000001000000000000000000000000000000000000000000000000000000000000000000000010000000000000000000000000000000000000000000000000000000000001
0010000000000000000000000000000000000001000000000000000000000000000000000000000000000000000000000000000000000010000000000000000000000000000000000000000000000000000000000001
0010000000000000000000000000000000000001000000000000000000000000000000000000000000000000000000000000000000000010000000000000000000000000000000000000000000000000000000000001
0010000000000000000000000000000000000001000000000000000000000000000000000000000000000000000000000000000000000010000000000000000000000000000000000000000000000000000000000001
0010000000000000000000000000000000000001000000000000000000000000000000000000000000000000000000000000000000000010000000000000000000000000000000000000000000000000000000000001
0010000000000000000000000000000000000001000000000000000000000000000000000000000000000000000000000000000000000010000000000000000000000000000000000000000000000000000000000001
0010000000000000000000000000000000000001000000000000000000000000000000000000000000000000000000000000000000000010000000000000000000000000000000000000000000000000000000000001
0010000000000000000000000000000000000001000000000000000000000000000000000000000000000000000000000000000000000010000000000000000000000000000000000000000000000000000000000001
0010000000000000000000000000000000000001000000000000000000000000000000000000000000000000000000000000000000000010000000000000000000000000000000000000000000000000000000000001
0010000000000000000000000000000000000001000000000000000000000000000000000000000000000000000000000000000000000010000000000000000000000000000000000000000000000000000000000001
0010000000000000000010101000100100000001000000000000000000000000000000001010100010001000100010001000100100000010000000000000000000000000000000000000000000000000000000000001
0010000000000000000000100000000100000001000000000000000000000000000000000110010001000100010001000100010110010010000000000000000010100000000000000000000000000000000000000001
0010000000000000000000100000000100000001000000000000000000000000000000000000000000000000000000000000000000010010000000000000000000100000000000000000000000000000000000000001
0010000000000000000000100000000100000001000000000000000000000000000000000000000000000000000000000000000000010010000000000000000000100000000000000000000000000000000000000001
0010000000000000000000100000000100000001000000000000000000000000000000000000000000000000000000000000000000010010000000000000000000100000000000000000000000000000000000000001
0010000000000000000000100000000100000001000000000000000000000000000000000000000000000000000000000000000000010010000000001001000000100000000000000000000010100000000000000001
0010000000000000000001100100010100000001000000000000000000000000000000000000000000000000000000000000000000010010000000000001000000100000000000000000000000100000000000000001
0010000000000000000000000000000000000001000000000000000000000000000000000000000000000000000000000000000000010010000000000001101010001001000000000000000000100000000000000001
0010000000000000000000000000000000000001000000000000000000000000000000000000000000000000000000000000000000010010000000000001001000100001000000000000000000100000000000000001
0010000000000000000000000000000000000001000000000000000000000000000000000000000000000000000000000000000000010010000000000001001000100001000000000000000000100000000000000001
0010000000000000000000000000000000000101000000000000000000000000000000000000000000000000000000000000000000010110000000000001001000100001000000000000000000100000000000000001
0010000000000000000000000000000000000000000000000000000000000000000000000000000000000000000000000000000000010000000000000001001000100001000000000000000000100000000000000001
0010000000000000000000000000000000000000000000000000000000000000000000000000000000000000000000000000000000010000000000000001001000100001000000000000000000100000000000000001
0010000000000000000000000000000000000000000000000000000000000000000000000000000000000000000000000000000000010000000000000001011001000101000000000000000000100000000000000001
0010000000000000000000000000000000000000000000000000000000000000000000000000000000000000000000000000000000010000000000000001000000100000000000000000000000100000000000000001
0010000000000000000000000000000000000000000000000000000000000000000000000000000000000000000000000000000001010000000000000001000001100000000000000000000000100000000000000001
0010000000000000000000000000000000000000000000000000000000000000000000000000000000000000000000000000000000000000000000000001000000000000000000000000000000100000000000000001
0010000000000000000000000000000000000000000000000000000000000000000000000000000000000000000000000000000000000000000000000001000000000000000000000000000000100000000000000001
0010000000000000000000000000000000000000000000000000000000000000000000000000000000000000000000000000000000000000000000000001000000000000000000000000000000100000000000000001
0010000000000000000000000000000000000000000000000000000000000000000000000000000000000000000000000000000000000000000000000001000000000000000000000000000000100000000000000001
0010000000000000000000000000000000000000000000000000000000000000000000000000000000000000000000000000000000000000000000000001000000000000000000000000000000100000000000000001
0010000000000000000000000000000000000000000000000000000000000000000000000000000000000000000000000000000000000000000000000101000000000000000000000000000001100000000000000001
0010000000000000000000000000000000000000000000000000000000000000000000000000000000000000000000000000000000000000000000000000000000000000000000000000000000000000000000000001
0010000000000000000000000000000000000000000000000000000000000000000000000000000000000000000000000000000000000000000000000000000000000000000000000000000000000000000000000001
0010000000000000000000000000000000000000000000000000000000000000000000000000000000000000000000000000000000000000000000000000000000000000000000000000000000000000000000000001
0010000000000000000000000000000000000000000000000000000000000000000000000000000000000000000000000000000000000000000000000000000000000000000000000000000000000000000000000001
0110010001000100010001000100010001000100010001000100010001000100010001000100010001000100010001000100010001000100010001000100010001000100010001000100010001000100010001000101
