1010100010001000100010001000100010001000100010001000100010001000100010001000100010001000100010001000100010001000100010001000100010001000100010001000100010001000100010001000100010001001
0010000000000000000000000000000000000000000000000000000000000000000000000000000000000000000010101000100100000000000000000000000000000000000000000000000000000000000000000000000000000001
0010000000000000000000000000000000000000000000000000000000000000000000000000000000000000000000100000000100000000000010101000100100000000000000000000000000000000000000000000000000000001
0010000000000000000000001010100010001001000000000000000000000000000000000000000000000000000000100000000100000000000000100000000100000000000000000000000000000000000000000000000000000001
0010000000000000000000000010000000000001000000000000000000000000000000000000000000000000000000100000000100000000101010001001000100000000000000000000000000000000000000000000000000000001
0010000000000000000000000010000000000001000000000000000000000000000000000000000000000000000000100000000100000000001000100001000100000000000000000000000000000000000000000000000000000001
0010000000000000000000000010000000000001000000000000000000000000000000000000000000000000000000100000000100000000001000100001000100000000000000000000000000000000000000000000000000000001
0010000000000000000001100100010001000100010001000100010001000101000000000000000000000000000001100100010100000000001000100001000100000000000000000000000000000000000000000000000000000001
0010000000000000000000000110010001000101000000000000000000000000000000000000000000000000000000000000000000000000001001100001010100000000000000000000000000000000000000000000000000000001
0010000000000000000010101000100010001000100010001000100010001001000000000000000000000000000000000000000000000000001010100001000000000000000000000000000000000000000000000000000000000001
0010000000000000000000000000000000000000000000000000000000000001000000000000000000000000000000000000000000000000011000100101000000000000000000000000000000000000000000000000000000000001
0010000000000000000000000000000000000000000000000000000000000001000000000000000000000000000000000000000000000000000000100000000000000000000000000000000000000000000000000000000000000001
0010000000000000000000000000000000000000000000000000000000000001000000000000000000000000000000000000000000000000000000100000000000000000000000000000000000000000000000000000000000000001
0010000000000000000000000000000000000000000000000000000000000001000000000000000000000000000000000000000000000000000000100000000000000000000000000000000000000000000000000000000000000001
0010000000000000000000000000000000000000000000000000000000000001000000000000000000000000000000000000000000000000000000100000000000000000000000000000000000000000000000000000000000000001
0010000000000000000000000000000000000000000000000000000000000001000000000000000000000000000000000000000000000000000000100000000000000000000000000000000000000000000000000000000000000001
0010000000000000000000000000000000000000000000000000000000000001000000000000000000000000000000000000000000000000000000100000000000000000000000000000000000000000000000000000000000000001
0010000000000000000000000000000000000000000000000000000000000001000000000000000000000000000000000000000000000000000000100000000000000000000000000000000000000000000000000000000000000001
0010000000000000000000000000000000000000000000000000000000000001000000000000000000000000000000000000000000000000000000100000000000000000000000000000000000000000000000000000000000000001
0010000000000000000000000000000000000000000000000000000000000001000000000000000000000000000000000000000000000000000000100000000000000000000000000000000000000000000000000000000000000001
0010000000000000000000000000000000000000000000000000000010101000100100000000000000000000000000000000000000000000000000100000000000000000000000000000000000000000000000000000000000000001
0010000000000000000000000000000000000000000000000000000000100001000100000000000000000000000000000000000000000000000000100000000000000000000000000000000000000000000000000000000000000001
0010000000000000000000000000000000000000000000000000000000100001000100000000000000000000000000000000000000000000000000100000000000000000000000000000000000000000000000000000000000000001
0010000000000000000000000000000000000000000000000000000000100001000100000000000000000000000000000000000000000000000000100000000000000000000000000000000000000000000000000000000000000001
0010000000000000000000000000000000000000000000000000000000100001000100000000000000000000000000000000000000000000000000100000000000000000000000000000000000000000000000000000000000000001
0010000000000000000000000000000000000000000000000000000000100001000100000000000000000000000000000000000000000000000000100000000000000000000000000000000000000000000000000000000000000001
0010000000000000000000000000000000000000000000000000000001100100010100000000000000000000000000000000000000000000000000100000000010010000000000001010000000000000000000000000000000000001
0010000000000000000000000000000000000000000000000000000000000001000000000000000000000000000000000000000000000000000000100000000000010000000000000010000000000000000000000000000000000001
0010000000000000000000000000000000000000000000000000000000000001000000000000000000000000000000000000000000000000000000100000000000010000000000000010000000000000000000000000000000000001
0010000000000000000000000000000000000000000000000000000000000001000000000000000000000000000000000000000000000000000000100000000000010000000000000010000000000000000000000000000000000001
0010000000000000000000000000000000000000000000000000000000000001000000000000000000000000000000000000000000000000000000100000000000010000000000000010000000000000000000000000000000000001
0010000000000000000000000000000000000000000000000000000000000101000000000000000000000000000000000000000000000000000001100000000000010000000000000010000000000000000000000000000000000001
0010000000000000000000000000000000000000000000000000000000000000000000000000000000000000000000000000000000000000000000000000000000010000000000000010000000000000000000000000000000000001
0010000000000000000000000000000000000000000000000000000000000000000000000000000000000000000000000000000000000000000000000000000000010000000000000010000000000000000000000000000000000001
0010000000000000000000000000000000000000000000000000000000000000000000000000000000000000000000000000000000000000000000000000000000010000000000000010000000000000000000000000000000000001
0010000000000000000000000000000000000000000000000000000000000000000000000000000000000000000000000000000000000000000000000000000000010000000000000010000000000000000000000000000000000001
0010000000000000000000000000000000000000000000000000000000000000000000000000000000000000000000000000000000000000000000000000000000010000000000000010000000000000000000000000000000000001
0010000000000000000000000000000000000000000000000000000000000000000000000000000000000000000000000000000000000000000000000000000000010000000000000010000000000000000000000000000000000001
0010000000000000000000000000000000000000000000000000000000000000000000000000000000000000000000000000000000000000000000000000000001010000000000000110000000000000000000000000000000000001
0010000000000000000000000000000000000000000000000000000000000000000000000000000000000000000000000000000000000000000000000000000000000000000000000000000000000000000000000000000000000001
0010000000000000000000000000000000000000000000000000000000000000000000000000000000000000000000000000000000000000000000000000000000000000000000000000000000000000000000000000000000000001
0010000000000000000000000000000000000000000000000000000000000000000000000000000000000000000000000000000000000000000000000000000000000000000000000000000000000000000000000000000000000001
0110010001000100010001000100010001000100010001000100010001000100010001000100010001000100010001000100010001000100010001000100010001000100010001000100010001000100010001000100010001000101
