10101000100010001000100010001000100010001000100010001000100010001000100010001000100010001000100010001000100010001000100010001000100010001000100010001000100010001000100010001000100010001001
00100000000000000000000000000000000000000000000000000000000000000000000000000000000000000000000000000000000000000000000000000000000000000000000000000000000000000000000000000000000000000001
00100000000000000000000000000000000000000000000000000000000000000000000000000000000000000000000000000000000000000000000000000000000000000000000000000000000000000000000000000000000000000001
00100000000000000000000000000000000000000000000000000000000000000000000000000000000000000000000000000000000000000000000000000000000000000000000000000000000000000000000000000000000000000001
00100000000000000000000000000000000000000000000000000000000000000000000000000000000000000000000000000000000000000000000000000000000000000000000000000000000000000000000000000000000000000001
00100000000000000000000000000000000000000000000000000000000000000000000000000000000000000000000000000000000000000000000000000000000000000000000000000000000000000000000000000000000000000001
00100000000000000000000000000000000000000000000000000000000000000000000000000000000000000000000000000000000000000000000000000000000000000000000000000000000000000000000000000000000000000001
00100000000000000000000000000000000000000000000000000000000000000000000000000000000000000000000000000000000000000000000000000000000000000000000000000000000000000000000000000000000000000001
00100000000000000000000000000000000000000000000000000000000000000000000000000000000000000000000000000000000000000000000000000000000000000000000000000000000000000000000000000000000000000001
00100000000000000000000000000000000000000000000000000000000000000000000000000000000000000000000000000000000000000000000000000000000000000000000000000000000000000000000000000000000000000001
00100000000000000000000000000000000000000000000000000000000000000000000000000000000000000000000000000000000000000000000000000000000000000000000000000000000000000000000000000000000000000001
00100000000000000000000000000000000000000000000010101000100010001000100100000000000000000000000000000000000000000000000000000000000000000000000000000000000000000000000000000000000000000001
00100000000000000000000000000000000000000000000000100000000000000000000110010000000000000000000000000000000000000000000000000000000000000000000000001010000000000000000000000000000000000001
00100000000000000000000000000000000000000000000000100000000000000000000100010000000000000000000000000000000000000000000000000000000000000000000000000010000000000000000000000000000000000001
00100000000000000000000000000000000000000000000001100100010001000100010100010000000000000000000000000000000000000000000000000000000000000000000000000010000000000000000000000000000000000001
00100000000000000000000000000000000000000000000000000000000000000000000000010000000000000000000000000000000000000000000000000000000000000000000000000010000000000000000000000000000000000001
00100000000000000000000000000000000000000000000000000000000000000000000000010000000000000000000000000000000000000000000000000000000000000000000000000010000000000000000000000000000000000001
00100000000000000000000000000000000000000000000000000000000000000000000000010000000000000000000000000000000000000000000000000000000000000000000000000010000000000000000000000000000000000001
00100000000000000000000000000000000000000000000000000000000000000000000000010000000000000000000000000000000000000000000000000000000000000000000000000010000000000000000000000000000000000001
00100000000000000000000000000000000000000000000000000000000000000000000000010000000000000000000000000000000000000000000000000000000000000000000000000010000000000000000000000000000000000001
00100000000000000000000000000000000000000000000000000000000000000000000000010000000000000000000000000000000000000000000000000000000000000000000000000010000000000000000000000000000000000001
00100000000000000000000000000000000000000000000000000000000000000000000000010000000000000000000000000000000000000000000000000000000000000000000000000010000000000000000000000000000000000001
00100000000000000000000000000000000000000000000000000000000010101000100100010000000000000000000000000000000000000000000000000000000000000000000000000010000000000000000000000000000000000001
00100000000000000000000000000000000000000000000000000000000000100000000100010000000000000000000000000000000000000000000000000000000000000000000000000010000000000000000000000000000000000001
00100000000000000000000000000000000000000000000000000000000000100000000100010000000000000000000000000000000000000000000000000000000000000000000000000010000000000000000000000000000000000001
00100000000000000000000000000000000000000000000000000000000000100000000100010000000000000000000000000000000000000000000000000000000000000000000000000010000000000000000000000000000000000001
00100000000000000000000000000000000000000000000000000000000000100000000100010000000000000000000000000000000000000000000000000000000000000000000000000010000000000000000000000000000000000001
00100000000000000000000000000000000000000000000000000000000000100000000100010000000000000000000000000000000000000000000000000000000000000000000000000010000000000000000000000000000000000001
00100000000000000000000000000000000000000000000000000000000001100100010100010000000000000000000000000000000000000000000000000000000000000000000000000010000000000000000000000000000000000001
00100000000000000000000000000000000000000000000000000000000000000000000000010000000000000000000000000000000000000000000000000000000000000000000000000010000000000000000000000000000000000001
00100000000000000000000000000000000000000000000000000000000000000000000000010000000000000000000000000000000000000000000000000000000000000000000000000010000000000000000000000000000000000001
00100000000000000000000000000000000000000000000000000000000000000000000000010000000000000000000000000000000000000000000000000000000000000000000000000010000000000000000000000000000000000001
00100000000000000000000000000000000000000000000000000000000000000000000000010000000000000000000000000000000000000000000000000000000000000000000000000010000000000000000000000000000000000001
00100000000000000000000000000000000000000000000000000000000000000000000000010000000000000000000000000000000000000000000000000000000000000000000000000010000000000000000000000000000000000001
00100000000000000000000000000000000000000000000000000000000010101000100100010000000000000000000000000000000000000000000000000000000000000000000000000010000000000000000000000000000000000001
00100000000000000000000000000000000000000000000000000000000000100000000100010000000000000000000000000000000000000000000000000000000000000000000000000010000000000000000000000000000000000001
00100000000000000000000000000000000000000000000000000000000000100000000100010000000000000000000000000000000000000000000000000000000000000000000000000010000000000000000000000000000000000001
00100000000000000000000000000000000000000000000000000000000000100000000100010000000000000000000000000000000000000000000000000000000000000000000000000010000000000000000000000000000000000001
00100000000000000000000000000000000000000000000000000000000000100000000100010000000000000000000000000000000000000000000000000000000000000000000000000010000000000000000000000000000000000001
00100000000000000000000000000000000000000000000000000000000000100000000101010000000000000000000000000000000000000000000000000000000000000000000000000110000000000000000000000000000000000001
00100000000000000000000000000000000000000000000000000000000001100100010100000000000000000000000000000000000000000000000000000000000000000000000000000000000000000000000000000000000000000001
01100100010001000100010001000100010001000100010001000100010001000100010001000100010001000100010001000100010001000100010001000100010001000100010001000100010001000100010001000100010001000101
