1010100010001000100010001000100010001000100010001000100010001000100010001000100010001000100010001000100010001000100010001000100010001000100010001000100010001000100010001001
0010000000001010100010010000000000000000000000000000000000000000000000000000000000000000000000000000000000000000000000000000000000000000000000000000000000000000000000000001
0010000000000010000000010000000000000000000000000000000000000000000000000000000000000000000000000000000000000000000000000000000000000000101010001001000000000000000000000001
0010000000000010000000010000000000000000000000000000000000000000000000000000000000000000000000000000000000000000000000000000000000000000001000000001000000000000000000000001
0010000000000010000000010000000000000000000000000000000000000000000000000000000000000000000000000000000000000000000000000000000000000000001000000001000000000000000000000001
0010000000000010000000010000000000000000000000000000000000000000000000000000000010101000100100000000000000000000000000000000000000000000001000000001000000000000000000000001
0010000000000010000000010000000000000000101010001001000000000000000000000000000000100000000100000000000000000000000000000000000000001010001000000001000000000000000000000001
0010000000000110010001010000000000000000001010101000100100000000000000000000000000100000000100000000000010101000100100000000000000000010001000000001000000000000000000000001
0010000000000000000010101000100100000000001000100001000110010000000000000000000000101010000100000000000000100000000100000000000000000010011001000101000000000000000000000001
0010000000000000000000100000011001000100010001000100010001000100010001000100010001000100010001000100010001000100010001010000000000000010000000000000000000000000000000000001
0010000000000000000000100000000100000000001000100001000100010000000000000000000000100010000100000000000000100000000100000000000000000010000000000000000000000000000000000001
0010000000000000000000100000000100000000001000100001000100010000000000000000000001100010010100000000000000100000000100000000000000000010000000000000000000000000000000000001
0010000000000000000000100000000100000000011000100001000100010000000000000000000000000010000000000000000000100000000100000000000000000010000000000000000000001010100010010001
0010000000000000000000100000000100000000000001100100010100010000000000000000000000000010000000000000000001100100010100000000000000000010000000000000000000000010000000010001
0010000000000000000001100100010100000000000000000110010001000100010001000100010001000100010001000100010001000100010001000101000000000010000000000000000000000010000000010001
0010000000000000000000000000000000000000000000000001000000010000000000000000000000000010000000000000000000000000000000000000000000000010000000000000000000000010000000010001
0010000000000000000000000000000000000000000000000001000000010000000000000000000000000010000000000000000000000000000000000000000000000010000000000000000000000010000000010001
0010000000000000000000000000000000000000000000000001000000010000000000000000000000000010000000000000000000000000000000000000000000000010000000000000000000000010000000010001
0010000000000000000000000000000000000000000000000001000000010000000000000000000000000010000000000000000000000000000000000000000000000010000000000000000000000110010001010001
0010000000000000000000000000000000000000000000000001000000010000000000000000000000000010000000000000000000000000000000000000000000000010000000000000000000000000000000000001
0010000000000000000000000000000000000000000000000001000000010000000000000000000000000010000000000000000000000000000000000000000000000010000000000000000000000000000000000001
0010000000000000000000000000000000000000000000000001000000010000000000000000000000000010000000000000000000000000000000000000000000000010000000000000000000000000000000000001
0010000000000000000000000000000000000000000000000001000000010000000000000000000000000010000000000000000000000000000000000000000000000010000000000000000000000000000000000001
0010000000000000000000000000101010001000100010001000100010001000100010001000100010001000100010001000100010001000100010010000000000000010000000000000000000000000000000000001
0010000000000000000000000000000000000000000000001010100010001000100010001000100010001000100010001000100010001000100010001001000000000010000000000000000000000000000000000001
0010000000000000000000000000000000000000000000000001000000000000000000000000000000000000000000000000000000000000000000000000000000000010000000000000000000000000000000000001
0010000000000000000000000000000000000000000000000001000000000000000000000000000000000000000000000000000000000000000000000000000000000010000000000000000000000000000000000001
0010000000000000000000000000000000000000000000000001000000000000000000000000000000000000000000000000000000000000000000000000000000000010000000000000000000000000000000000001
0010000000000000000000000000000000000000000000000001000000000000000000000000000000000000000000000000000000000000000000000000000000000010000000000000000000000000000000000001
0010000000000000000000001010100010010000000000000001000000000000000000000000000000000000000000000000000000000000000000000000000000000010000000000000000000000000000000000001
0010000000000000000000000010000000010000000000000001000000000000000000000000000010101000100100000000000000000000000000000000000000000010000000000000000000000000000000000001
0010000000000000000000000010000000010000000000000001000000000000000000000000000000100000000100000000000000000000000000000000000000000010000000000000000000000000000000000001
0010000000000000000000000010000000010000000000000001000000000000000000000000000000100000000100000000000000000000000000000000000000000010000000000000000000000000000000000001
0010000000000000000000000010000000010000000000000001000000000000000000000000000000100000000100000000000000000000000000000000000000000010000000000000000000000000000000000001
0010000000000000000000000010000000010000000000000001000000000000000000000000000000100000000100000000000000000000000000000000000000000010000000000000000000000000000000000001
0010000000000000000000000110010001010000000000000101000000000000000000000000000000100000000100000000000000000000000000000000000000000110000000000000000000000000000000000001
0010000000000000000000000000000000000000000000000000000000000000000000000000000001100100010100000000000000000000000000000000000000000000000000000000000000000000000000000001
0010000000000000000000000000000000000000000000000000000000000000000000000000000000000000000000000000000000000000000000000000000000000000000000000000000000000000000000000001
0010000000000000000000000000000000000000000000000000000000000000000000000000000000000000000000000000000000000000000000000000000000000000000000000000000000000000000000000001
0010000000000000000000000000000000000000000000000000000000000000000000000000000000000000000000000000000000000000000000000000000000000000000000000000000000000000000000000001
0010000000000000000000000000000000000000000000000000000000000000000000000000000000000000000000000000000000000000000000000000000000000000000000000000000000000000000000000001
0010000000000000000000000000000000000000000000000000000000000000000000000000000000000000000000000000000000000000000000000000000000000000000000000000000000000000000000000001
0010000000000000000000000000000000000000000000000000000000000000000000000000000000000000000000000000000000000000000000000000000000000000000000000000000000000000000000000001
0010000000000000000000000000000000000000000000000000000000000000000000000000000000000000000000000000000000000000000000000000000000000000000000000000000000000000000000000001
0010000000000000000000000000000000000000000000000000000000000000000000000000000000000000000000000000000000000000000000000000000000000000000000000000000000000000000000000001
0110010001000100010001000100010001000100010001000100010001000100010001000100010001000100010001000100010001000100010001000100010001000100010001000100010001000100010001000101
