1010100010001000100010001000100010001000100010001000100010001000100010001000100010001000100010001000100010001000100010001000100010001000100010001000100010001000100010001001
0010000000000000000000000000000000000000000000000000000000000000000000100000000100000000000000000000000000000000000000000000000000000000000000000000000000000000000000000001
0010000000000000000000000000000010011010000000000000000000000000000000100000000100000000000000000000000000000000000000000000000000000000000000000000000000000000000000000001
0010000000000000000000000000000000010010000000000000000000000000000000100000000100000000000000000000000000000000000000000000000000000000000000000000000000000000000000000001
0010000000000000000000000000000000010010100100000000000000000000101000100000000100000000000000000000000000000000000000000000000000000000000000000000000000000000000000000001
0010000000000000000000000000000000010010000100000000000000000000001000100000000100000000000000000000000000000000000000000000000000000000000000000000000000000000000000000001
0010000000000000000000000000000000010010000100001001000000000000001001100100010100000000000000001010000000000000000000000000000000000000000000000000000000000000000000000001
0010000000000000000000000000000000010010000100000001000000000000001000000000000000000000000000000010000000000000000000000000000000000000000000000000000000000000000000000001
0010000000000000000000000000000000010010000100000001000000000000001000000000000000000000000000000010000000000000000000000000000000000000000000000000000000000000000000000001
0010000000000000000000000000000000010010000100000001000000000000001010101000100100000000000000000010000000000000000000000000000000000000000000000000000000000000000000000001
0010000000000000000000000000000000010010000100000001000000000000001000100000000100000000000000000010000000000000000000000000000000000000000000000000000000000000000000000001
0010000000000000000000000000000001010110000100000001000000000000001000100000000100000000000000000010000000000000000000000000000000000000000000000000000000000000000000000001
0010000000000000000000000000000000000000000100000001000000000000001000100000000100000000000000000010000000000000000000000000000000000000000000000000000000000000000000000001
0010000000000000000000000000000000000000000100000001000000000000001000100000100100000000000000000010000000000000000010100000000000000000000000000000000000000000000000000001
0010000000000000000000000000000000000000000100000001000000000000001000100000000100000000000000000010000000000000000000100000000000000000000000000000000000000000000000000001
0010000000000000000000000000000000000000000100000001000000000000001001100100000100000000000000000010000000000000000000100000000000000000000000000000000000000000000000000001
0010000000000000000000000000000000000000000100000001000000000000001000000000000100000000000000000010000000000000000000100000000000000000000000000000000000000000000000000001
0010000000000000000000000000000000000000000100000001000000000000001000000000000100000000000000000010000000000000000000100000000000000000000000000000000000000000000000000001
0010000000000000000000000000000000000000010100000001000000000000011000000000000100000000000000000010000000000000000000100000000000000000000000000000000000000000000000000001
0010000000000000000000000000000000000000000000000001000000000000000000000000000100000000000000000010000000000000000000100000000000000000000000000000000000000000000000000001
0010000000000000000000000000000000000000000000000001000000000000000000000000000100000000000000000010000000000000000000100000000000000000000000000000000000000000000000000001
0010000000000000000000000000000000000000000000000001000000000000000000000000000100000000000000000010000000000000000000100000000000000000000000000000000000000000000000000001
0010000000000000000000000000000000000000000000000001000000000000000000000000000100000000000000000010000000000000000000100000000000000000000000000000000000000000000000000001
0010000000000000000000000000000000000000000000000001000000000000000000000000000100000000000000000010000000000000000000100000000000000000000000000000000000000000000000000001
0010000000000000000000000000000000000000000000000001000000000000000000000000000100000000000000000010000000000000000000100000000000000000000000000000000000000000000000000001
0010000000000000000000000000000000000000000000000001000000000000000000000000000100000000000000001010100010001000100010001000100100000000000000000000000000000000000000000001
0010000000000000000000000000000000000000000000000101000000000000000000000000000100000000000000000110010001000100010001000100010100000000000000000000000000000000000000000001
0010000000000000000000000000000000000000000000000000000000000000000000000000000100000000000000000000000000000000000000100000000000000000000000000000000000000000000000000001
0010000000000000000000000000000000000000000000000000000000000000000000000000000100000000000000000000000000000000000000100000000000000000000000000000000000000000000000000001
0010000000000000000000000000000000000000000000000000000000000000000000000000000100000000000000000000000000000000000000100000000000000000000000000000000000000000000000000001
0010000000000000000000000000000000000000000000000000000000000000000000000000000100000000000000000000000000000000000000100000000000000000000000000000000000000000000000000001
0010000000000000000000000000000000000000000000000000000000000000000000000000010100000000000000000000000000000000000001100000000000000000000000000000000000000000000000000001
0010000000000000000000000000000000000000000000000000000000000000000000000000000000000000000000000000000000000000000000000000000000000000000000000000000000000000000000000001
0010000000000000000000000000000000000000000000000000000000000000000000000000000000000000000000000000000000000000000000000000000000000000000000000000000000000000000000000001
0010000000000000000000000000000000000000000000000000000000000000000000000000000000000000000000000000000000000000000000000000000000000000000000000000000000000000000000000001
0010000000000000000000000000000000000000000000000000000000000000000000000000000000000000000000000000000000000000000000000000000000000000000000000000000000000000000000000001
0010000000000000000000000000000000000000000000000000000000000000000000000000000000000000000000000000000000000000000000000000000000000000000000000000000000000000000000000001
0010000000000000000000000000000000000000000000000000000000000000000000000000000000000000000000000000000000000000000000000000000000000000000000000000000000000000000000000001
0010000000000000000000000000000000000000000000000000000000000000000000000000000000000000000000000000000000000000000000000000000000000000000000000000000000000000000000000001
0010000000000000000000000000000000000000000000000000000000000000000000000000000000000000000000000000000000000000000000000000000000000000000000000000000000000000000000000001
0010000000000000000000000000000000000000000000000000000000000000000000000000000000000000000000000000000000000000000000000000000000000000000000000000000000000000000000000001
0010000000000000000000000000000000000000000000000000000000000000000000000000000000000000000000000000000000000000000000000000000000000000000000000000000000000000000000000001
0010000000000000000000000000000000000000000000000000000000000000000000000000000000000000000000000000000000000000000000000000000000000000000000000000000000000000000000000001
0010000000000000000000000000000000000000000000000000000000000000000000000000000000000000000000000000000000000000000000000000000000000000000000000000000000000000000000000001
0010000000000000000000000000000000000000000000000000000000000000000000000000000000000000000000000000000000000000000000000000000000000000000000000000000000000000000000000001
0110010001000100010001000100010001000100010001000100010001000100010001000100010001000100010001000100010001000100010001000100010001000100010001000100010001000100010001000101
