10101000100010001000100010001000100010001000100010001000100010001000100010001000100010001000100010001000100010001000100010001000100010001000100010001000100010001001
00100000000000000000000000000000000000000000000000000000000000000000000000000000000000000000000000000000000000000000000000000000000000000000000000000000000000000001
00100000000000000000000000000000100100000000000000000000000000000000000000000000000000000000000000000000000000000000000000000000000000000000000000000000000000000001
00100110010001000100010001000100010001000100010001010000000000000000000000000000000000000000000000000000000000000000000000000000000000000000000000000000000000000001
00100000000000000000000000000000000100000000000000000000000000000000000000000000000000000000000000000000000000000000000000000000000000000000000000000000000000000001
00100000000000000000000000000000000100000000000000000000000000000000000000000000000000000000000000000000000000000000000000000000000000000000000000000000000000000001
00101010100010001000100010001000100010001000100010010000000000000000000000000000000000000000000000000000000000000000000000000000000000000000000000000000000000000001
00100000000000000000000000000000000100000000000000000000000000000000000000000000000000000000000000000000000000000000000000000000000000000000000000000000000000000001
00100000000000000000000000000000000100000000000000000000000000000000000000000000000000000000000000000000000000000000000000000000000000000000000000000000000000000001
00100000000000000000000000000000000100000000000000000000000000000000000000000000000000000000000000000000000000000000000000000000000000000000000000000000000000000001
00100000000000000000000000000000010100000000000000000000000000001001000000000000000000000000000000000000000000000000000000000000101000000000000000000000000000000001
00100000000000000000000000000000000000000000000000000000000000000001000000000000000000000000000000000000000000000000000000000000001000000000000000000000000000000001
00100000000000000000000000000000000000000000000000000000000000000001000000000000000000000000000000000000000000000000000000000000001000000000000000000000000000000001
00100000000000000000101010001001000000000000000000000000000000000001000000000000000000000000000000000000000000000000000000000000001000000000000000000000000000000001
00100000000000000000001000000001000000000000000000000000000000000001000000000000000000000000000000000000000000000000000000000000001000000000000000000000000000000001
00100000000000000000001000000001000000000000000000000000000000000001000000000000000000000000000000000000000000000000000000000000001000000000000000000000000000000001
00100000000000000000001000000001000000000000000000000000000000000001000000000000000000000000000000000000000000000000000000000000001000000000000000000000000000000001
00100000000000000000001000000001000000000000000000000000000000000001000000000000000000000000000000000000000000000000000000000000001000000000000000000000000000000001
00100000000000000000001000000001000000000000000000000000000000000001000000000000000000000000000000000000000000000000000000000000001000000000000000000000000000000001
00100000000000000000011001000101000000000000000000000000000000000001000000000000000000000000000000000000000000000000000000000000001000000000000000000000000000000001
00100000000000000000000000000000000000000000000000000000000000000001000000000000000000000000000000000000000000000000000000000000001010101000100100000000000000000001
00100000000000000000000000000000000000000000000000000000000000000001000000000000000000000000000000000000000000000000000000000000001000100000000100000000000000000001
00100000000000000000000000000000000000000000000000000000000000000001000000000000000000000000000000000000000000000000000000000000001000100000000100000000000000000001
00100000000000000000000000000000000000000000000000000000000000000001000000000000000000000000000000000000000000000000000000000000001000100000000100000000000000000001
00100000000000000000000000000000000000000000000000000000000000000001000000000000000000000000000000000000000000000000000000001010100010010000000100000000000000000001
00100000000000000000000000000000000000000000000000000000000000000001000000000000000000000000000000000000000000000000000000000010001000010000000100000000000000000001
00100000000000000000000000000000000000000000000000000000000000000001000000000000000000000000000000000000000000000000000000000010001000010100010100000000000000000001
00100000000000000000000000000000000000000000000000000000000000000001000000000000000000000000000000000000000000000000000000000010001000010000000000000000000000000001
00100000000000000000000000000000000000000000000000000000000000000001000000000000000000000000000000000000000000000000000000000010001000010000000000000000000000000001
00100000000000000000000000000000000000000000000000000000000000000001000000000000000000000000000000000000000000000000000000000010001000010000000000000000000000000001
00100000000000000000000000000000000000000000000000000000000000000001000000000000000000000000000000000000000000000000000000000110101010001001000000000000000000000001
00100000000000000000000000000000000000000000000000000000000000000001000000000000000000000000000000000000000000000000000000000000001000000001000000000000000000000001
00100000000000000000000000000000000000000000000000000000000000000001000000000000000000000000000000000000000000000000000000000000001000000001101010001001000000000001
00100000000000000000000000000000000000000000000000000000000000000001000000000000000000000000000000000000000000000000000000000000001000000001001000000001000000000001
00100000000000000000000000000000000000000000000000000000000000000101000000000000000000000000000000000000000000000000000000000000001000000001001000000001000000000001
00100000000000000000000000000000000000000000000000000000000000000000000000000000000000000000000000000000000000000000000000000000001000000001001000000001000000000001
00100000000000000000000000000000000000000000000000000000000000000000000000000000000000000000000000000000000000000000000000000000011001000101001000000001000000000001
00100000000000000000000000000000000000000000000000000000000000000000000000000000000000000000000000000000000000000000000000000000000000000000001000000001000000000001
00100000000000000000000000000000000000000000000000000000000000000000000000000000000000000000000000000000000000000000000000000000000000000000011001000101000000000001
00100000000000000000000000000000000000000000000000000000000000000000000000000000000000000000000000000000000000000000000000000000000000000000000000000000000000000001
00100000000000000000000000000000000000000000000000000000000000000000000000000000000000000000000000000000000000000000000000000000000000000000000000000000000000000001
00100000000000000000000000000000000000000000000000000000000000000000000000000000000000000000000000000000000000000000000000000000000000000000000000000000000000000001
00100000000000000000000000000000000000000000000000000000000000000000000000000000000000000000000000000000000000000000000000000000000000000000000000000000000000000001
00100000000000000000000000000000000000000000000000000000000000000000000000000000000000000000000000000000000000000000000000000000000000000000000000000000000000000001
00100000000000000000000000000000000000000000000000000000000000000000000000000000000000000000000000000000000000000000000000000000000000000000000000000000000000000001
00100000000000000000000000000000000000000000000000000000000000000000000000000000000000000000000000000000000000000000000000000000000000000000000000000000000000000001
00100000000000000000000000000000000000000000000000000000000000000000000000000000000000000000000000000000000000000000000000000000000000000000000000000000000000000001
01100100010001000100010001000100010001000100010001000100010001000100010001000100010001000100010001000100010001000100010001000100010001000100010001000100010001000101
