101010001000100010001000100010001000100010001000100010001000100010001000100010001000100010001000100010001000100010001000100010001000100010001000100010001001
001000000000000000000000000000000000000000000000000000000000000010101000100100000000000000000000000000000000000000000000000000000000000000000000000000000001
001000000000000000000000000000000000000000000000000000000000000000100000000100000000000000000000000000000000000000000000000000000000000000000000000000000001
001000000000000000000000000000000000000000000000000000000000000000100000000100000000000000000000000000000000000000000000000000000000000000000000000000000001
001000000000000000000000000000000000000000000000000000000000000000100000000100000000000000000000000000000000000000000000000000000000000000000000000000000001
001000000000000000000000000000000000000000000000000000000000000000100000000100000000000000000000000000000000000000000000000000000000000000000000000000000001
001000000000000000000000000000000000000000000000000000000000000000100000000100000000000000000000000000000000000000000000000000000000000000000000000000000001
001000000000000000000110010001000100010001000100010001000100010001000100010001000100010001000101000000000000000000000000000000000000000000000000000000000001
001000000000000000000000000000000000000000000000000000000000000000000000000000000000000000000000000000000000000000000000000000000000000000000000000000000001
001000000000000000000000000000000000000000000000000000000000000000000000000000000000000000000000000000000000000000000000000000000000000000000000000000000001
001000000000000000000000000000000000000000000000000000000000000000000000000000000000000000000000000000000000000000000000000000000000000000000000000000000001
001000000000000000000000000000000000000000000000000000000000000000000000000000000000000000000000000000000000000000000000000000000000000000000000000000000001
001000000000000000000000000000000000000000000000000000000000000000000000000000000000000000000000000000000000000000000000000000000000000000000000000000000001
001000000000000000000000000000000000000000000000000000000000000000000000000000000000000000000000000000000000000000000000000000000000000000000000000000000001
001000000000000000000000000000000000000000000000000000000000000000000000000000000000000000000000000000000000000000000000000000000000000000000000000000000001
001010001001000000000000000000000000000000000000000000000000000000000000000000000000100100000000000000000000000000000000000000000000101000000000000000000001
001000000001000000000000000000000000000000000000000000000000000000000000000000000000000100000000000000000000000000000000000000000000001000000000000000000001
001000000001000000001010100010001000100010001000100010001000100010001000100010001000100010001001000000000000000000000000000000000000001000000000000000000001
001000000001000000000000000000000000000000000000000000000000000000000000000000000000000100000000000000000000000000000000000000000000001000000000000000000001
001000000001000000000000000000000000000000000000000000000000000000000000000000000000000100000000000000000000000000000000000000000000001000000000000000000001
001000000001000000000000000000000000000000000000000000000000000000000000000000000000000100000000000000000000000000000000000000000000001000000000000000000001
001001000101000000000000000000000000000000000000000000000000000000000000000000000000000100000000000000000000000000000000000000000000001000000000000000000001
001000000000000000000000000000000000000000000000000000000000000000000000000000000000000100000000000000000000000000000000000000000000001000000000000000000001
001000000000000000000000000000000000000000000000000000000000000000000000000000000000000100000000000000000000000000000000000000000000001000000000000000000001
001000000000000000000000000000000000000000000000000000000000000000000000000000000000000100000000000010101000100010001000100100000000001000000000000000000001
001000000000000000000000000000000000000000000000000000000000000000000000000000000000000100000000000000100000000000000000000100000000001000000000000000000001
001000000000000000000000000000000000000000000000000000000000000000000000000000000000000100000000000000100000000000000000000100001001001000001010000000000001
001000000000000000000000000000000000000000000000000000000000000000000000000000000000000100000000000001100100010001000100010100000001001000000010000000000001
001000000000000000000000000000000000000000000000000000000000000000000000000000000000000100000000000000000000000000000000000000000001001000000010000000000001
001000000000000000000000000000000000000000000000000000000000000000000000000000000000000100000000000000000000000000000000000000000001001000000010000000000001
001000000000000000000000000000000000000000000000000000000000000000000000000000000000000100000000000000000000000000000000000000000001001000000010000000000001
001000000000000000000000000000000000000000000000000000000000000000000000000000000000000100000000000000000000000000000000000000000001001000000010000000000001
001000000000000000000000000000000000000000000000000000000000000000000000000000000000000100000000000000000000000000000000000000000001001000000010000000000001
001000000000000000000000000000000000000000000000000000000000000000000000000000000000000100000000000000000000000000000000000000000001001000000010000000000001
001000000000000000000000000000000000000000000000000000000000000000000000000000000000000100000000000000000000000000000000000000000001001000000010000000000001
001000000000000000000000000000000000000000000000000000000000000000000000000000000000010100000000000000000000000000000000000000000001011000000010000000000001
001000000000000000000000000000000000000000000000000000000000000000000000000000000000000000000000000000000000000000000000000000000001000000000010000000000001
001000000000000000000000000000000000000000000000000000000000000000000000000000000000000000000000000000000000000000000000000000000101000000000110000000000001
001010001001000000000000000000000000000000000000000000000000000000000000000000000000000000000000000000000000000000000000000000000000000000000000000000000001
001000000001000000000000000000000000000000000000000000000000000000000000000000000000000000000000000000000000000000000000000000000000000000000000000000000001
001000000001000000000000000000000000000000000000000000000000000000000000000000000000000000000000000000000000000000000000000000000000000000000000000000000001
001000000001000000000000000000000000000000000000000000000000000000000000000000000000000000000000000000000000101010001001000000000000000000000000000000000001
001000000001000000000000000000000000000000000000000000000000000000000000000000000000000000000000000000000000001000000001000000000000000000000000000000000001
001000000001000000000000000000000000000000000000000000000000000000000000000000000000000000000000000000000000101010001001000000000000000000000000000000000001
001001000101000000000000000000000000000000000000000000000000000000000000000000000000000000000000000000000000001000000001000000000000000000000000000000000001
001000000000000000000000000000000000000000000000000000000000000000000000000000000000000000000000000000000000001000000001000000000000000000000000000000000001
001000000000000000000000000000000000000000000000000000000000000000000000000000000000000000000000000000000000001000000001000000000000000000000000000000000001
001000000000000000000000000000000000000000000000000000000000000000000000000000000000000000000000000000000000001001000001000000000000000000000000000000000001
001000000000000000000000000000000000000000000000000000000000000000000000000000000000000000000000000000000000001000000001000000000000000000000000000000000001
001000000000000000000000000000000000000000000000000000000000000000000000000000000000000000000000000000000000011001000101000000000000000000000000000000000001
011001000100010001000100010001000100010001000100010001000100010001000100010001000100010001000100010001000100010001000100010001000100010001000100010001000101
