101010001000100010001000100010001000100010001000100010001000100010001000100010001000100010001000100010001000100010001000100010001000100010001000100010001000100010001000100010001000100010001001
001000000000000000000000000010010000000000000000000000000000000000000000000000000000000000000000000000000000000000000000000000000000000000001010000000000000000000000000000000000000000000000001
001000000000000000000000000000010000000000000000000000000000000000000000000000000000000000000000000000000000000000000000000000000000000000000010000000000000000000000000000000000000000000000001
001000000000000000000000000000010000000000000000000000000000000000000000000000000000000000000000000000000000000000000000000000000000000000000010000000000000000000000000000000000000000000000001
001000000000000000000000000000010000000000000000000000000000000000000000000000000000000000000000000000000000000000000000000000000000000000000010000000000000000000000000000000000000000000000001
001000000000000000000000000000010000000000000000000000000000000000000000000000000000000000000000000000000000000000000000000000000000000000000010000000000000000000000000000000000000000000000001
001000000000000000000000000000010000000000000000000000000000000000000000000000000000000000000000000000000000000000000000000000000000000000000010000000000000000000000000000000000000000000000001
001000000000000000000000000000010000000000000000000000000000000000000000000000000000000000000000000000000000000000000000000000000000000000000010000000000000000000000000000000000000000000000001
001000000000000000000000101010001001000000000000000000001001000000000000000000000000000000000000000000000000101000000000000000000000000000000010000000000000000000000000000000000000000000000001
001000000000000000000000001000010001000000000000000000000001000000000000000000000000000000000000000000000000001000000000000000000000000000000010000000000000000000000000000000000000000000000001
001000000000000000000000001000010110010001000100010001000100010001000100010001000100010001000100010001000100010001000101000000000000000000000010000000000000000000000000000000000000000000000001
001000000000000000000000001000010001000000000000000000000001000000010000000000000000000000000000000000000000001000000000000000000000000000000010000000000000000000000000000000000000000000000001
001000000000000000000000001000010001000000000000000000000001000000010000000000000000000000000000000000000000001000000000000000000000000000000010000000000000000000000000000000000000000000000001
001000000000000000000000001000010001000000000000000000000001000000010000000000000000000000000000000000000000001000000000000000000000000000000010000000000000000000000000000000000000000000000001
001000000000000000000000011001000101000000000000000000000001000000010000000000000000000000000000000000000000001000000000000000000000000000000010000000000000000000000000000000000000000000000001
001000000000000000000000000000010000000000000000000000000001000000010000000000000000000000000000000000000000001000000000000000000000000000000010000000000000000000000000000000000000000000000001
001000000000000000000000000000010000000000000000000000000001000000010000000000000000000000000000000000000000001000000000000000000000000000000010000000000000000000000000000000000000000000000001
001000000000000000000000000000010000000000000000000000000001000000010000000000000000000000000000000000000000001000000000000000000000000000000010000000000000000000000000000000000000000000000001
001000000000000000000000000000010000000000000000000000000001000000010000000000000000000000000000000000000000001000000000000000000000000000000010000000000000000000000000000000000000000000000001
001000000000000000000000000000010000000000000000000000000001000000010000000000000000000000000000000000000000001000000000000000000000000000000010000000000000000000000000000000000000000000000001
001000000000000000000000000000010000000000000000000000000001000000010000000000000000000000000000000000000000001000000000000000000000000000000010000000000000000000000000000000000000000000000001
001000000000000000000000000000010000000000000000000000000001000000010000000000000000000000000000000000000000001000000000000000000000000000000010000000000000000000000000000000000000000000000001
001000000000000000000000000000010000000000000000000000000001000000010000000000000000000000000000000000000000001000000000000000000000000000000010000000000000000000000000000000000000000000000001
001000000000000000000000000000011010100010001000100010001000100010001000100010001000100010001000100010001000100010001001000000000000000000000010000000000000000000000000000000000000000000000001
001000000000000000000000000000010000000000000000000000000001000000010000000000000000000000000000000000000000001000000000000000000000000000000010000000000000000000000000000000000000000000000001
001000000000000000000000000000010000000000000000000000000001000000010000000000000000000000000000000000000000001000000000000000000000000000000010000000000000000000000000000000000000000000000001
001000000000000000000000000000010000000000000000000000000001000000010000000000000000000000000000000000000000001000000000000000000000000000000010000000000000000000000000000000000000000000000001
001000000000000000000000000000010000000000000000000000000001000000010000000000000000000000000000000000000000001000000000000000000000000000000010000000000000000000000000000000000000000000000001
001000000000000000000000000000010000000000000000000000000001000000010000000000000000000000000000000000000000001000000000000000000000000000000010000000000000000000000000000000000000000000000001
001000000000000000000000000000010000000000000000000000000101000001010000000000000000000000000000000000000000011000000000000000000000000000000010000000000000000000000000000000000000000000000001
001000000000000000000000000000010000000000000000000000000000000000000000000000000000000000000000000000000000000000000000000000000000000000000010000000000000000000000000000000000000000000000001
001000000000000000000000000000010000000000000000000000000000000000000000000000000000000000000000000000000000000000000000000000000000000000000010000000000000000000000000000000000000000000000001
001000000000000000000000000000010000000000000000000000000000000000000000000000000000000000000000000000000000000000000000000000000000000000000010000000000000000000000000000000000000000000000001
001000000000000000000000000000010000000000000000000000000000000000000000000000000000000000000000000000000000000000000000000000000000000000000010000000000000000000000000000000000000000000000001
001000000000000000000000000000010000000000000000000000000000000000000000000000000000000000000000000000000000000000000000000000000000000000000010000000000000000000000000000000000000000000000001
001000000000000000000000000000010000000000000000000000000000000000000000000000000000000000000000000000000000000000000000000000000000000000000010000000000000000000000000000000000000000000000001
001000000000000000000000000000010000000000000000000000000000000000000000000000000000000000000000000000000000000000000000000000000000000000000010000000000000000000000000000000000000000000000001
001000000000000000000000000001010000000000000000000000000000000000000000000000000000000000000000000000000000000000000000000000000000000000000110000000000000000000000000000000000000000000000001
001000000000000000000000000000000000000000000000000000000000000000000000000000000000000000000000000000000000000000000000000000000000000000000000000000000000000000000000000000000000000000000001
001000000000000000000000000000000000000000000000000000000000000000000000000000000000000000000000000000000000000000000000000000000000000000000000000000000000000000000000000000000000000000000001
011001000100010001000100010001000100010001000100010001000100010001000100010001000100010001000100010001000100010001000100010001000100010001000100010001000100010001000100010001000100010001000101
