101010001000100010001000100010001000100010001000100010001000100010001000100010001000100010001000100010001000100010001000100010001000100010001001
001000000000000000000000000000000000000000000000000000000000000000000000000000000000000000000000000000000000000000000000000000000000000000000001
001000000000000010101000100100000000000000000000000000000000000000000000000000000000000000000000000000000000000000000000000000000000000000000001
001000000000000000100000000100000000000000000000000000000000000000000000000000000000000000000000000000000000000000000000000000000000000000000001
001000000000000000100000101010001010100010010000000000000000000000000000000000000000000000000000000000000000000000000000000000000000000000000001
001000000000000000100000001000000010000000010000000000000000000000000000000000000000000000000000000000000000000000000000000000000000000000000001
001000000000000000100000001000000010000000010000000000000000000000000000000000000000000000000000000000000000000000000000000000000000000000000001
001000000000000000100000001000000010000000010000000000000000000000000000000000000000000000000000000000000000000000000000000000000000000000000001
001000000000000001100100001000000010000000010000000000001001000000000000000000000000000000000000000000000000000010100000000000000000000000000001
001000000000000000000000001001100100010001000100010001000100010001000100010001000100010001000100010001000101000000100000000000000000000000000001
001000000000000000001010100010010110010001010000000000000001000000000000000000000000000000000000000000000000000000100000000000000000000000000001
001000000000000000000010000000010000000000000000000000000001000000000000000000000000000000000000000000000000000000100000000000000000000000000001
001000000000000000000010000000010000000000000000000000000001000000000000100100000000000000000000000000000000000000100000000000000000000000000001
001000000000000000000010000000010000000000000000000000000001000000000000000100000000000000000000000000000000000000100000000000000000000000000001
001000000000000000000010000000010000000000000000000000000001000000000000000100000000000000000000000000000000000000100000000000000000000000000001
001000000000000000000010000000010000000000000000000000000001000000000000000100000000000000000000000000000000000000100000000000000000000000000001
001000000000000000000110010001010000000000000000000000000001000000000000000100000000000000000000000000000000000000100000000000000000000000000001
001000000000000000000000000000000000000000000000000000000001000000000000000100000000000000000000000000000000000000100000000000000000000000000001
001000000000000000000000000000000000000000000000000000000001000000000000000100000000000000000000100100001010000000100000000000000000000000000001
001000000000000000000000000000000000000000000000000000000001000000000110010001000100010001000100010001000100010001000100010001010000000000000001
001000000000000000000000000010101000101010001001100010001000100010001000100010001000100010001000100010001001000000100000000000000000000000000001
001000000000000000000000000000000000001000000001000000000001000000000000000100000000000000000000000100000010000000100000000000000000000000000001
001000000000000000000000000000000000001000000001000000000001000000000000000100000000000000000000000100000010000000100000000000000000000000000001
001000000000000000000000000000000000001000000001000000000001000000000000000100000000000000000000000100000010000000100000000000000000000000000001
001000000000000000000000000000000000001000000001000000000001000000000000000100000000000000000000000100000010000000100000000000000000000000000001
001000000000000000000000000000000000001000000001000000000001000000001010100010001000100010001000100010001000100010001000100010010000000000000001
001000000000000000000000000000000000011001000101000000000001000000000000000100000000000000000000000100000010000000100000000000000000000000000001
001000000000000000000000000000000000000000000000000000000001000000000000000100000000000000000000000100000010000000100000000000000000000000000001
001000000000000000000000000000000000000000000000000000000001000000000000000100000000000000000000010100000110000000100000000000000000000000000001
001000000000000000000000000000000000000000000000000000000001000000000000000100000000000000000000101010001001000000100000000000000000000000000001
001000000000000000000000000000000000000000000000000000000101000000000000000100000000000000000000001000000001000001100000000000000000000000000001
001000000000000000000000000000000000000000000000000000000000000000000000000100000000000000000000001000000001000000000000000000000000000000000001
001000000000000000000000000000000000000000000000000000000000000000000000000100000000000000000000001000000001000000000000000000000000000000000001
001000000000000000000000000000000000000000000000000000000000000000000000000100000000000000000000101010001001000000000000000000000000000000000001
001000000000000000000000000000000000000000000000000000000000000000000000000100000000000000000000001000000001000000000000000000000000000000000001
001000000000000000000000000000000000000000000000101010001001000000000000000100000000000000000000001001000001000000000000000000000000000000000001
001000000000000000000000000000000000000000000000001000000001000000000000000100000000000000000000001000000001000000000000000000000000000000000001
001000000000000000000000000000000000000000000000001000000001000000000000010100000000000000000000001000000001000000000000000000000000000000000001
001000000000000000000000000000000000000000000000001000000001000000000000000000000000000000000000001000000001000000000000000000000000000000000001
001000000000000000000000000000000000000000000000001000000001000000000000000000000000000000000000011001000101000000000000000000000000000000000001
001000000000000000000000000000000000000000000000001000000001000000000000000000000000000000000000000000000000000000000000000000000000000000000001
001000000000000000000000000000000000000000000000011001000101000000000000000000000000000000000000000000000000000000000000000000000000000000000001
001000000000000000000000000000000000000000000000000000000000000000000000000010101000100100000000000000000000000000000000000000000000000000000001
001000000000000000000000000000000000000000000000000000000000000000000000000000100000000100000000000000000000000000000000000000000000000000000001
001000000000000000000000000000000000000000000000000000000000000000000000000000101010100010010000000000000000000000000000000000000000000000000001
001000000000000000000000000000000000000000000000000000000000000000000000000000100010000100010000000000000000000000000000000000000000000000000001
001000000000000000000000000000000000000000000000000000000000000000000000000000100010000100010000000000000000000000000000000000000000000000000001
001000000000000000000000000000000000000000000000000000000000000000000000000000100010000100010000000000000000000000000000000000000000000000000001
001000000000000000000000000000000000000000000000000000000000000000000000000001100010010100010000000000000000000000000000000000000000000000000001
001000000000000000000000000000000000000000000000000000000000000000000000000000000010000000010000000000000000000000000000000000000000000000000001
001000000000000000000000000000000000000000000000000000000000000000000000000000000110010001010000000000000000000000000000000000000000000000000001
001000000000000000000000000000000000000000000000000000000000000000000000000000000000000000000000000000000000000000000000000000000000000000000001
001000000000000000000000000000000000000000000000000000000000000000000000000000000000000000000000000000000000000000000000000000000000000000000001
001000000000000000000000000000000000000000000000000000000000000000000000000000000000000000000000000000000000000000000000000000000000000000000001
011001000100010001000100010001000100010001000100010001000100010001000100010001000100010001000100010001000100010001000100010001000100010001000101
