1010100010001000100010001000100010001000100010001000100010001000100010001000100010001000100010001000100010001000100010001000100010001000100010001001
0010000000000000000000000001000000000000000000000000000000000000000000000000000000000000000000000000000000000000000000000000000000000000000000000001
0010000000000000000000000001000010010000000000000000000000000000000000000000000010100000000000000000000000000000000000000000000000000000000000000001
0010000000000000000000000001000000010000000000000000000000000000000000000000000000100000000000000000000000000000000000000000000000000000000000000001
0010000000000000000000000001000000010000000000000000000000000000000000000000000000100000000000000000000000000000000000000000000000000000000000000001
0010000000000000000000000001000000010000000000000000000000000000000000000000000000100000000000000000000000000000000000000000000000000000000000000001
0010000000000000000000000001000000010000000000000000000000000000000000000000000000100000000000000000000000000000000000000000000000000000000000000001
0010000000000000000000000001000000010000000000000000000000000000000000000000000000100000000000000000000000000000000000000000000000000000000000000001
0010000000000000000000000101000000010000000000000000000000000000000000000000000000100000000000000000000000000000000000000000000000000000000000000001
0010000000000000000000000000000000010000000000000000000000000000000000000000000000100000000000000000000000000000000000000000000000000000000000000001
0010000000000000000000000000000000010000000000000000000000000000000000000000000000100000000000000000000000000000000000000000000000000000000000000001
0010000000000000000000000000000000010000000000000000000000000000000000000000000000100000000000000000000000000000000000000000000000000000000000000001
0010000000000000000000000000000000010000000000000000000000000000000000000000000000100000000000000000000000000000000000000000000000000000000000000001
0010000000000000000000000000000000010000000000000000000000000000000000000000000000100000000000000000000000000000000000000000000000000000000000000001
0010000000000000000000000000000000010000000000000000000000000000000000000000000000100000000000000000000000000000000000000000000000000000000000000001
0010000000000000000000000000000000010000000000000000000000000000000000000000000000100000000000000000000000000000000000000000000000000000000000000001
0010000000000000000000000000000000010000000000000000000000000000000010101000100100100000000000000000000000000000000000000000000000000000000000000001
0010000000000000000000000000000000010000000000000000000000000000000000100000000100100000000000000000000000000000000000000000000000000000000000000001
0010000000000000000000000000000000010000000000000000000000000000000000100000000100100000000000000000000000000000000000000000000000000000000000000001
0010000000000000000000000000000000010000000000000000000000000000000001100100010001000100010001000100010001000100010001000100010001000100010100000001
0010000000000000000000000000000000010000000000000000000000000000000000100000000100100000000000000000000000000000000000000000000000000000000000000001
0010000000000000000000000000000000010000000000000000000000000000000000100000000100100000000000000000000000000000000000000000000000000000000000000001
0010000000000000000000000000000001010000000000000000000000000000000001100100010101100000000000000000000000000000000000000000000000000000000000000001
0010000000000000000000000000000000000000000000000000000000000000000000000000000000000000000000000000000000000000000000000000000000000000000000000001
0010000000000000000000000000000000000000000000000000000000000000000000000000000000000000000000000000000000000000000000000000000000000000000000000001
0010000000000000000000000000000000000000000000000000000000000000000000000000000000000000000000000000000000000000000000000000000000000000000000000001
0010000000000000000000000000000000000000000000000000000000000000000000000000000000000000000000000000000000000000000000000000000000000000000000000001
0010000000000000000000000000000000000000000000000000000010101000100100000000000000000000000000000000000000000000000000000000000000000000000000000001
0010000000000000000000000000000000000000000000000000000000100000000110101000100010001000100010001000100010001000100010001000100010001000100100000001
0010000000000000000000000000000000000000000000000000000000100000000100000000101010001001000000000000000000000000000000000000000000000000000000000001
0010000000000000000000000000000000000000000000000000000000100000000100000000001000000001000000000000000000000000000000000000000000000000000000000001
0010000000000000000000000000000000000000000000000000000000100000101010001001001000000001000000000000000000000000000000000000000000000000000000000001
0010000000000000000000000000000000000000000000000000000000100000001000000001001000000001000000000000000000000000000000000000000000000000000000000001
0010000000000000000000000000000000000000000000000000000001100100001000000001001000000001000000000000000000000000000000000000000000000000000000000001
0010000000000000000000000000000000000000000000000000000000000000001000000001001000000001000000000000000000000000000000000000000000000000000000000001
0010000000000000000000000000000000000000000000000000000000000000001000000001011001000101000000000000000000000000000000000000000000000000000000000001
0010000000000000000000000000000000000000000000000000000000000000001000000001000000000000000000000000000000000000000000000000000000000000000000000001
0010000000000000000000000000000000000000000000000000000000000000011001000101000000000000000000000000000000000000000000000000000000000000000000000001
0010000000000000000000000000000000000000000000000000000000000000000000000000000000000000000000000000000000000000000000000000000000000000000000000001
0010000000000000000000000000000000000000000000000000000000000000000000000000000000000000000000000000000000000000000000000000000000000000000000000001
0010000000000000000000000000000000000000000000000000000000000000000000000000000000000000000000000000000000000000000000000000000000000000000000000001
0010000000000000000000000000000000000000000000000000000000000000000000000000000000000000000000000000000000000000000000000000000000000000000000000001
0010000000000000000000000000000000000000000000000000000000000000000000000000000000000000000000000000000000000000000000000000000000000000000000000001
0010000000000000000000000000000000000000000000000000000000000000000000000000000000000000000000000000000000000000000000000000000000000000000000000001
0010000000000000000000000000000000000000000000000000000000000000000000000000000000000000000000000000000000000000000000000000000000000000000000000001
0010000000000000000000000000000000000000000000000000000000000000000000000000000000000000000000000000000000000000000000000000000000000000000000000001
0010000000000000000000000000000000000000000000000000000000000000000000000000000000000000000000000000000000000000000000000000000000000000000000000001
0010000000000000000000000000000000000000000000000000000000000000000000000000000000000000000000000000000000000000000000000000000000000000000000000001
0010000000000000000000000000000000000000000000000000000000000000000000000000000000000000000000000000000000000000000000000000000000000000000000000001
0010000000000000000000000000000000000000000000000000000000000000000000000000000000000000000000000000000000000000000000000000000000000000000000000001
0010000000000000000000000000000000000000000000000000000000000000000000000000000000000000000000000000000000000000000000000000000000000000000000000001
0010000000000000000000000000000000000000000000000000000000000000000000000000000000000000000000000000000000000000000000000000000000000000000000000001
0110010001000100010001000100010001000100010001000100010001000100010001000100010001000100010001000100010001000100010001000100010001000100010001000101
