1010100010001000100010001000100010001000100010001000100010001000100010001000100010001000100010001000100010001000100010001000100010001000100010001000100010001001
0010000000000000000000000000000000000000000000000000000000000000000000000000000000000000000000000000000000000000000000000000000000000000000000000000000000000001
0010000000000000000000000000000000000000000000000000000000000000000000000000000000000000000000000000000000000000000000000000000000000000000000000000000000000001
0010000000000000000000000000000000000000000000000000000000000000000000000000000000000000000000000000000000000000000000000000000000000000000000000000000000000001
0010000000000000000000000000000000000000000000000000000000000000000000000000000000000000000000000000000000000000000000000000000000000000000000000000000000000001
0010000000000000000000000000000000000000000010010000000000000000000000000000000000000000000000000000000000000000000000000000000000001010000000000000000000000001
0010000000000000000000000000000000000000000000011001101000000000000000000000000000000000000000000000000000000000000000000000000000000010000000000000000000000001
0010000000000000000000000000000000000000000000010001100100000000000000000000000000000000000000000000000000000000000000000000101000000010000000000000000000000001
0010000000000000000000000000000000000000000000010001000100000000000000000000000000000000000000000000000000000000000000000000001000000010000000000000000000000001
0010000000000000000000000000000000000000000000010001000100000000000000000000000000000000000000000000000000000000000000000000001000000010000000000000000000000001
0010000000000000000000000000000000000000000000010001000100000000000000000000000000000000101010001001000000000000000000000000001000000010000000000000000000000001
0010000000000000000000000000000000000000000000010001000100000000000000000000000000000000001000000001000000000000000000000000001000000010000000000000000000000001
0010000000000000000000000000000000000000000000010001000100000000000000000000000000000000001000000001000000000000000000000000001000000010000000000000000000000001
0010000000000000000000000000000000000000000000010001000100000000000000000000000000000000001000000001000000000000000000000000001000000010000000000000000000000001
0010000000000000000000000000000000000000000000010001000100000000000000000000000000000000001000000001000000000000000000000000001000000010000000000000000000000001
0010000000000000000000000000000000000000000000010101000100000000000000000000000000000000001000000001000000000000000000000000001000000010000000000000000000000001
0010000000000000000000000000000000000000000000010000000100000000000000000000000000000000011001000101000000000000000000000000001000000010000000000000000000000001
0010000000000000000000000000000000000000000000010000000100000000000000000000000000000000000000000000000000000000000000000000001000000010000000000000000000000001
0010000000000000000000000000000000000000000000010000000100000000000000000000000000000000000000000000000000000000000000000000001000000010000000000000000000000001
0010000000000000000000000000000000000000000000010000000100000000000000000000000000000000000000000000100110100000000000000000001000000010000000000000000000000001
0010000000000000000000000000000000000000000000010000000100000000000000000000000000000000000000000000000100100000000000000000001000000010000000000000000000000001
0010000000000000000000000000000000000000000000010000000100000000000000000000000000000000000000000000000100100000000000000000001000000010000000000000000000000001
0010000000000000000000000000000000000000000000010000000100000000000000000000000000000000000000000000000100100000000000000000001000000010000000000000000000000001
0010000000000000000000000000000000000000000000010000000100000000000000000000000000000000000000000000000100100000000000000000001000000010000000000000000000000001
0010000000000000000000000000000000000000000000010000000100000000000000000000000000000000000000000000000100100000000000000000001000000010000000000000000000000001
0010000000000000000000000000000000000000000000010000000100000000000000000000000000000000000000000000000100100000000000000000001000000010000000000000000000000001
0010000000000000000000000000000000000000000000010000000100000000000000000000000000000000000000000000000100100000000000000000001000000010000000000000000000000001
0010000000000000000000000000000000000000000000010000000100000000000000000000000000000000000000000000000100100000000000000000001000000010000000000000000000000001
0010000000000000000000000000000000000000000000010000000100000000000000000000000000000000000000000000010101100000000000000000001000000010000000000000000000000001
0010000000000000000000000000000000000000000000010000000100000000000000000000000000000000000000000000000000000000000000000000001000000010000000000000000000000001
0010000000000000000000000000000000000000000000010000000110101000100100000000000000000000000000000000000000000000000000000000001000000010000000000000000000000001
0010000000000000000000000000000000000000000000010000000100100000000100000000000000000000000000000000000000000000000000000000001000000010000000000000000000000001
0010000000000000000000000000000000000000000000010000000100100000000100000000000000000000000000000000000000000000000000000000001000000010000000000000000000000001
0010000000000000000000000000000000000000000000010000010100100000000100000000000000000000000000000000000000000000000000000000011000000010000000000000000000000001
0010000000000000000000000000000000000000000000010000000000100000000100000000000000000000000000000000000000000000000000000000000000000010000000000000000000000001
0010000000000000000000000000000000000000000001010000000000100000000100000000000000000000000000000000000000000000000000000000000000000110000000000000000000000001
0010000000000000000000000000000000000000000000000000000001100100010100000000000000000000000000000000000000000000000000000000000000000000000000000000000000000001
0010000000000000000000000000000000000000000000000000000000000000000000000000000000000000000000000000000000000000000000000000000000000000000000000000000000000001
0010000000000000000000000000000000000000000000000000000000000000000000000000000000000000000000000000000000000000000000000000000000000000000000000000000000000001
0010000000000000000000000000000000000000000000000000000000000000000000000000000000000000000000000000000000000000000000000000000000000000000000000000000000000001
0010000000001010100010010000000000000000000000000000000000000000000000000000000000000000000000000000000000000000000000000000000000000000000000000000000000000001
0010000000000010000000010000000000000000000000000000000000000000000000000000000000000000000000000000000000000000000000000000000000000000000000000000000000000001
0010000000000010000000010000000000000000000000000000000000000000000000000000000000000000000000000000000000000000000000000000000000000000000000000000000000000001
0010000000000010000000010000000000000000000000000000000000000000000000000000000000000000000000000000000000000000000000000000000000000000000000000000000000000001
0010000000000010000000010000000000000000000000000000000000000000000000000000000000000000000000000000000000000000000000000000000000000000000000000000000000000001
0010000000000010000000010000000000000000000000000000000000000000000000000000000000000000000000000000000000000000000000000000000000000000000000000000000000000001
0010000000000110010001010000000000000000000000000000000000000000000000000000000000000000000000000000000000000000000000000000000000000000000000000000000000000001
0010000000000000000000000000000000000000000000000000000000000000000000000000000000000000000000000000000000000000000000000000000000000000000000000000000000000001
0110010001000100010001000100010001000100010001000100010001000100010001000100010001000100010001000100010001000100010001000100010001000100010001000100010001000101
