101010001000100010001000100010001000100010001000100010001000100010001000100010001000100010001000100010001000100010001000100010001000100010001000100010001000100010001001
001000000000000000000000000000000000000000000000000000000000000000000000000000100000000100000000000000000000000000000000000000000000000000000000000000000000000000000001
001000000000000000000000000000000000000000000000000000000000000000000000000000100000000100000000000000000000000000000000000000000000000000000000000000000000000000000001
001000000000000000000000000000000000000000000000000000000000000000000000000000100000000100000000000000000000000000000000000000000000000000000000000000000000000000000001
001000000110010001000100010001000100010001000100010001000100010001000100010001000100010001000100010001000100010001000100010001000100010001010000000000000000000000000001
001000000000000000000000000000000000000000000000000000000000000000000000000000100000000100000000000000000000000000000000000000000000000000000000000000000000000000000001
001000000000000000000000000000000000000000000000100100000000000000000000000001100100010100000000000000000000000000000000000000000000000000000000000000001010000000000001
001000000000000000000000000000000000000000000000000110011010000000000000000000000000000000000000000000000000000000000000000000000000000000000000000000000010000000000001
001000000000000000000000000000000000000000000000000100011001101000000000000000000000000000000000000000000000000000000000000000000000000000000000000000000010000000000001
001000000000000000000000000000000000000000000000000100010001001000000000000000000000000000000000000000000000000000000000000000000000000000000000000000000010000000000001
001000000000000000000000000000000000000000000000000100010001001000000000000000000000000000000000000000000000000000000000000000000000000000000000000000000010000000000001
001000000000000000000000000000000000000000001010100010001000100010001001000000000000000000000000000000000000000000000000000000000000000000000000000000000010000000000001
001000000000000000000000000000000000000000000010000100010001001000000001000000000000000000000000000000000000000000000000000000000000000000000000000000000010000000000001
001000000000000000000000000000000000000000000110010001000100010001000101000000000000000000000000000000000000000000000000000000000000000000000000000000000010000000000001
001000000000000000000000000000000000000000000000000100010001001000000000000000000000000000000000000000000000000000000000000000000000000000000000000000000010000000000001
001000000000000000000000000000000000000000000000000100010001001000000000000000000000000000000000000000000000000000000000000000000000000000000000000000000010000000000001
001000000000000000000000000000000000000000000000000101010001001000000000000000000000000000000000000000000000000000000000000000000000000000000000000000000010000000000001
001000000000000000000000000000000000000000000000000100000101011000000000000000000000000000000000000000000000000000000000000000000000000000000000000000000010000000000001
001000000000000000000000000000000000000000000000000100000000000000000000000000000000000000000000000000000000000000000000000000000000000000000000000000000010000000000001
001000000000000000000000000000000000000000000000000100000000000000000000000000000000000000000000000000000000000000000000000000000000000000000000000000000010000000000001
001000000000000000000000000000000000000000000000000100000000000000000000000000000000000000000000000000000000000000000000000000000000000000000000000000000010000000000001
001000000000000000000000000000000000000000000000000100000000000000000000000000000000000000000000000000000000000000000000000000000000000000000000000000000010000000000001
001000000000000000000000000000000000000000000000000100000000000000000000000000000110010001000100010001000100010001000100010001000100010100000000000000000010000000000001
001000000000000000000000000000000000000000000000000100000000000000000000000000000000000000000000000000000000000000000000000000000000000000000000000000000010000000000001
001000000000000000000000000000000000000000000000000100000000000000000000000000000000000000000000000000000000000000000000000000000000000000000000000000000010000000000001
001000000000000000000000000000000000000000000000000100000000000000000000000000000000000000000000000000000000000000000000000000000000000000000000000000000010000000000001
001000000000000000000000000000000000000000000000000100000000000000000000000000000000000000000000000000000000000000000000000000000000000000000000000000000010000000000001
001000000000000000000000000000000000000000000000000100000000000000000000000000001010100010001000100001100100010001000100010001000100010001000100010001000101000000000001
001000001010100010001000100010001000100010001000100010001000100010001000100010001000100010001000100010000110010001000100010001000100010001000100010001000100010100000001
001000000000000000000000000000000000000000000000000100000000000000000000000000000000000000000000000000000000000000000000000000000000000000000000000000000010000000000001
001000000000000000000000000000000000000000000000000100000000000000000000000000000000000000000000000000000000000000000000000000000000000000000000000000000010000000000001
001000000000000000000000000000000000000000000000000100000000000000000000000000000000000000000000000000000000000000000000000000000000000000000000000000000010000000000001
001000000000000000000000000000000000000000000000000100000000000000000000000000000000000000000000000010101000100010001000100010001000100010001000100010001001000000000001
001000000000000000000000000000000000000000000000000100000000101010001001000000000000000000000000000000001010100010001000100010001000100010001000100010001000100100000001
001000000000000000000000000000000000000000000000000100000000001000000001000000000000000010101000100100000000000000000000000000000000000000000000000000000010000000000001
001000000000000000000000000000000000000000000000000100000000001000000001000000000000000000100000000100000000000000000000000000000000000000000000000000000010000000000001
001000000000000000000000000000000000000000000000000100000000001000000001000000000000000000100000000100000000000000000000000000000000000000000000000000000010000000000001
001000000000000000000000000000000000000000000000000100000000001000000001000000000000000000100000000100000000000000000000000000000000000000000000000000000010000000000001
001000000000000000000000000000000000000000000000000100000000001000000001000000000000000000100000000100000000000000000000000000000000000000000000000000000010000000000001
001000000000000000000000000000000000000000000000000100000000011001000101000000000000000000100000000100000000000000000000000000000000000000000000000000000010000000000001
001000000000000000000000000000000000000000000000010100000000000000000000000000000000000001100100010100000000000000000000000000000000000000000000000000000110000000000001
001000000000000000000000000000000000000000000000000000000000000000000000000000000000000000000000000000000000000000000000000000000000000000000000000000000000000000000001
001000000000000000000000000000000000000000000000000000000000000000000000000000000000000000000000000000000000000000000000000000000000000000000000000000000000000000000001
001000000000000000000000000000000000000000000000000000000000000000000000000000000000000000000000000000000000000000000000000000000000000000000000000000000000000000000001
001000000000000000000000000000000000000000000000000000000000000000000000000000000000000000000000000000000000000000000000000000000000000000000000000000000000000000000001
001000000000000000000000000000000000000000000000000000000000000000000000000000000000000000000000000000000000000000000000000000000000000000000000000000000000000000000001
011001000100010001000100010001000100010001000100010001000100010001000100010001000100010001000100010001000100010001000100010001000100010001000100010001000100010001000101
