1010100010001000100010001000100010001000100010001000100010001000100010001000100010001000100010001000100010001000100010001000100010001000100010001000100010001000100010001000100010001001
0010000000000000000000000000000000000000000000000000000000000000000000000000000000000000000000000000000000000000000000000000000000000000000000000000000000000000000000000000000000000001
0010000000000000000000000000000010010000000000001010000000000000000000000000000000000000000000000000000000000000000000000000000000000000000000000000000000000000000000000000000000000001
0010000000000000000000000000000000010000000000000010000000000000000000000000000000000000000000000000000000000000000000000000000000000000000000000000000000000000000000000000000000000001
0010000000000000000000000000000000010000100100000010000000000000000000000000000000000000000000001010000000000000000000000000000000000000000000000000000000000000000000000000000000000001
0010000000000000000000000000000000010000000100000010000000000000000000000000000000000000000000000010000000000000000000000000000000000000000000000000000000000000000000000000000000000001
0010000000000000000000000000000000010000000100001001000000000000000000000000000000000000000000000010000000000000000000000000000000000000101000000000000000000000000000000000000000000001
0010000000000000000000000000000000010000000100000001000000000000000000000000000000000000000000000010000000000000000000000000000000000000001000000000000000000000000000000000000000000001
0010000000000000000000000000000000010000000100000001000000000000000000000000000000000000000000000010000000000000000000000000000000000000001000000000000000000000000000000000000000000001
0010000000000000000000000000011001000100010001000100010001000100010001000100010001000100010001000100010001000100010001000100010001000100010001000100010001000100010001010000000000000001
0010000000000000000000000000000000010000000100000001000000000000000000000000000000000000000000000010000000000000000000000000000000000000001000000000000000000000000000000000000000000001
0010000000000000000000000000000010101000100100000001000000000000000000000000000000000000000000000010000000000000000000000000000000000000001000000000000000000000000000000000000000000001
0010000000000000000000000000000000100000011001000100010001000100010001000100010001000100010001000100010001000100010001000100010001000100010001000100010001000100010001000100010001010001
0010000000000000000000000000000000100000000100000001000000000000000000000000000000000000000000000010000000000000000000000000000000000000001000000000000000000000000000000000000000000001
0010000000000000000000000000000000100000000110101000100100000000000000000000000000000000000000000010000000000000000000000000000000000000001000000000000000000000000000000000000000000001
0010000000000000000000000000000000100000000100100001000100000000000000000000101010001001000000000010000000000000000000000000000000000000001000000000000000000000000000000000000000000001
0010000000000000000000000000000000100000000100100001000100000000000000000000001000000001000000000010000000000000000000000000000000000000001000000000000000000000000000000000000000000001
0010000000000000000000000000000001100100010100100001000100000000000000000000001000000001000000000010000000000000000000000000000000000000001000000000000000000000000000000000000000000001
0010000000000000000000000000000000000000000100100001000100000000000000000000001000000001000000000010000000000000000000000000000000000000001000000000000000000000000000000000000000000001
0010000000000000000000000000000000000000000100100001000100000000000000000000001000000001000000000010000000000000000000000000000000000000001000000000000000000000000000000000000000000001
0010000000000000000000000000000000000000000101100100010100000000000000000000001000000001000000000010000000000000000000000000000000000000001000000000000000000000000000000000000000000001
0010000000000000000000000000000000000000000100000001000000000000000000000000011001000101000000000010000000000000000000000000000000000000001000000000000000000000000000000000000000000001
0010000000000000000000000000101010001000100010001000100010001000100010001000100010001000100010001000100010001000100100000000000000000000001000000000000000000000000000000000000000000001
0010000000000000000000000000000000000000000100000001000000000000000000000000000000000000000000000010000000000000000000000000000000000000001000000000000000000000000000000000000000000001
0010000000000000000000000000000000000000000100000001000000000000000000000000000000000000000000000010000000000000000000000000000000000000001000000000000000000000000000000000000000000001
0010000000000000000000000000000000000000000100000001000000000000000000000000000000000000000000000010000000000000000000000000000000000000001000000000000000000000000000000000000000000001
0010000000000000000000000000000000000000010100000001000000000000000000000000000000000000000000000110000000000000000000000000000000000000001000000000000000000000000000000000000000000001
0010000000000000000000000000000000000000000000000001000000000000000000000000000000000000000000000000000000000000000000000000000000000000001000000000000000000000000000000000000000000001
0010000000000000000000000000000000000000000000000001000000000000000000000000000000000000000000000000000000000000000000000000000000000000001000000000000000000000000000000000000000000001
0010000000000000000000000000000000000000000000000001000000000000000000000000000000000000000000000000000000000000000000000000000000000000001000000000000000000000000000000000000000000001
0010000000000000000000000000000000000000000000000001000000000000000000000000000000000000000000000000000000000000000000000000000000000000001000000000000000000000000000000000000000000001
0010000000000000000000000000000000000000000000000001000000000000000000000000000000000000000000000000000000000000000000000000000000000000001000000000000000000000000000000000000000000001
0010000000000000000000000000101010001001000000000001000000000000000000000000000000000000000000000000000000000000000000000000000000000000001000000000000000000000000000000000000000000001
0010000000000000000000000000001000000001000000000001000000000000000000000000000000000000000000000000000000000000000000000000000000000000001000000000000000000000000000000000000000000001
0010000000000000000000000000001000000001000000000001000000000000000000000000000000000000000000000000000000000000000000000000000000000000001000000000000000000000000000000000000000000001
0010000000000000000000000000101010001000100010001000100010001000100010001000100010001000100010001000100010001000100010001000100010001000100010001000100010001000100010010000000000000001
0010000000000000000000000000001000000001000000000101000000000000000000000000000000000000000000000000000000000000000000000000000000000000011000000000000000000000000000000000000000000001
0010000000000000000000000000001000000001000000000000000000000000000000000000000000000000000000000000000000000000000000000000000000000000000000000000000000000000000000000000000000000001
0010000000000000000000000000011001000101101010001000100010001000100010001000100010001000100010001000100010001000100010001000100010001000100010001000100010001000100010001000100010010001
0010000000000000000000000000000000000000000000000000000000000000000000000000000000000000000000000000000000000000000000000000000000000000000000000000000000000000000000000000000000000001
0010000000000000000000000000000000000000000000000000000000000000000000000000000000000000000000000000000000000000000000000000000000000000000000000000000000000000000000000000000000000001
0010000000000000000000000000000000000000000000000000000000000000000000000000000000000000000000000000000000000000000000000000000000000000000000000000000000000000000000000000000000000001
0110010001000100010001000100010001000100010001000100010001000100010001000100010001000100010001000100010001000100010001000100010001000100010001000100010001000100010001000100010001000101
