1010100010001000100010001000100010001000100010001000100010001000100010001000100010001000100010001000100010001000100010001000100010001000100010001000100010001001
0010000000000000000000000000000000000000000000000000000000000000000010101000100100000000000000000000000000000000000000100000000100000000000000000000000000000001
0010000000000000000000000000000000000000000000000000000000000000000000100000000100000000000000000000000000000000000000100000000100000000000000000000000000000001
0010000000000000000000000000000000000000000000000000000000000000000000100000000100000000000000000000000000000000000000100000000100000000000000000000000000000001
0010000000000000000000000000000000000000000000000000000000000000000000100000000100000000000000000000000000000000000000100000000100000000000000000000000000000001
0010000000000000000000000000000000000000000000000000000000000000000000100000000100000000000000000000000000000000000000100000000100000000000000000000000000000001
0010000000000000000000000000000000000000000000000000000000000000000000100000000100000000000000000000000000000000000001100100010100000000000000000000000000000001
0010000000000000000000000000000000000000000000000000000000000000000001100100010100000000000000000000000000000000000000000000000000000000000000000000000000000001
0010000000000000000000000000000000000000000000000000000000000000000000000000000000000000000000000000000000000000000000000000000000000000000000000000000000000001
0010000000000000000000000000000000000000000000000000000000000000000000000000000000000000000000000000000000000000000000000000000000000000000000000000000000000001
0010000000000000000000000000000000000000000000000000000000000000000000000000101010001001000000000000000000000000000000000000000000000000000000000000000000000001
0010000000000000000000000000000000000000000000000000000000000000000010010000001000000001000000000000000010100000000000000000000000000000000000000000000000000001
0010000000000000000000000000000000000000000000000000000000000000000000011001001000000001000000000000000000100000000000000000000000000000000000000000000000000001
0010000000000000000000000000000000000000000000000000000000000000000000010001001000000001000000000000000000100000000000000000000000000000000000000000000000000001
0010000000000000000000000000000000000000000000000000000000000000000000010001001000000001000000000000000000100000000000000000000000000000000000000000000000000001
0010000000000000000000000000000000000000000000000000000000000000000000010001001000000001000000000000000000100000000000000000000000000000000000000000000000000001
0010000000000000000000000000000000000000000000000000000000000000000000010001011001000101000000000000000000100000000000000000000000000000000000000000000000000001
0010000000000000000000000000000000000000000000000000000000000000000000010001000000000000000000000000000000100000000000000000000000000000000000000000000000000001
0010000000000000000000000000000000000000000000000000000000000000000000010001000000000000000000000000000000100000000000000000000000000000000000000000000000000001
0010000000000000000000000000000000000000000000000000000000000000000000010001000000000000000000000000000000100000000000000000000000000000000000000000000000000001
0010000000000000000000000000000000000000000000000000000000000000000000010001000000000000000000000000000000100000000000000000000000000000000000000000000000000001
0010000000000000000000000000000000000000000000000000000000000000000000010001000000000000000000000000000000100000000000000000000000000000000000000000000000000001
0010000000000000000000000000000000000000000000000000000000000000000000010001000000000000000000000000000000100000000000000000000000000000000000000000000000000001
0010000000000000000000000000000000000000000000000000000000000000000000010001000000000000000000000000000000101010100010010000000000000000000000000000000000000001
0010000000000000000000000000000000000000000000000000000000000000000000010001000000000000000000000000000000100010000000010000000000000000000000000000000000000001
0010000000000000000000000000000000000000000000000000000000000000000000010001000000000000000000000000000000100010000000010000000000000000000000000000000000000001
0010000000000000000000000000000000000000000000000000000000000000000000010001000000000000000000000000000000100010000000010000000000000000000000000000000000000001
0010000000000000000000000000000000000000000000000000000000000000000000010001000000000000000000000000000000100010000000010000000000001001000000000000000010100001
0010000000000000000000000000000000000000000000000000000000000000000001010001000000000000000000000000000001100010000000010000000000000001000000000000000000100001
0010000000000000000000000000000000000000000000000000000000000000000000000001000000000000000000000000000000000110010001010000000000000001000000000000000000100001
0010000000000000000000000000000000000000000000000000000000000000000000000001000000000000000000000000000000000000000000000000000000000001000000000000000000100001
0010000000000000000000000000000000000000000000000000000000000000000000000001000000000000000000000000000000000000000000000000000000000001000000000000000000100001
0010000000000000000000000000000000000000000000000000000000000000000000000001000000000000000000000000000000000000000000000000000000000001000000000000000000100001
0010000000000000000000000000000000000000000000000000000000000000000000000001000000000000000000000000000000000000000000000000000000000001000000000000000000100001
0010000000000000000000000000000000000000000000000000000000000000000000000001000000000000000000000000000000000000000000000000000000000001000000000000000000100001
0010000000000000000000000000000000000000000000000000000000000000000000000001000000000000000000000000000000000000000000000000000000000001000000000000000000100001
0010000000000000000000000000000000000000000000000000000000000000000000000001000000000000000000000000000000000000000000000000000000000001000000000000000000100001
0010000000000000000000000000000000000000000000000000000000000000000000000001000000000000000000000000000000000000000000000000000000000001000000000000000000100001
0010000000000000000000000000000000000000000000000000000000000000000000000001000000000000000000000000000000000000000000000000000000000001000000000000000000100001
0010000000000000000000000000000000000000000000000000000000000000000000000001000000000000000000000000000000000000000000000000000000000001000000000000000000100001
0010000000000000000000000000000000000000000000000000000000000000000000000001000000000000000000000000000000000000000000000000000000000101000000000000000001100001
0010000000000000000000000000000000000000000000000000000000000000000000000101000000000000000000000000000000000000000000000000000000000000000000000000000000000001
0010000000000000000000000000000000000000000000000000000000000000000000000000000000000000000000000000000000000000000000000000000000000000000000000000000000000001
0010000000000000000000000000000000000000000000000000000000000000000000000000000000000000000000000000000000000000000000000000000000000000000000000000000000000001
0010000000000000000000000000000000000000000000000000000000000000000000000000000000000000000000000000000000000000000000000000000000000000000000000000000000000001
0010000000000000000000000000000000000000000000000000000000000000000000000000000000000000000000000000000000000000000000000000000000000000000000000000000000000001
0010000000000000000000000000000000000000000000000000000000000000000000000000000000000000000000000000000000000000000000000000000000000000000000000000000000000001
0010000000000000000000000000000000000000000000000000000000000000000000000000000000000000000000000000000000000000000000000000000000000000000000000000000000000001
0110010001000100010001000100010001000100010001000100010001000100010001000100010001000100010001000100010001000100010001000100010001000100010001000100010001000101
