101010001000100010001000100010001000100010001000100010001000100010001000100010001000100010001000100010001000100010001000100010001000100010001000100010001000100010001000100010001000100010001001
001000000000000000000000000000000000000000000000000000000000000000000000000000000000000000000000001000000001000000000000000000000000000000000000000000000000000000000000000000000000000000000001
001000000000000000000000000000000000000000000000000000000000000000000000000000000000000000000000001000000001000000000000000000000000000000000000000000000000000000000000000000000000000000000001
001000000000000000000000000000000000000000000000000000000000000000000000000000000000000000000000001000000001000000000000000000000000000000000000000000000000000000000000000000000000000000000001
001000000000000000000000000000000000000000000000000000000000000000000000000000000000000000000000001000000001000000000000000000000000000000000000000000000000000000000000000000000000000000000001
001000000000000000000000000000000000000000001001000000000000000000000000000000000000000000000000001000000001000000000000000000000000101000000000000000000000000000000000000000000000000000000001
001000000000000000000000000000000000000000000001000000000000000000000000000000000000000000000000011001000101000000000000000000000000001000000000000000000000000000000000000000000000000000000001
001000000000000000000000000000000000000000000001000000000000000000000000000000000000000000000000000000000000000000000000000000000000001000000000000000000000000000000000000000000000000000000001
001000000000000000000000000000000000000000000001000000000000000000000000000000000000000000000000101010001001000000000000000000000000001000000000000000000000000000001010100010010000000000000001
001000000000000000000000000000000000000000000001000000000000000000000000000000000000000000000000001000000001000000000000000000000000001000000000000000000000000000000010000000010000000000000001
001000000000000000000000000000000000000000000001000000000000000000000000000000000000000000000000001000000001101010001001000000000000001000000000000000000000000000000010000000010000000000000001
001000000000000000000000000000000000000000000001000000000000000000001001101000000000000000000000001000000001001000000001000000000000001000000000000000000000000000000010000000010000000000000001
001000000000000000000000000000000000000000000001000000000000000000000001001000000000000000000000001000000001001000000001000000000000001000000000000000000000000000000010000000010000000000000001
001000000000000000000000000000000000000000000001000000000000000000000001001000000000000000000000001000000001001000000001000000000000001000000000000000000000000000000010000000010000000000000001
001000000000000000000000000000000000000000000001000000000000000000000001001000000000000000000000011001000101001000000001000000000000001000000000000000000000000000000110010001010000000000000001
001000000000000000000000000000000000000000000001000000000000000000000001001000000000000000000000000000000000001000000001000000000000001000000000000000000000000000000000000000000000000000000001
001000000000000000000000000000000000000000000001000000000000000000000001001000000000000000000000000000000000011001000101000000000000001000000000000000000000000000000000000000000000000000000001
001000000000000000000000000000000000000000000001000000000000000000000001001000000000000000000000000000000000000000000000000000000000001000000000000000000000000000000000000000000000000000000001
001000000000000000000000000000000000000000000001000000000000000000000001001000000000000000000000000000000000000000000000000000000000001000000000000000000000000000000000000000000000000000000001
001000000000000000000000000000000000000000000001000000000000000000000001001000000000000000000000000000000000000000000000000000000000001000000000000000000000000000000000000000000000000000000001
001000000000000000000000000000000000000000000001000000000000000000000101011000000000000000000000000000000000000000000000000000000000001000000000000000000000000000000000000000000000000000000001
001000000000000000000000000000000000000000000001000000000000000000000000000000000000000000000000000000000000000000000000000000000000001000000000000000000000000000000000000000000000000000000001
001000000000000000000000000000000000000000000001000000000000000000000000000000000000000000000000000000000000000000000000000000000000001000000000000000000000000000000000000000000000000000000001
001000000000000000000000000000000000000000000001000000000000000000000000000000000000000000000000000000000000000000000000000000000000001000000000000000000000000000000000000000001010100010010001
001000000000000000000000000000000000000000000001000000000000000000000000000000000000000000000000000000000000000000000000000000000000001000000000000000000000000000000000000000000010000000010001
001000000000000000000000000000000000000000000001000000000000000000000000000000000000000000000000000000000000000000000000000000000000001000000000000000000000000000000000000000000010000000010001
001000000000000000000000000000000000000000000001000000000000000000000000000000000000000000000000000000000000000000000000000000000000001000000000000000000000000000000000000000000010000000010001
001000000000000000000000000000000000000000000001000000000000000000000000000000000000000000000000000000000000000000000000000000000000001000000000000000000000000000000000000000000010000000010001
001000000000000000000000000000000000000000000001000000000000000000000000000000000000000000000000000000000000000000000000000000000000001000000000000000000000000000000000000000000010000000010001
001000000000000000000000000000000000000000000001000000000000000000000000000000000000000000000000000000000000000000000000000000000000001000000000000000000000000000000000000000000110010001010001
001000000000000000000000000000000000000000000001000000000000000000000000000000000000000000000000000000000000000000000000000000000000001000000000000000000000000000000000000000000000000000000001
001000000000000000000000000000000000000000000001000000000000000000000000000000000000000000000000000000000000000000000000000000000000001000000000000000000000000000000000000000000000000000000001
001000000000000000000000000000000000000000000001000000000000000000000000000000000000000000000000000000000000000000000000000000000000001000000000000000000000000000000000000000000000000000000001
001000000000000000000000000000000000000000000001000000000000000000000000000000000000000000000000000000000000000000000000000000000000001000000000000000000000000000000000000000000000000000000001
001000000000000000000000000000000000000000000001000000000000000000000000000000000000000000000000000000000000000000000000000000000000001000000000000000000000000000000000000000000000000000000001
001000000000000000000000000000000000000000000101000000000000000000000000000000000000000000000000000000000000000000000000000000000000011000000000000000000000000000000000000000000000000000000001
001000000000000000000000000000000000000000000000000000000000000000000000000000000000000000000000000000000000000000000000000000000000000000000000000000000000000000000000000000000000000000000001
001000000000000000000000000000000000000000000000000000000000000000000000000000000000000000000000000000000000000000000000000000000000000000000000000000000000000000000000000000000000000000000001
001000000000000000000000000000000000000000000000000000000000000000000000000000000000000000000000000000000000000000000000000000000000000000000000000000000000000000000000000000000000000000000001
001000000000000000000000000000000000000000000000000000000000000000000000000000000000000000000000000000000000000000000000000000000000000000000000000000000000000000000000000000000000000000000001
011001000100010001000100010001000100010001000100010001000100010001000100010001000100010001000100010001000100010001000100010001000100010001000100010001000100010001000100010001000100010001000101
