101010001000100010001000100010001000100010001000100010001000100010001000100010001000100010001000100010001000100010001000100010001000100010001001
001000000000000000000000000000000000000000000000000000000000000000000000000000000000000000000000000000000000000000000000000000000000000000000001
001000000000000000000000000000000000000000000000000000000000000000000000000000000000000000000000000000000000000000000000000000000000000000000001
001000000000000000000000000000000000000000000000000000000000000000000000000000000000000000000000000000000000000000000000000000000000000000000001
001000000000000000000000000000000000000000000000000000000000000000000000000000000000000000000000000000000000000000000000000000000000000000000001
001000000000000000000000000000000000000000000000000000000000000000000000000000000000000000000000000000000000000000000000000000000000000000000001
001000000000000000000000000000000000000000000000000000000000000000000000000000000000000000000000000000000000000000000000000000000000000000000001
001000000000000000000000000000000000000000000000000000000000000000000000000000000000000000000000000000000000000000000000000000000000000000000001
001000000000000000000000000000000000000000000000000000000000000000000000000000000000000000000000000000000000000000000000000000000000000000000001
001000000000000000000000000000000000000000000000000000000000000000000000000000000000000000000000000000000000000000000000000000000000000000000001
001000000000000000000000000000000000000000000000000000000000000010010000000010100000000000000000000000000000000000000000000000000000000000000001
001000000000000000000000000000000000000000000000000000000000000000010000000000100000000000000000000000000000000000000000000000000000000000000001
001000000000000000000000000000000000000000000000000000000000000000010000000000100000000000000000000000000000000000000000000000000000000000000001
001000000000000000000000000000000000000000000000000000000000000000010000000000100000000000000000000000000000000000000000000000000000000000000001
001000000000000000000000000000000000000000000000000000000000000000010000000000100000000000000000000000000000000000000000000000000000000000000001
001000000000000000000000000000000000000000000000000010101000100100010000000000100000000000000000000000000000000000000000000000000000000000000001
001000000000000000000000000000000000000000000000000000100000000100010000000000100000000000000000000000000000000000000000000000000000000000000001
001000000000000000000000000000000000000000000000000000100000000100010000000000100000000000000000000000000000000000000000000000000000000000000001
001000000000000000000000000000000000000000000000000000100000000100010000000000100000000000000000000000000000000000001010100010010000000000000001
001000000000000000000000000000000000000000000000000000100000000100010000000000100000000000000000000000000000000000000010000000010000000000000001
001000000000000000000000000000000000000000000000000000100000000100010000000000100000000000000000000000000000000000000010000000010000000000000001
001000000000000000000000000000000000000000000000000001100100010101010000000001100000000000000000000000000000101010001001000000010000000000000001
001000000000000000000000000000000000000000000000000000000000000000000000000000000000000000000000000000000000001000000001000000010000000000000001
001000000000000000000000000000000000000000000000000000000000000000000000000000000000000000000000000000000000001000000001000000010000000000000001
001000000000000000000000000000001010100010010000000000000000000000000000000000000000000000000000000000000000001000000001010001010000000000000001
001000000000000000000000000000000010000000010000000000000000000000000000000000000000000000000000000000000000001000000001000000000000000000000001
001000000000000000000000000000000010000000010000000000000000000000000000000000000000000000000000000000000000001000000001000000000000000000000001
001000000000000000000000000000000010000000010000000000000000000000000000000000000000000000000000000000000000011001000101000000000000000000000001
001000000000000000000000000000000010000000010000000000000000000000000000000000000000000000000000000000000000000000000000000000000000000000000001
001000000000000000000000000000000010000000010000000000000000000000000000000000000000000000000000000000000000000000000000000000000000000000000001
001000000000000000000000000000000110010001010000000000000000000000000000000000000000000000000000000000000000000000000000000000000000000000000001
001000000000000000000000000000000000000000000000000000000000000000000000000000000000000000000000000000000000000000000000000000000000000000000001
001000000000000000000000000000000000101010001001000000000000000000000000000000000000000000000000000000000000000000000000000000000000000000000001
001000000000000000000000000000000000001000000001000000000000000000000000000000000000000000000000000000000000000000000000000000000000000000000001
001000000000000000000000000000000000001000000001000000000000000000000000000000000000000000000000000000000000000000000000000000000000000000000001
001000000000000000000000000000000000001000000001000000000000000000000000000000000000000000000000000000000000000000000000000000000000000000000001
001000000000000000000000000000000000001000000001000000000000000000000000000000000000000000000000000000000000000000000000000000000000000000000001
001000000000000000000000000000000000001000000001000000000000000000000000000000000000000000000000000000000000000000000000000000000000000000000001
001000000000000000000000000000000000011001000101000000000000000000000000000000000000000000000000000000000000000000000000000000000000000000000001
001000000000000000000000000000000000000000000000000000000000000000000000000000000000000000000000000000000000000000000000000000000000000000000001
001000000000000000000000000000000000000000000000000000000000000000000000000000000000000000000000000000000000000000000000000000000000000000000001
001000000000000000000000000000000000000000000000000000000000000000000000000000000000000000000000000000000000000000000000000000000000000000000001
001000000000000000000000000000000000000000000000000000000000000000000000000000000000000000000000000000000000000000000000000000000000000000000001
001000000000000000000000000000000000000000000000000000000000000000000000000000000000000000000000000000000000000000000000000000000000000000000001
001000000000000000000000000000000000000000000000000000000000000000000000000000001010100010010000000000000000000000000000000000000000000000000001
001000000000000000000000000000000000000000000000000000000000000000000000000000000010000000010000000000000000000000000000000000000000000000000001
001000000000000000000000000000000000000000000000000000000000000000000000000000000010000000010000000000000000000000000000000000000000000000000001
001000000000000000000000000000000000000000000000000000000000000000000000000000000010000000011010100010010000000000000000000000000000000000000001
001000000000000000000000000000000000000000000000000000000000000000000000000000000010000000010010000000010000000000000000000000000000000000000001
001000000000000000000000000000000000000000000000000000000000000000000000000000000010000000010010000000010000000000000000000000000000000000000001
001000000000000000000000000000000000000000000000000000000000000000000000000000000110010001010010000000010000000000000000000000000000000000000001
001000000000000000000000000000000000000000000000000000000000000000000000000000000000000000000010000000010000000000000000000000000000000000000001
001000000000000000000000000000000000000000000000000000000000000000000000000000000000000000000010000000010000000000000000000000000000000000000001
001000000000000000000000000000000000000000000000000000000000000000000000000000000000000000000110010001010000000000000000000000000000000000000001
011001000100010001000100010001000100010001000100010001000100010001000100010001000100010001000100010001000100010001000100010001000100010001000101
