10101000100010001000100010001000100010001000100010001000100010001000100010001000100010001000100010001000100010001000100010001000100010001000100010001000100010001000100010001000100010001000100010001001
00100000000000000000000000010000000000000000000000000000000000000000000000000000000000000000000000000000000000001010100010010000000000000000000000000000000000000000001000000001000000000000000000000001
00100000000000000000000000010000000000000000000000000000000000000000000000000000000000000000000000000000000000000010000000010000000000000000000000000000000000000000001000000001000000000000000000000001
00100000000000000000000000010000000000000000000000000000000000000000000000000000000000000000000000000000000000000010000000010000000000000000000000000000000000000000001000000001000000000000000000000001
00100000000000000000000000010000000000000000000000000000000000000000000000000000000000000000000000000000000000000010000000010000000000000000000000000000000000000000001000000001000000000000000000000001
00100000000000000000000000010000000000000000000000000000000000000000000000000000000000000000000000000000000000000010000000010000000000000000000000000000000000000000001000000001000000000000000000000001
00100000000000000000000000010000000000000000000000000000000000000000000000000000000000000000000000000000000000000010000000010000000000000000000000000000000000000000011001000101000000000000000000000001
00100000000000000000011001000100010001000100010001000100010001000100010001000100010001000100010001000101000000000110010001010000000000000000000000000000000000000000000000000000000000000000000000000001
00100000000000000000000000010000000000000000000000000000000000000000000000000000000000000000000000000000000000000010000000000000000000000000000000000000000000000000000000000000000000000000000000000001
00100000000000000000000000010000000000000000000000000000000000000000000000000000000000000000000000000000000000000010000000000000000000000000000000000000000000000000000000000000000000000000000000000001
00100000000000000000000000010000000000000000000000000000000000000000000000000000000000000000000000000000000000000010000000000000000000000000000000000000000000000000000000000000000000000000000000000001
00100000000000000000000000010000000000000000000000000000000000000000000000000000000000000000000000000000000000000010000000000000000000000000000000000000000000000000000000000000000000000000000000000001
00100000000000000000000000010000000000000000000000000000000000000000000000000000000000000000000000000000000000000010000000000000000000000000000000000000000000000000000000000000000000000000000000000001
00100000000000000000000000010000000000000000000000000000000000000000000000001001000000000000000000000000000000000010101000000000000000000000000000000000000000000000000000000000000000000000000000000001
00100000000000000000000000010000000000000000000000000000000000000000000000000001100100000000000010100000000000000010001000000000000000000000000000000000000000000000000000000000000000000000000000000001
00100000000000000000000000010000000000000000000000000000000000000000000000000001000100000000000000100000000000000010001000000000000000000000000000000000000000000000000000000000000000000000000000000001
00100000000000000000000000010000000000000000000000000000000000000000000000000001000100000000000000100000000000000010001000000000000000000000000000000000000000000000000000000000000000000000000000000001
00100000000000000000000000010000000000000000000000000000000000000000000000000001000100000000000000100000000000000010001000000000000000000000000000000000000000000000000000000000000000000000000000000001
00100000000000000000000000010000000000000000000000000000000000000000000000000001000100000000000000100000000000000010001000000000000000000000000000000000000000000000000000000000000000000000000000000001
00100000000000000000101010001000100010001000100010001000100010001000100010001000100010001000100010001001000000000010001000000000000000000000000000000000000000000000000000000000000000000000000000000001
00100000000000000000000000010000000000000000000000000000000000000000000000000001000100000000000000100000000000000010001000000000000000000000000000000000000000000000000000000000000000000000000000000001
00100000000000000000000000010000000000000000000000000000000000000000000000000001000100000000000000100000000000000010001000000000000000000000000000000000000000000000000000000000000000000000000000000001
00101010100010010000000000010000000000000000000000000000000000000000000000000001000100000000000000100000000000001001001010100000000000000000000000000000000000000000000000000000000000000000000000000001
00100010000000010000000000010000000000000000000000000000000000000000000000000001000100000000000000100000101010001001001000100000000000000000000000000000000000000000000000000000000000000000000000000001
00100010000000010000000000010000000000000000000000000000000000000000000000000001000100000000000000100000001000000001001000100000000000000000000000000000000000000000000000000000000000000000000000000001
00100010000000010000000000010000000000000000000000000000000000000000000000000001000100000000000000100000001000000001001000100000000000000000000000000000000000000000000000000000000000000000000000000001
00100010000000010000000000010000000000000000000000000000000000000000000000000001010100000000000001100000001000000001001000100000000000000000000000000000000000000000000000000000000000000000000000000001
00100010000000010000000000010000000000000000000000000000000000000000000000000001000000000000000000000000001000000001001000100000000000000000000000000000000000000000000000000000000000000000000000000001
00100110010001010000000000010000000000000000000000000000000000000000000000000001000000000000000000000000001000000001001000100000000000000000000000000000000000000000000000000000000000000000000000000001
00100000000000000000000000010000000000000000000000000000000000000000000000000001000000000000000000000000011001000101001000100000000000000000000000000000000000000000000000000000000000000000000000000001
00100000000000000000000001010000000000000000000000000000000000000000000000000001000000000000000000000000000000000001001000100000000000000000000000000000000000000000000000000000000000000000000000000001
00100000000000000000000000000000000000000000000000000000000000000000000000000101000000000000000000000000000000000001011000100000000000000000000000000000000000000000000000000000000000000000000000000001
00100000000000000000000000000000000000000000000000000000000000000000000000000000000000000000000000000000000000000101000001100000000000000000000000000000000000000000000000000000000000000000000000000001
00100000000000000000000000000000000000000000000000000000000000000000000000000000000000000000000000000000000000000000000000000000000000000000000000000000000000000000000000000000000000000000000000000001
00100000000000000000000000000000000000000000000000000000000000000000000000000000000000000000000000000000000000000000000000000000000000000000000000000000000000000000000000000000000000000000000000000001
00100000000000000000000000000000000000000000000000000000000000000000000000000000000000000000000000000000000000000000000000000000000000000000000000000000000000000000000000000000000000000000000000000001
00100000000000000000000000000000000000000000000000000000000000000000000000000000000000000000000000000000000000000000000000000000000000000000000000000000000000000000000000000000000000000000000000000001
00100000000000000000000000000000000000000000000000000000000000000000000000000000000000000000000000000000000000000000000000000000000000000000000000000000000000000000000000000000000000000000000000000001
00100000000000000000000000000000000000000000000000000000000000000000000000000000000000000000000000000000000000000000000000000000000000000000000000000000000000000000000000000000000000000000000000000001
01100100010001000100010001000100010001000100010001000100010001000100010001000100010001000100010001000100010001000100010001000100010001000100010001000100010001000100010001000100010001000100010001000101
