10101000100010001000100010001000100010001000100010001000100010001000100010001000100010001000100010001000100010001000100010001000100010001000100010001000100010001000100010001000100010001001
00100000000000000000000000001001000000000000101000000000000000000000000000000000000000000000000000000000000000000000000000000000000000000000000000000000000000000000000000000000000000000001
00100000000000000000000000000001000000000000001000000000000000000000000000000000000000000000000000000000000000000000000000000000000000000000000000000000000000000000000000000000000000000001
00100000000000000000000000000001000010010000001000000000000000000000000000000000000010100000000000000000000000000000000000000000000000000000000000000000000000000000000000000000000000000001
00100000000000000000000000000001000000011001001000000000000000000000000000000000000000100000000000000000000000000000000000000000000010100000000000000000000000000000000000000000000000000001
00100000000000000000000000000001000000010001001000000000000000000000000000000000000000100000000000000000000000000000000000000000000000100000000000000000000000000000000000000000000000000001
00100000000000000000000000000001000000010001001000000000000000000000000000000000000000100000000000000000000000000000000000000000000000100000000000000000000010101000100100000000000000000001
00100000000000000000011001000100010001000100010001000100010001000100010001000100010001000100010001000100010001000100010001000100010001000100010001000100010001000100010001000100010100000001
00100000000000000000000000000001000000010001001000100001000000000000000000000000001000100000000000000000000000000000000000000000000000100000000000000000000000100000000100000000000000000001
00100000000000000000000000000001000000010001001000100001000000000000000000000000001000100000000000000000000000000000000000000000000000100000000000000000000000100000000100000000000000000001
00100000000000000000000000000001000000010001001000100001000000000000000000000000001000100000000000000000000000000000000000000000000000100000000000000000000000100000000100000000000000000001
00100000000000000000000000000001000010101000100100100001000000000000000000000000001000100000000000000000000000000000000000000000000000100000000000000000000000100000000100000000000000000001
00100000000000000000000000000001000000100001000100100001000000000000000000000000001000100000000000000000000000000000000000000000000000100000000000000000000001100100010100000000000000000001
00100000000000000000000000000101000000100001000100100001000000000000000000000000001000100000000000000000000000000000000000000000000000100000000000000000000000000000000000000000000000000001
00100000000000000000000000000000000000100001000101100001000000000000000000000000100100100000000000000000000000000000101000000000101000100000000000000000000000000000000000000000000000000001
00100000000000000000000000000000000000100001000100000001000000000000000000000000000100100000000000000000000000000000001000000000001000100000000000000000000000000000000000000000000000000001
00100000000000000000000000000000000000100001000100000001000000000000000000000000000100100000000000000000000000000000001000000000001000100000000000000000000000000000000000000000000000000001
00100000000000000000000000000000000001100100010100000001000000000000000000000000000100100000000000000000000000000000001000000000001000100000000000000000000000000000000000000000000000000001
00100000000000000000000000000000000000010001000000000001000000000000000000000000000100100000000000000000000000000000001000000000001000100000000000000000000000000000000000000000000000000001
00100000000000000000000000000000000000010001000000000001000000000000000000000000000100100000000000000000000000000000001000000000001000100000000000000000000000000000000000000000000000000001
00100000000000000000000000000000000000010001000000000001000000000000000000000000000100100000000000000000000000000000001000000000001000100000000000000000000000000000000000000000000000000001
00100000000000000000000000000000000000010001000000000001000000000000000000000000000100100000000000000000000010010000101000000000001000100000000000000000000000000000000000000000000000000001
00100000000000000000000000000000000000010001000000000101000000000000000000000000000100100000000000000000000000011001001000000000001000101010000000000000000000000000000000000000000000000001
00101010100010010000000000000000000001010001000000000000000000000000000000000000000101100000000000000000000000010001001000000000001000100010000000000000000000000000000000000000000000000001
00100010000000010000000000000000000000000001000000000000000000000000000000000000000100000000000000000000000000010001001000000000001000100010000000000000000000000000000000000000000000000001
00100010000000010000000000000000000000000001000000000000000000000000000000000000000100000000000000000000000000010001001000000000001000100010000000000000000000000000000000000000000000000001
00100010000000010000000000000000000000000001000000000000000000000000000000000000000100000000000000000000000000010001101010001000100100100010000000000000000000000000000000000000000000000001
00100010000000010000000000000000000000000001000000000000000000000000000000000000000100000000000000000000000000010001001000000000000100100010000000000000000000000000000000000000000000000001
00100010000000010000000000000000000000000001000000000000000000000000000000000000000100000000000000000000000000010001001000000000000100100010000000000000000000000000000000000000000000000001
00100110010001010000000000000000000000000001000000000000000000000000000000000000000100000000000000000000000000010001001000000000000100100010000000000000000000000000000000000000000000000001
00100000000000000000000000000000000000000001000000000000000000000000000000000000000100000000000000000000000000010001001000000000000100100010000000000000000000000000000000000000000000000001
00100000000000000000000000000000000000000001000000000000000000000000000000000000000100000000000000000000000001010001011001000100010100100010000000000000000000000000000000000000000000000001
00100000000000000000000000000000000000000001000000000000000000000000000000000000000100000000000000000000000000000001000000000000001000100010000000000000000000000000000000000000000000000001
00100000000000000000000000000000000000000001000000000000000000000000000000000000000100000000000000000000000000000001000000000000001000100010000000000000000000000000000000000000000000000001
00100000000000000000000000000000000000000001000000000000000000000000000000000000010100000000000000000000000000000001000000000000011000100010000000000000000000000000000000000000000000000001
00100000000000000000000000000000000000000101000000000000000000000000000000000000000000000000000000000000000000000001000000000000000001100010000000000000000000000000000000000000000000000001
00100000000000000000000000000000000000000000000000000000000000000000000000000000000000000000000000000000000000000101000000000000000000000110000000000000000000000000000000000000000000000001
00100000000000000000000000000000000000000000000000000000000000000000000000000000000000000000000000000000000000000000000000000000000000000000000000000000000000000000000000000000000000000001
00100000000000000000101010001000100010001000100010001000100010001000100010001000100010001000100010001000100010001000100010001000100010001000100010001000100010001000100010001000100100000001
00100000000000000000000000000000000000000000000000000000000000000000000000000000000000000000000000000000000000000000000000000000000000000000000000000000000000000000000000000000000000000001
00100000000000000000000000000000000000000000000000000000000000000000000000000000000000000000000000000000000000000000000000000000000000000000000000000000000000000000000000000000000000000001
01100100010001000100010001000100010001000100010001000100010001000100010001000100010001000100010001000100010001000100010001000100010001000100010001000100010001000100010001000100010001000101
