1010100010001000100010001000100010001000100010001000100010001000100010001000100010001000100010001000100010001000100010001000100010001000100010001000100010001000100010001001
0010000000000000000000000001100100000000000000000000000000000000000000000000000000000000000000000000000000100000000000000000000000000000000000000000000010100000000000000001
0010000000000000000000000001000100000000000000000000000000000000000000000000000000000000000000000000000000100000000000000000000000000000000000000000000000100000000000000001
0010000000000000000000000001000100000000000000000000000000000000000000000000000000000000000000000000000000100000000000000000000000000000000000000000000000100000000000000001
0010000000000000000000000001000100000000000000000000000000000000000000000000000000000000000000000000000000100000000000000000000000000000000000000000000000100000000000000001
0010000000000000000000000001000100000000000000000000000000000000000000000000000000000000000000000000000000100000000000000000000000000000000000000000000000100000000000000001
0010000000000000000000000001000100000000000000000000000000000000000000000000000000000000000000000000000000100000000000000000000000000000000000000000000000100000000000000001
0010000000000000000000000001000100000000000000000000100100000000000000000000000000000000101000000000000000100000000000000000000000000000000000000000000000100000000000000001
0010000000000000000000000001000100000000000000000000000100000000000000000000000000000000001000000000000000100000000000000000000000000000000000000000000000100000000000000001
0010000000000000000000000001000100000000000000000000000100000000000000000000000000000000001000000000000000100000000000000000000000000000000000000000000000100000000000000001
0010000000000000000000000001000100000000000000001010100010010000000000000000000000000000001000000000000000100000000000000000000000000000000000000000000000100000000000000001
0010000000000000000000000001000100000000000000000010000100010000000000000000000000000000001000000000000000100000000000000000000000000000000000000000000000100000000000000001
0010000000000000000000000001000100000000000000000010000100010000000000000000000000000000001000000000000000100000000000000000000000000000000000000000000000100000000000000001
0010000000000000000000000001000100000000000000000010000100010000000000000000100100000000001000000000101000100000000000000000000000000000000000000000000000100000000000000001
0010000000000000000000000001000100000000000000000010000100010000000000000000000100000000001000000000001000100000000000000000000000000000000000000000000000100000000000000001
0010000000000000000000000001000100000000000000000010000100010000000000000000000100000000001000000000001000100000000000000000000000000000000000000000000000100000000000000001
0010000000000000000000000001000100000000000000000110010001010000000000000000000100000000001000000000001000100000000000000000000000000000000000000000000000100000000000000001
0010000000000000000000000001000100000000000000000000000100000000000000000000000100000000001000000000001000100000000000000000000000000000000000000000000000100000000000000001
0010000000000000000000000001000100000000000000000000000100000000011001000100010001000100010001000100010001000100010001000100010100000000000000000000000000100000000000000001
0010000000000000000000000001000100000000000000000000000100000000000000000000000100000000001000000000001000100000000000000000000000000000000000000000000000100000000000000001
0010000000000000000000000001000100000000000000000000000100001010100010010000000100000000001000000000001000100000000000000000000000000000000000000000000000100000000000000001
0010000000000000000000000001000100000000000000000000000100000010101010001001000100000000001000000000001000100000000000000000000000000000000000000000000000100000000000000001
0010000000000000000000000001000100000000000000000000000100000010001000010001000100000000001000000000001000100000000000000000000000000000000000000000000000100000000000000001
0010000000000000000000000001000100000000000000000000000100000010001000010001000100000000001000000000001000100000000000000000000000000000000000000000000000100000000000000001
0010000000000000000000000001000100000000000000000000010100000010001000010001000100000000011000000000001000100000000000000000000000000000000000000000000000100000000000000001
0010000000000000000000000001000100000000000000000000000000000010101010001000100010001000100010001000100010001000100010001000100100000000000000000000000000100000000000000001
0010000000000000000000000001000100000000000000000000000000000110001001010001000100000000000000000000001000100000000000000000000000000000000000000000000000100000000000000001
0010000000000000000000000001000100000000000000000000000000000000011001000101010100000000000000000000011000100000000000000000000000000000000000000000000000100000000000000001
0010000000000000000000000101000100000000000000000000000000000000000000000000000000000000000000000000000001100000000000000000000000000000000000000000000000100000000000000001
0010000000000000000000000000000100000000000000000000000000000000000000000000000000000000000000000000000000000000000000000000000000000000101010010000000000100000000000000001
0010000000000000000000000000000100000000000000000000000000000000000000000000000000000000000000000000000000000000000000000000000000000000001000010000000000100000000000000001
0010000000000000000000000000000100000000000000000000000000000000000000000000000000000000000000000000000000000000000000000000000000000000001000010000000000100000000000000001
0010000000000000000000000000000100000000000000000000000000000000000000000000000000000000000000000000000010101000100100000000000000000000001000010000000000100000000000000001
0010000000000000000000000000000100000000000000000000000000000000000000000000000000000000000000000000000000100000000100000000000000000000001000010000000000100000000000000001
0010000000000000000000000000000100000000000000000000000000000000000000000000000000000000000000000000000000100000000100000000000000000000001000010000000000100000000000000001
0010000000000000000000000000000100000000000000000000000000000000000000000000000000000000000000000000000000100000000100000000000000000000001000010000000000100000000000000001
0010000000000000101010001001000100000000000000000000000000000000000000000000000000000000000000000000000000100000000100000000000000000000011001010000000000100000000000000001
0010000000000000001000000001000100000000000000000000000000000000000000000000000000000000000000000000000000100000000100000000000000000000000000000000000000100000000000000001
0010000000000000001000000001000100000000000000000000000000000000000000000000000000000000000000000000000001100100010100000000000000000000000000000000000000100000000000000001
0010000000000000001000000001000100000000000000000000000000000000000000000000000000000000000000000000000000000000000000000000000000000000000000000000000000100000000000000001
0010000000000000001000000001010100000000000000000000000000000000000000000000000000000000000000000000000000000000000000000000000000000000000000000000000001100000000000000001
0010000000000000001000000001000000000000000000000000000000000000000000000000000000000000000000000000000000000000000000000000000000000000000000000000000000000000000000000001
0010000000000000011001000101000000000000000000000000000000000000000000000000000000000000000000000000000000000000000000000000000000000000000000000000000000000000000000000001
0010000000000000000000000000000000000000000000000000000000000000000000000000000000000000000000000000000000000000000000000000000000000000000000000000000000000000000000000001
0010000000000000000000000000000000000000000000000000000000000000000000000000000000000000000000000000000000000000000000000000000000000000000000000000000000000000000000000001
0110010001000100010001000100010001000100010001000100010001000100010001000100010001000100010001000100010001000100010001000100010001000100010001000100010001000100010001000101
