1010100010001000100010001000100010001000100010001000100010001000100010001000100010001000100010001000100010001000100010001000100010001000100010001000100010001000100010001000100010001001
0010000000000000000000000000000000000000000000000000000000000000000000000000000000000000000000000000000000000000000000000000000000000000000000000000000000000000000000000000000000000001
0010000000000000000000000000000000000000000000000000000000000000000000000000000000000000000000000000000000000000000000000000000000000000000000000000000000000000000000000000000000000001
0010011001000100010001000100010001000100010001000100010001010000000000000000000000000000000010100000000000000000000000000000000000000000000000000000000000000000000000000000000000000001
0010101010001001000000000000000000000001100100000000000000000000000000000000000000000000000000100000000000000000000000001010000000000000000000000000000000000000000000000000000000000001
0010001000000001000000000000000000000001000100000000000000000000000000000000000000000000000000100000000000000000000000000010000000000000000000000000000000000000000000000000000000000001
0010001000000001000000000000000000000001000100000000000000000000000000000000000000000000000000100000000000000000000000000010000000000000000000000000000000000000000000000000000000000001
0010001000000001000000000000000000000001000100000000000000000000000000000000000000000000000000100000000000000000000000000010000000000000000000000000000000000000000000000000000000000001
0010101010001000100010001000100010001000100010001000100010010000000000000000000000000000000000100000000000000000000000000010000000000000000000000000000000000000000000000000000000000001
0010001000000001000000000000000000000001000100000000000000000000000000000000000000000000000000100000000000000000000000000010000000000000000000000000000000000000000000000000000000000001
0010011001000101000000000000000000000001000100000000000000000000000000000000000000000000000000100000000000000000000000000010000000000000000000000000000000000000000000000000000000000001
0010000000000000000000000000000000000001000100000000000000000000000000000000000000000000000000100000000000000000000000000010000000000000000000000000000000000000000000000000000000000001
0010000000000000000000000000000000000001000100000000000000000000000000000000000000000000000000100000000000000000000000000010000000000000000000000000000000000000000000000000000000000001
0010000000000000000000000000000000000001000101100100010001000100010001000100010001010000000000100000000000000000000000000010000000000000000000000000000000000000000000000000000000000001
0010000000000000000000000000000000000001000110101000100010001000100010001000100010010000000000100000000000000000000000000010000000000000000000000000000000000000000000000000000000000001
0010000000000000000000000000000000000001000100000000000000000000000000000000000000000000000000100000000000000000000000000010000000000000000000000000000000000000000000000000000000000001
0010000000000000000000000000000000000001000100000000000000000000000000000000000000000000000000100000000000000000000000000010000000000000000000000000000000000000000000000000000000000001
0010000000000000000000000000000000000001000100000000000000000000000010101000100010001000100010010000000000000000000000000010000000000000000000000000000000000000000000000000000000000001
0010000000000000000000000000000000000001000100000000000000000000000000100000000000000000000000010000000000000000000000000010000000000000000000000000000000000000000000000000000000000001
0010000000000000000000000000000000000001000100000000000000000000000001100100010001000100010001010000000000000000000000000010000000000000000000000000000000000000000000000000000000000001
0010000000000000000000000000000000000001000100000000000000000000000000000000000000000000000000100000000000000000000000000010000000000000000000000000000000000000000000000000000000000001
0010000000000000000000000000000000000001000100000000000000000000000000000000000000000000000000100000000000000000000000000010000000000000000000000000000000000000000000000000000000000001
0010000000000000000000000000000000000001000100000000000000000000000000000000000000000000000000100000000000000000000000000010000000000000000000000000000000000000000000000000000000000001
0010000000000000000000000000000000000001000100000000000000000000000000000000000000000000000000100000000000000000000000000010000000000000000000000000000000000000000000000000000000000001
0010000000000000000000000000000000000001000100000000000000000000000000000000000000000000000000100000000000000000000000000010000000000000000000000000000000000000000000000000000000000001
0010000000000000000000000000000000000101000100000000000000000000000000000000000000000000000001100000000000000000000000000010100100001010000000000000000010101000100100000000000000000001
0010000000000000000000000000000000000000000100000000000000000000000000000000000000000000000000000000000000000000000000000010000100000010000000000000000000100000000100000000000000000001
0010000000000000000000000000000000000000000100000000000000000000000000000000000000000000000000000000000000000000000000000010000100000010000000000000000000100000000100000000000000000001
0010000000000000000000000000000000000000000100000000000000000000000000000000000000000000000000000000000000000000000000000010000100000010000000000000000000100000000100000000000000000001
0010000000000000000000000000000000000000000100000000000000000000000000000000000000000000000000000000000000000000000000000010000100001010100010010000000000100000000100000000000000000001
0010000000000000000000000000000000000000000100000000000000000000000000000000000000000000000000000000000000000000000000000010000100000010000000010000000000100000000100000000000000000001
0010000000000000000000000000000000000000000100000000000000000000000000000000000000000000000000000000000000000000000000000010000100000010000000010000000001100100010100000000000000000001
0010000000000000000000000000000000000000010100000000000000000000000000000000000000000000000000000000000000000000000000000110000100000010000000010000000000000000000000000000000000000001
0010000000000000000000000000000000000000000000000000000000000000000000000000000000000000000000000000000000000000000000000000000100000010000000011010100010001001000000000000000000000001
0010000000000000000000000000000000000000000000000000000000000000000000000000000000000000000000000000000000000000000000000000000100000010000000010010000000000001000000000000000000000001
0010000000000000000000000000000000000000000000000000000000000000000000000000000000000000000000000000000000000000000000000000010100000110010001010010000000000001000000000000000000000001
0010000000000000000000000000000000000000000000000000000000000000000000000000000000000000000000000000000000000000000000000000000000000000000000000010000000000001000000000000000000000001
0010000000000000000000000000000000000000000000000000000000000000000000000000000000000000000000000000000000000000000000000000000000000000000000000010000000000001000000000000000000000001
0010000000000000000000000000000000000000000000000000000000000000000000000000000000000000000000000000000000000000000000000000000000000000000000000110010001000101000000000000000000000001
0010000000000000000000000000000000000000000000000000000000000000000000000000000000000000000000000000000000000000000000000000000000000000000000000000000000000000000000000000000000000001
0010000000000000000000000000000000000000000000000000000000000000000000000000000000000000000000000000000000000000000000000000000000000000000000000000000000000000000000000000000000000001
0010000000000000000000000000000000000000000000000000000000000000000000000000000000000000000000000000000000000000000000000000000000000000000000000000000000000000000000000000000000000001
0110010001000100010001000100010001000100010001000100010001000100010001000100010001000100010001000100010001000100010001000100010001000100010001000100010001000100010001000100010001000101
