10101000100010001000100010001000100010001000100010001000100010001000100010001000100010001000100010001000100010001000100010001000100010001000100010001000100010001000100010001000100010001000100010001000100010001000100010001001
00100000000000100000000100000000000000000000000000000000000000000000000000000000000000000000000000000000000000000000000000000000000000000000000000000000000000000000000000000000000000000000000000000000000000000000000000000001
00100000000000100000000100000000000000000000000000000000000000000000000000000000000000000000000000000000000000000000000000000000000000000000000000000000000000000000000000000000000000000000000000000000000000000000000000000001
00100000000000100000000100000000000000000000000000000000000000000000000000001010100010010000000000000000000000000000000000000000000000000000000000000000000000000000000000000000000000000000000000000000000000000000000000000001
00100000000000100000000100000000000000000000000000000000000000000000000000000010000000010000000000000000000000000000000000000000000000000000000000000000000000000000000000001010100010010000000000000000000000000000000000000001
00100000000000100000000100000000000000000000000000000000000000000000000000000010000000010000000000000000000000000000000000000000000000000000000000000000000000000000000000000010000000010000000000000000000000000000000000000001
00100000000001100100010100000000000000000000000000000000000000000000000000000010000000010000000000000000000000000000000000000000000000000000000000000000000000000000000000000010000000010000000000000000000000000000000000000001
00100000000000000000000000000000000000000000000000000000000000000000000000000010000000010000000000000000000000000000000000000000000000000000000000000000000000000000000000000010000000010000000000000000000000000000000000000001
00100000000000000000000000000000000000000000000000000000000000000000000000000010000000010000000000000000000000000000000000000000000000000000000000000000000000000000000000000010000000010000000000000000000000000000000000000001
00100000000000000000000000000000000000000000000000000000000000000000000000000110010001010000000000000000000000000000000000000000000000000000000000000000000000000000000000000010000000010000000000000000000000000000000000000001
00100000000000000000000000000000000000000000000000000000000000000000000000000000000000000000000000000000000000000000000000000000000000000000000000000000000000000000000000000110010001010000000000000000000000000000000000000001
00100000000000000000000000000000000001100100010001000100010001000100010001000100010001000100010001000100010001000100010001000100010001000100010100000000000000000000000000000000000000000000000000000000000000000000000000000001
00100000000000000000000000000000000000000000000000000000000000000000000010010000000000000000000000000000000010100000000000100000000100000000000000000000000000000000000000000000000000000000000000000000000000000000000000000001
00100000000000000000000000000000000000000000000000000000000000000000000000010000000000000000000000000000000000100000000000100000000100000000000000000000000000000000000000000000000000000000000000000000000000000000000000000001
00100000000000000000000000000000000000000000000000000000000000000000000000010000000000000000000000000000000000100000000000100000000100000000000000000000000000000000000000000000000000000000000000000000000000000000000000000001
00100000000000000000000000000000000000000000000000000110010001000100010001000100010001000100010001000100010001000100010001010000000100000000000000000000000000000000000000000000000000000000000000000000000000000000000000000001
00100000000000000000000000000000000000000000000000000000000000000000000000010000000000000000000000000000000000100000000000100000000100000000000000000000000000000000000000000000000000000000000000000000000000000000000000000001
00100000000000000000000000000000000000000000000000000000000000000000000000010000000000000000000000000000000000100000000001100100010100000000000000000000000000000000000000000000000000000000000000000000000000000000000000000001
00100000000000000000000000000000000000000000000000000000000000000000000000010000000000000000000000000000000000100000000000000000000000000000000000000000000000000000000000000000000000000000000000000000000000000000000000000001
00100000000010101000100100000000000000000000000000000000000000000000000010101010100010001000100010001001000010101000100100001010101010001001000000000000000000000000000000000000000000000000000000000000000000000000000000000001
00100000000000100000000100000000000000000000000000000000000000000000000000100010000100000000000000000001000000100000000100000010001000000001000000000000000000000000000000000000000000000000000000000000000000000000000000000001
00100000000000100000000100000000000000000000000000000000000000000000000000100110010001000100010001000001000000100000000100000010001000000001000000000000000000000000000000000000000000000000000000000000000000000000000000000001
00100000000000100000000100000000000000000000000000000000000000000000000000100000000100000000000000000001000000100000000100000010001000000001000000000000000000000000000000000000000000000000000000000000000000000000000000000001
00100000000000100000000100000000000000000000000000000000000000000000000000100000000100000000000000000001000000100000000100000010001000000001000000000000000000000000000000000000000000000000000000000000000000000000000000000001
00100000000000100000000100000000000000000000000000001010100010001000100010001000100010001000100010001000100010001000100010010010001000000001000000000000000000000000000000000000000000000000000000000000000000000000000000000001
00100000000001100100010100000000000000000000000000000000000000000000000001100100010100000000000000000001000001100100010100000010011001000101000000000000000000000000000000000000000000000000000000000000000000000000000000000001
00100000000000000000000000000000000000000000000000000000000000000000000000010000000000000000000000000001000000100000000000000010000000000000000000000000000000000000000000000000000000000000000000000000000000000000000000000001
00100000000000000000000000000000000000000000000000000000000000000000000000010000000000000000000000000001000000100000000000000010000000000000000000000000000000000000000000000000000000000000000000000000000010101000100100000001
00100000000000000000000000000000000000000000000000000000000000000000000000010000000000000000000000000001000000100000000000000010000000000000000000000000000000000000000000000000000000000000000000000000000000100000000100000001
00100000000000000000000000000000000010101000100010001000100010001000100010001000100010001000100010001000100010001000100010001000100010001000100100000000000000000000000000000000000000000000000000000000000000100000000100000001
00100000000000000000000000000000000000000000000000000000000000000000000000000000000000000000000000000001000000000000000000000010000000000000000000000000000000000000000000000000000000000000000000000000000000100000000100000001
00100000000000000000000000000000000000000000000000000000000000000000000000000000000000000000000000000001000000000000000000000010000000000000000000000000000000000000000000000000000000000000000000000000000000100000000100000001
00100000000000000000000000000000000000000000000000000000000000000000000000000000000000000000000000000001000000000000000000000010000000000000000000000000000000000000000000000000000000000000000000000000000000100000000100000001
00100000000000000000000000000000000000000000000000000000000000000000000000000000000000000000000000000101000000000000000000000110000000000000000000000000000000000000000000000000000000000000000000000000000001100100010100000001
01100100010001000100010001000100010001000100010001000100010001000100010001000100010001000100010001000100010001000100010001000100010001000100010001000100010001000100010001000100010001000100010001000100010001000100010001000101
