10101000100010001000100010001000100010001000100010001000100010001000100010001000100010001000100010001000100010001000100010001000100010001000100010001001
00100000000000000000000000000000000000000000000000000000000000000000000000000000000000000000000000000000000000000010000000010000000000000000000000000001
00100000000000000000000000000000000000000000000000000000000000000000000000000000000000000000000000000000000000000010000000010000000000000000000000000001
00100000000000000000000000000000000000000000000000000000000000000000000000000000000000000000000000000000000000000010000000010000000000000000000000000001
00100000000000000000000000000000000000000000000000000000000000000000000000000000000000000000000000000000000000000010000000010000000000000000000000000001
00100000000000000000000000000000000000000000000000000000000000000000000000000000000000000000000000000000000000000010000000010000000000000000000000000001
00100000000000000000000000000000000000000000000000000000000000000000000000000000000000000000000000000000000000000110010001010000000000000000000000000001
00100000000000000000000000000000000000000000000000001001000000000000000000000000000000000000000000000000000000000000000000000000000000000000000000000001
00100000000000000000000000000000000000000000000000000001000000000000000000000000000000000000000000000000000000000000000000000000000000000000000000000001
00100000000000000000000000000000000000000000000000000001000000000000000000000000000000000000000000000000000000000000000000000000000000000000000000000001
00100000000000000000000000000000000000000000000000000001000000000000000000000000000000000000000000000000000000000000000000000000000000000000000000000001
00100000000000000000000000000000000000000000000000000001000000000000000000000000000000000000000000000000000000000000000000000000000000000000000000000001
00100000000000000000000000000000000000000000000000000001000000000000000000000000000000000000000000000000000000000000000000000000000000000000000000000001
00100000000000000000000000000000000000000000000000000001000000000000000000000000000000000000000000000000000000000000000000000000000000000000000000000001
00100000000000000000000000000000000000000000000000000001000000000000000000000000000000000000000000000000000000000000000000000000000000000000000000000001
00100000000000000000000000000000000000000000000000000001000000000000000000000000000000000000000000000000000000000000000000000000000000000000000000000001
00100000000000000000000000000000000000000000000000000001000000000000000000000000000000000000000000000000000000000000000000000000000000000000000000000001
00100000000000000000000000000000000000000000000000000001000000000000000000000000000000000000000000000000000000000000000000000000000000000000000000000001
00100000000000000000000000000000000000000000000000000001000000000000000000000000000000000000000000000000000000000000000000000000000000000000000000000001
00100000000000000000000000000000000000000000000000000001000000000000000000000000000000000000000000001001000000000000000000000000000000000000000000000001
00100000000000000000000000000000000000000000000000000001000000000000000000000000000000000000000000000001000000000000000000000000101010001001000000000001
00100000000000000000000000000000000000000000000000000001000000000000000000000000000000000000000000000001000000000000000000000000001000000001000000000001
00100000000000000000000000000000000000000000000000000001000000000000000000000000000000000000000000000001000000001001000000000000001000001010000000000001
00100000000000000000000000000000000000000000000000000001000000000000000000000000000000000000000000000001000000000001000000000000001000000010000000000001
00100000000000000000000000000000000000000000000000000001000000000000000000000000000000000000000000000001000000000001000000000000001000000010000000000001
00100000000000000000000000000000000000000000000000000001000000000000000000000000000000000000000000000001000000000001000000001001001000000010000000000001
00100000000000000000000000000000000000000000000000000001000000000000000000000000000000000000000000000001000000000001000000000001011001000010000000000001
00100000000000000000000000000000000000000000000000000001000000000000000000000000000000000000000000000001000000000001000000000001000000000010000000000001
00100000000000000000000000000000000000000000000000000001000000000000000000000000000000000000000000000001000000000001000000000001000000000010000000000001
00100000000000000000000000000000000000000000000000000001000000000000000000000000000000000000000000000001000000000001000000000001000000000010000000000001
00100000000000000000000000000000000000000000000000000001000000000000000000000000000000000000000000000001000000000001000000000001000000000010000000000001
00100000000000000000000000000000000000000000000000000001000000000000000000000000000000000000000000000001000000000001000000000001000000000010000000000001
00100000000000000000000000000000000000000000000000000001000000000000000000000000000000000000000000000001000000000001000000000001000000000010000000000001
00100000000000000000000000000000000000000000000000000001000000000000000000000000000000000000000000000001000000000001000000000101000000000010000000000001
00100000000000000000000000000000000000000000000000000001000000000000000000000000000000000000000000000001000000000001000000000000000000000010000000000001
00100000000000000000000000000000000000000000000000000001000000000000000000000000000000000000000000000001000000000001000000000000000000000010000000000001
00100000000000000000000000000000000000000000000000000001000000000000000000000000000000000000000000000001000000000101000000000000000000000110000000000001
00100000000000000000000000000000000000000000000000000001000000000000000000000000000000000000000000000001000000000000000000000000000000000000000000000001
00100000000000000000000000000000000000000000000000000001000000000000000000000000000000000000000000000001000000000000000000000000000000000000000000000001
00100000000000000000000000000000000000000000000000000101000000000000000000000000000000000000000000000101000000000000000000000000000000000000000000000001
00100000000000000000000000000000000000000000000000000000000000000000000000000000000000000000000000000000000000000000000000000000000000000000000000000001
00100000000000000000000000000000000000000000000000000000000000000000000000000000000000000000000000000000000000000000000000000000000000000000000000000001
00100000000000000000000000000000000000000000000000000000000000000000000000000000000000000000000000000000000000000000000000000000000000000000000000000001
00100000000000000000000000000000000000000000000000000000000000000000000000000000000000000000000000000000000000000000000000000000000000000000000000000001
00100000000000000000000000000000000000000000000000000000000000000000000000000000000000000000000000000000000000000000000000000000000000000000000000000001
00100000000000000000000000000000000000000000000000000000000000000000000000000000000000000000000000000000000000000000000000000000000000000000000000000001
00100000000000000000000000000000000000000000000000000000000000000000000000000000000000000000000000000000000000000000000000000000000000000000000000000001
00100000000000000000000000000000000000000000000000000000000000000000000000000000000000000000000000000000000000000000000000000000000000000000000000000001
00100000000000000000000000000000000000000000000000000000000000000000000000000000000000000000000000000000000000000000000000000000000000000000000000000001
00100000000000000000000000000000000000000000000000000000000000000000000000000000000000000000000000000000000000000000000000000000000000000000000000000001
00100000000000000000000000000000000000000000000000000000000000000000000000000000000000000000000000000000000000000000000000000000000000000000000000000001
01100100010001000100010001000100010001000100010001000100010001000100010001000100010001000100010001000100010001000100010001000100010001000100010001000101
