1010100010001000100010001000100010001000100010001000100010001000100010001000100010001000100010001000100010001000100010001000100010001000100010001000100010001000100010001001
0010000000000000000000000000100100000000000000000000000000000000000000001010000000000000000000000000000000000000000000000000000000000000000000000000001000000001000000000001
0010000000000000000000000000000100000000000000000000000000000000000000000010000000000000000000000000000000000000000000000000000000000000000000000000001000000001000000000001
0010000000000000000000000000000100000000000000000000000000000000000000000010000000000000000000000000000000000000000000000000000000000000000000000000001000000001000000000001
0010000000000000000000000000000100000000000000000000000000000000000000000010000000000000000000000000000000000000000000000000000000000000000000000000001000000001000000000001
0010000000000000000000000000000100000000000000000000000000000000000000000010000000000000000000000000000000000000000000000000000000000000000000000000001000000001000000000001
0010000000000000000000000000000100000000000000001001000000000000000000000010000000000000000000000000000000000000000000000000000000000000000000000000011010100101000000000001
0010100010010000000000000000000100000000000000000001000000000000000000000010000000000000000000000000000000000000000000000000000000000000000000000000000000100000000000000001
0010000000010000000000000000000100000000000000000001000000000000000000000010000000000000000000000000000000000000000000000000000000000000000000000000000000100000000000000001
0010101010001001000000000000000100000000000000000001000000000000000000000010000000000000000000000000000000000000000000000000000000000000000000000000000000100000000000000001
0010001000010001000000000000000100000000000000000001000000000000000000000010000000000000000000000000000000000000000000000000000000000000000000000000000000100000000000000001
0010001000010001000000000000000100000000000000000001000000000000000000000010000000000000000000000000000000000000000000000000000000000000000000000000000000100000000000000001
0010001000010001000000000000000100000000000000000001000000000000000000000010000000000000000000000000000000000000000000000000000000000000000000000000000000100000000000000001
0010001001010001000000000000000100000000000000000001000000000000000000000010000000000000000000000000000000000000000000000000000000000000000000000000000000100000000000000001
0010001000000001000000000000000100000000000000000001000000000000000000000010000000000000000000000000000000000000000000000000000000000000000000000000000000100000000000000001
0010011001000101000000000000000100000000000000000001000000000000000000000010000000000000000000000000000000000000000000000000000000000000000000000000000000100000000000000001
0010000000000000000000000000000100000000000000000001000000000000000000000010000000000000000000000000000000000000000000000000000000000000000000000000000000100000000000000001
0010000000000000000000000000000100000000000000000001000000000000000000000010000000000000000000000000000000000000000000000000000000000000000000000000000000100000000000000001
0010000000000000000000000000000100000000000000000001101010001001000000000010000000000000000000000000000000000000000000000000000000000000000000000000000000100000000000000001
0010000000000000000000000000000100000000000000000001001000000001000000000010000000000000000000000000000000000000000000000000000000000000000000000000000000100000000000000001
0010000000000000000000000000010100000000000000000001001000000001000000000110000000000000000000000000000000000000000000000000000000000000000000000000000000100000000000000001
0010000000000000000000000000000000000000000000000001001000000001000000000000000000000000000000000000000000000000000000000000000000000000000000000000000000100000000000000001
0010000000000000000000000000000000000000000000000001001000000001000000000000000000000000000000000000000000000000000000000000000000000000000000000000000000100000000000000001
0010000000000000000000000000000000000000000000000001001000000001000000000000000000000000000000000000000000000000000000000000000000000000000000000000000000100000000000000001
0010000000000000000000000000000000000000000000000001011001000101000000000000000000000000000000000000000000000000000000000000000000000000000000000000000000100000000000000001
0010000000000000000000000000000000000000000000000001000000000000000000000000000000000000000000000000000000000000000000000000000000000000000000000000000000100000000000000001
0010000000000000000000000000000000000000000000000001000000000000000000000000000000000000000000000000000000000000000000000000000000000000000000000000000000100000000000000001
0010000000000000000000000000000000000000000000000001000000000000000000000000000000000000000000000000000000000000000000000000000000001001000010100000000000100000000000000001
0010000000000000000000000000000000000000000000000001000000000000000000000000000000000000000000000000000000000000000000000000000000000001000000100000000000100000000000000001
0010000000000000000000000000000000000000000000000001101010001001000000000000000000000000000000000000000000000000000000000000000000000001000000100000000000100000000000000001
0010000000000000000000000000000000000000000000000001001000000001000000000000000000000000000000000000000000000000000000000000000000000001000000100000000000100000000000000001
0010101010001001000000000000000000000000000000000001001000000001000000000000000000000000000000000000000000000000000000000000000000000001000000100000000000100000000000000001
0010001000000001000000000000000000000000000000000001001000000001000000000000000000000000000000000000000000000000000000000000000000000001000000100000000000100000000000000001
0010001000000001000000000000000000000000000000000001001000000001000000000000000000000000000000000000000000000000000000000000000000000001000000100000000000100000000000000001
0010001000000001000000000000000000000000000000000001001000000001000000000000000000000000000000000000000000000000000000000000000000000001000000100000000000100000000000000001
0010001000000001000000000000000000000000000000000001011001000101000000000000000000000000000000000000000000000000000000000000000000000001000000100000000000100000000000000001
0010001000000001000000000000000000000000000000000001000000000000000000000000000000000000000000000000000000000000000000000000000000000001000000100000000000100000000000000001
0010011001000101000000000000000000000000000000000001000000000000000000000000000000000000000000000000000000000000000000000000000000000101000001100000000000100000000000000001
0010000000000000000000000000000000000000000000000001000000000000000000000000000000000000000000000000000000000000000000000000000000000000000000000000000000100000000000000001
0010000000000000000000000000000000000000000000000001000000000000000000000000000000000000000000000000000000000000000000000000000000000000000000000000000000100000000000000001
0010000000000000000000000000000000000000000000000101000000000000000000000000000000000000000000000000000000000000000000000000000000000000000000000000000001100000000000000001
0010000000000000000000000000000000000000000000000000000000000000000000000000000000000000000000000000000000000000000000000000000000000000000000000000000000000000000000000001
0010000000000000000000000000000000000000000000000000000000000000000000000000000000000000000000000000000000000000000000000000000000000000000000000000000000000000000000000001
0010000000000000000000000000000000000000000000000000000000000000000000000000000000000000000000000000000000000000000000000000000000000000000000000000000000000000000000000001
0010000000000000000000000000000000000000000000000000000000000000000000000000000000000000000000000000000000000000000000000000000000000000000000000000000000000000000000000001
0110010001000100010001000100010001000100010001000100010001000100010001000100010001000100010001000100010001000100010001000100010001000100010001000100010001000100010001000101
