101010001000100010001000100010001000100010001000100010001000100010001000100010001000100010001000100010001000100010001000100010001000100010001001
001000000000000000000000000100000000000000000000000000100000000000000000000000000000000000000000000000000000000000000000000000100000000000000001
001000000000000000000000000100000000000000000000000000100000000000000000000000000000000000000000000000000000000000000000000000100000000000000001
001000000000000000000000000100000000000000000000000000100000000000000000000000000000101010001001000000000000000000000000000000100000000000000001
001000000000000000000000000100000000000000000000000000100000000000000000000000000000001000000001000000000000000000000000000000100000000000000001
001000000000011001000100010001000100010001000100010001000100010001000100010001010000001000000001000000000000000000000000000000100000000000000001
001000000000000000000000000100100000000000000001000000100000000000000000000000000000001000000001000000000000000000000000000000100000000000000001
001000000000000000000000000100100000000000000001000000100000000000000000000000000000001000000001000000000000000000000000000000100000000000000001
001000000000000000000000000100100000000000000001000000100000000000000000000000000000001000000001000000000000000000000000000000100000000000000001
001000000000000000000000000101100100010001000101000000100000000000000000000000000000011001000101000000000000000000000000000000100000000000000001
001000000000000000000000000100000000000000000000000000100000000010010000000000000000000000000000000000000000101000000000000000100000000000000001
001000000000000000000000000100000000000000000000000000100000000000010000000000000000000000000000000000000000001000000000000000100000000000000001
001000000000000000000000000100000000000000000000000000100000000000010000000000000000000000000000000000000000001000000000000000100000000000000001
001000000000101010001000100010001000100010001000100010001000100010001000100010010000000000000000000000000000001000000000000000100000000000000001
001000000000000000000000000100000000000000000000000000100000000000010000000000000000000000000000000000000000001000000000000000100000000000000001
001000000000000000000000000100000000000000000000000001100000000000010000000000000000000000000000000000000000001000000000000000100000000000000001
001000000000000000000000000100000000000000000000000000000000000000010000000000000000000000000000000000000000001000000000000000100000000000000001
001000000000000000000000000100000000000000000000000000000000000000010000000000000000000000000000000000000000001000000000000000100000000000000001
001000000000000000000000000100000000000000000000000000000000000000010000000000000000000000000000000000000000001000000000000000100000000000000001
001000000000000000000000000100000000000000000000000000000000000000010000000000000000000000000000000000000000001000000000000000100000000000000001
001000000000000000000000000100000000000000000000000000000000000000010000000000000000000000000000000000000000001000000000000000100000000000000001
001000000000000000000000000100000000000000000000000000000000000000010000000000000000000000000000000000000000001000000000000000100000000000000001
001000000000000000000000000100000000000000000000000000000000000000010000000000000000000000000000000000000000001000000000000000100000000000000001
001000000000000000000000000100000000000000000000000000000000000000010000000000000000000000000000000000000000001000000000000000100000000000000001
001000000000000000000000000100000000000000000000000000000000000000010000000000000000000000000000000000000000001000000000100100100000000000000001
001000000000000000000000000100000000000000000000000000000000000000010000000000000000000000000000000000000000001000000000000100100000000000000001
001000000000000000000000000100000000000000000000000000000000000000010000000000000000000000000000000000000000001000000000000100100000000000000001
001000000000000000000000000100000000000000000000000000000000000000010000000000000000000000000000000000000000001000000000000100100000000000000001
001000000000000000000000000100000000000000000000000000000000000000010000000000000000000000000000000000000000001000000000000100100000000000000001
001000000000000000000000000100000000000000000000000000000000000001010000000000000000000000000000000000000000011000000000000100100000000000000001
001000000000000000000000000100000000000000000000000000000000000000000000000000000000000000000000000000000000000000000000000100100000000000000001
001000000000000000000000000100000000000000000000000000000000000000000000000000000000000000000000000000000000000000000000000100100000000000000001
001000000000000000000000000100000000000000000000000000000000000000000000000000000000000000000000000000000000000000000000000100100000000000000001
001000000000000000000000010100000000000000000000000000000000000000000000000000000000000000000000000000000000000000000000000101100000000000000001
001000000000000000000000000000000000000000000000000000000000000000000000000000000000000000000000000010101000100100000000000100000000000000000001
001000000000000000000000000000000000000000000000000000000000000000000000000010101000100100000000000000100000000100000000000100000000000000000001
001000000000000000000000000000000000000000000000000000000000000000000000000000100000000100000000000000100000000100000000000100000000000000000001
001000000000000000000000000000000000000000000000000000000000000000000000000000100000000100000000000000100000101010001001010100000000000000000001
001000000000000000000000000000000000000000000000000000000000000000000000000000100000000100000000000000100000001000000001000000000000000000000001
001000000000000000000000000000000000000000000000000000000000000000000000000000100000000100000000000000100000001000000001000000000000000000000001
001000000000000000000000000000000000000000000000000000000000000000000000000000100000000100000000000001100100001000000001000000000000000000000001
001000000000000000000000000000000000000000000000000000000000000000000000000001100100010100000000000000000000001000000001000000000000000000000001
001000000000000000000000000000000000000000000000000000000000000000000000000000000000000000000000000000000000001000000001000000000000000000000001
001000000000000000000000000000000000000000000000000000000000000000000000000000000000000000000000000000000000011001000101000000000000000000000001
001000000000000000000000000000000000000000000000000000000000000000000000000000000000000000000000000000000000000000000000000000000000000000000001
001000000000000000000000000000000000000000000000000000000000000000000000000000000000000000000000000000000000000000000000000000000000000000000001
001000000000000000000000000000000000000000000000000000000000000000000000000000000000000000000000000000000000000000000000000000000000000000000001
001000000000000000000000000000000000000000000000000000000000000000000000000000000000000000000000000000000000000000000000000000000000000000000001
001000000000000000000000000000000000000000000000000000000000000000000000000000000000000000000000000000000000000000000000000000000000000000000001
001000000000000000000000000000000000000000000000000000000000000000000000000000000000000000000000000000000000000000000000000000000000000000000001
001000000000000000000000000000000000000000000000000000000000000000000000000000000000000000000000000000000000000000000000000000000000000000000001
001000000000000000000000000000000000000000000000000000000000000000000000000000000000000000000000000000000000000000000000000000000000000000000001
001000000000000000000000000000000000000000000000000000000000000000000000000000000000000000000000000000000000000000000000000000000000000000000001
001000000000000000000000000000000000000000000000000000000000000000000000000000000000000000000000000000000000000000000000000000000000000000000001
011001000100010001000100010001000100010001000100010001000100010001000100010001000100010001000100010001000100010001000100010001000100010001000101
