101010001000100010001000100010001000100010001000100010001000100010001000100010001000100010001000100010001000100010001000100010001000100010001000100010001000100010001000100010001001
001000000000000000000000000000000000000000000000000000000000000000000000000000000000000000000000000000000000000000000000000000000000000000000000000000000000000000000000000000000001
001000000000000000000000000000000000000000000000000000000000000000000000000000000000000000000000000000000000000000000000000000000000000000000000000000000000000000000000000000000001
001000000000000000000000000000000000000000000000000000000000000000000000000000000000000000000000000000000000000000000000000000000000000000000000000000000000000000000000000000000001
001000000000000000000000000000000000000000000000000000000000000000000000000000000000000000000000000000000000000000000000000000000000000000000000000000000000000000000000000000000001
001000000000000000000000000000000000000000000000000000000000000000000000000000000000000000000000000000000000000000000000000000000000000000000000000000000000000000000000000000000001
001000000000000000000000000000000000000000000000000000000000000000000000000000000000000000000000000000000000000000000000000000000000000000000000000000000000000000000000000000000001
001000000000000000000000000000000000000000000000000010010000000000001010000000000000000000000000000000000000000000000000000000000000000000000000000000000000000000000000000000000001
001000000000000000000000000000000000000000000000000000010000000000000010000000000000000000000000000000000000000000000000000000000000000000000000000000000000000000000000000000000001
001000000000000000000000000000000000000000000000000000010000100100000010000000000000000000000000000000000000000000000000000000000000000000000000000000000000101000000000000000000001
001000000000000000000000000000000000000000000000000000010000000100000010000000000000000000000000000000000000000000000000000000000000000000000000000000000000001000000000000000000001
001000000000000000000000000000000000000000000000000000010000000100000010000000000000000000000000000000000000000000000000000000000000000000000000000000000000001000000000000000000001
001000000000000000000000000000000000000000000000000000010000000100000010000000000000000000000000000000000000000000000000000000000000000000000000000000000000001000000000000000000001
001000000000000000000000000000000000000000000000000000010000000100000010000000000000000000000000000000000000000000000000000000000000000000000000000000000000001000000000000000000001
001000000000000000000000000000000000000000000000000000010000000100000010000000000000000000000000000000000000000000000000000000000000000000000000000000000000001000000000000000000001
001000000000000000000000000000000000000000000000000000010000000100000010000000000000000000000000000000000000000000000000000000000000000000000000000000000000001000000000000000000001
001000000000000000000000000000000000000000000000000000010000000100000010000000000000000000000000000000000000000000000000000000000000000000000000000000000000001000000000000000000001
001000000000000000000000000000000000000000000000000000010000000100000010000000000000000000000000000000000000000000000000000000000000000010101000100110101000100100000000000000000001
001000000000000000000000000000000000000000000000000000010000000100000010000000000000000000000000000000000000000000000000000000000000000000100000000100100000000100000000000000000001
001000000000000000000000000000000000000000000000000001010000000100000110000000000000000000000000000000000000000000000000000000000000000000100000000100100000000100000000000000000001
001000000000000000000000000000000000000000000000000000000000000100000000000000000000000000000000000000000000000000000000000000000000000000100000000100100000000100000000000000000001
001000000000000000000000000000000000000000000000000000000000000100000000000000000000000000000000000000000000000000000000000000000000000000100000000100100000000100000000000000000001
001000000000000000000000000000000000000000000000000000000000000100000000000000000000000000000000000000001010100010010000000000000000000000100000000100100000000100000000000000000001
001000000000000000000000000000000000000000000000000000000000000100000000000000000000000000000000000000000010000010101001000000000000000001100100010101100100010100000000000000000001
001000000000000000000000000000000000000000000000000000000000000100000000000000000000000000000000000000000010000000100001000000000000000000000000000000000000001000000000000000000001
001000000000000000000000000000000000000000000000000000000000000100000000000000000000000000000000000000000010000000100001000000000000000000000000000000000000001000000000000000000001
001000000000000000000000000000000000000000000000000000000000000100000000000000000000000000000000000000000010000000100001000000000000000000000000000000000000001000000000000000000001
001000000000000000000000000000000000000000000000000000000000000100000000000000000000000000000000000000000010000000100001000000000000000000000000000000000000001000000000000000000001
001000000000000000000000000000000000000000000000000000000000000100000000000000000000000000000000000000000110010000100001000000000000000000000000000000000000001000000000000000000001
001000000000000000000000000000000000000000000000000000000000000100000000000000000000000000000000000000000000000000100001000000000000000000000000000000000000001000000000000000000001
001000000000000000000000000000000000000000000000000000000000000100000000000000000000000000000000000000000000000001100101000000000000000000000000000000000000001000000000000000000001
001000000000000000000000000000000000000000000000000000000000000100000000000000000000000000000000000000000000000000000000000000000000000000000000000000000000001000000000000000000001
001000000000000000000000000000000000000000000000000000000000000100000000000000000000000000000000000000000000000000000000000000000000000000000000000000000000001000000000000000000001
001000000000000000000000000000000000000000000000000000000000000100000000000000000000000000000000000000000000000000000000000000000000000000000000000000000000001000000000000000000001
001000000000000000000000000000000000000000000000000000000000000100000000000000000000000000000000000000000000000000000000000000000000000000000000000000000000001000000000000000000001
001000000000000000000000000000000000000000000000000000000000000100000000000000000000000000000000000000000000000000000000000000000000000000000000000000000000001000000000000000000001
001000000000000000000000000000000000000000000000000000000000000100000000000000000000000000000000000000000000000000000000000000000000000000000000000000000000001000000000000000000001
001000000000000000000000000000000000000000000000000000000000000100000000000000000000000000000000000000000000000000000000000000000000000000000000000000000000001000000000000000000001
001000000000000000000000000000000000000000000000000000000000000100000000000000000000000000000000000000000000000000000000000000000000000000000000000000000000001000000000000000000001
001000000000000000000000000000000000000000000000000000000000000100000000000000000000000000000000000000000000000000000000000000000000000000000000000000000000001000000000000000000001
001000000000000000000000000000000000000000000000000000000000000100000000000000000000000000000000000000000000000000000000000000000000000000000000000000000000001000000000000000000001
001000000000000000000000000000000000000000000000000000000000010100000000000000000000000000000000000000000000000000000000000000000000000000000000000000000000011000000000000000000001
001000000000000000000000000000000000000000000000000000000000000000000000000000000000000000000000000000000000000000000000000000000000000000000000000000000000000000000000000000000001
011001000100010001000100010001000100010001000100010001000100010001000100010001000100010001000100010001000100010001000100010001000100010001000100010001000100010001000100010001000101
