10101000100010001000100010001000100010001000100010001000100010001000100010001000100010001000100010001000100010001000100010001000100010001000100010001001
00100000000000000000000000010000000000000000000000000000000000000000000000000000000000000010000000000000000000000000000000000000000000000000000000000001
00100000000000000000000000010000100100000000000000000000000000000000000000000000000000000010000000000000000000000000000000000000000000001010000000000001
00100110010001000100010001000100010001000100010001000100010100000000000000000000000000000010000000000000000000000000000000000000000000000010000000000001
00100000000000000000000000010000000100100000000100000000000000000000000000000000000000000010000000000000000000000000000000000000000000000010000000000001
00100000000000000000000000010000000100100000000100000000000000000000000000000000000000000010000000000000000000000000000000000000000000000010000000000001
00100000000000000000000000010000000100100000000110010000000000000000000000000000000000000010000000000000000000000000000000000000000000000010101000000001
00100000000000000000000000010000000100100000101010001001000000000000000000000000000000000010000000000000000000001010000000000000000010100010001000000001
00101010100010001000100010001000100010001000100010001000100100000000000000000000000000000010000000000000000000000010000000000000000000100010001000000001
00100000000000000000000000010000101010001001001000010001000000000000000000000000000000000010000000000000000000000010000000000000000000100010001000000001
00100000000000000000000000010000001000000001001000010001000000000000000000000000000000000010000000000000000000000010000000000000000000100010001000000001
00100000000000000000000000010000001000000001001000010001000000000000000000000000000000000010000000000000000000000010000000000000000000100010001000000001
00100000000000000000000000010000001000000001001000010001000000000000000000000000000000000010000000000000000000000010000000000000000000100010001000000001
00100000000000000000000000010000001000000001011001000001000000000000000000001001101000000010000000000000000000000010000000000000000000100010001000000001
00100000000000000000000000010000001000000001000000010001000000000000000000000001001000000010000000000000000000000010000000000000000000100010001000000001
00100000000000000000000000010000011001000101000000010001000000000000000000000001001000000010000000000000000000000010000000000000000000100010001000000001
00100000000000000000000000010000000100000000000000010001000000000000000000000001001000000010000000000000000000000010000000000000000000100010001000000001
00100000000000000000000000010000000100000000000000011010100010010000000000000001001000000010000000000000000000000010000000000000000000100010001000000001
00100000000000000000000000010000000100000000000000010010000000010000000000000001001000000010000000000000000000000010000000000000000000100010001000000001
00100000000000000000000000010000000100000000000000010010000000010000000000000001001000000010000000000000000000000010000000000000000000100010001000000001
00100000000000000000000000010000000100000000000000010010000000010000000000000001001000000010000000000000000000000010000000000000000000100010001000000001
00100000000000000000000000010000000100000000000000010010000000010000000000000001001000000010000000000000000000000010000000000000000000100010001000000001
00100000000000000000000000010000000100000000000000010010000000010000000000000101011000000010000000000000000000000010000000000000000000100010001000000001
00100000000000000000000000010000000100000000000000010110010001010000000000000000000000000010000000000000000000000010000000000000000000100010001000000001
00100000000000000000000001010000000100000000000000010001000000000000000000000000000000000110000000000000000000000010000000000000000000100010001000000001
00100000000000000000000000000000000100000000000000010001000000000000000000000000000000000000000000000000000000000010000000000000000000100010001000000001
00100000000000000000000000000000000100000000000000010001000000000000000000000000000000000000000000000000000000000010000000000000000000100010001000000001
00100000000000000000000000000000000100000000000000010001000000000000000000000000000000000000000000000000000000000010000000000000000000100010001000000001
00100000000000000000000000000000000100000000000000010001000000000000000000000000000000000000000000000000000000000010000000000000101010001001001000000001
00100000000000000000000000000000000100000000000000010001000000000000000000000000000000000000000000000000000000000010000000000000001000100001001000000001
00100000000000000000000000000000000100000000000000010001000000000000000000000000000000000000000000000000000000000110000000000000001000100001001000000001
00100000000000000000000000000000000100000000000000010001000000000000000000000000000000000000000000000000000000000000000000000000001000100001001000000001
00100000000000000000000000000000000100000000000000010001000000000000000000000000000000000000000000000000000000000000000000000000001000100001001000000001
00100000000000000000000000000000000100000000000000010001000000000000000000000000000000000000000000000000000000000000000000000000001000100001001000000001
00100000000000000000000000000000000100000000000000010001000000000000000000001010100010010000000000000000000000000000000000000000011001000101001000000001
00100000000000000000000000000000000100000000000000010101000000000000000000000010000000010000000000000000000000000000000000000000000001100010001000000001
00100000000000000000000000000000010100000000000000010000000000000000000000000010000000010000000000000000000000000000000000000000000000000110001000000001
00100000000000000000000000000000000000000000000001010000000000000000000000000010000000010000000000000000000000000000000000000000000000000000011000000001
00100000000000000000000000000000000000000000000000000000000000000000000000000010000000010000000000000000000000000000000000000000000000000000000000000001
00100000000000000000000000000000101010001001000000000000000000000000000000000010000000010000000000000000000000000000000000000000000000000000000000000001
00100000000000000000000000000000001000000001000000000000000000000000000000000110010001010000000000000000000000000000000000000000000000000000000000000001
00100000000000000000000000000000001000000001000000000000000000000000000000000000000000000000000000000000000000000000000000000000000000000000000000000001
00100000000000000000000000000000001000000001000000000000000000000000000000000000000000000000000000000000000000000000000000000000000000000000000000000001
00100000000000000000000000000000001000000001000000000000000000000000000000000000000000000000000000000000000000000000000000000000000000000000000000000001
00100000000000000000000000000000001000000001000000000000000000000000000000000000000000000000000000000000000000000000000000000000000000000000000000000001
00100000000000000000000000000000011001000101000000000000000000000000000000000000000000000000000000000000000000000000000000000000000000000000000000000001
00100000000000000000000000000000000000000000000000000000000000000000000000000000000000000000000000000000000000000000000000000000000000000000000000000001
00100000000000000000000000000000000000000000000000000000000000000000000000000000000000000000000000000000000000000000000000000000000000000000000000000001
00100000000000000000000000000000000000000000000000000000000000000000000000000000000000000000000000000000000000000000000000000000000000000000000000000001
00100000000000000000000000000000000000000000000000000000000000000000000000000000000000000000000000000000000000000000000000000000000000000000000000000001
00100000000000000000000000000000000000000000000000000000000000000000000000000000000000000000000000000000000000000000000000000000000000000000000000000001
01100100010001000100010001000100010001000100010001000100010001000100010001000100010001000100010001000100010001000100010001000100010001000100010001000101
