101010001000100010001000100010001000100010001000100010001000100010001000100010001000100010001000100010001000100010001000100010001000100010001000100010001000100010001000100010001000100010001001
001010001001000000000000000010010000000000000000000000000000000000000000000000000000000000001010000000000000000000000000000000001010100010010000000000000000000000000000000000000000000000000001
001000000001000000000000000000010000000000000000000000000000000000000000000000000000000000000010000000000000000000000000000000000010000000010000000000000000000000000000000000000000000000000001
001000000001000000000000000000010000000000000000000000000000000000000000000000000000000000000010000000000000000000000000000000000010000000010000000000000000000000000000000000000000000000000001
001000000001000000000000000000010000000000000000000000000000000000000000000000000000000000000010000000000000000000000000000000000010000000010000000000000000000000000000000000000000000000000001
001000000001000000000000000000010000000000000000000000000000000000000000000000000000000000000010000000000000000000000000000000000010000000010000000000000000000000000000000000000000000000000001
001000001010100010010000000000010000000000000000000000000000000000000000000000000000000000000010101010001001000000000000000000000010000000010000000000000000000000000000000000000000000000000001
001001000010000000010000000000010000000000000000000000000000000000000000000000000000000000000010001000000001000000000000000000000110010001010000000000000000000000000000000000000000000000000001
001000000010000000010000000000010000000000000000000000000000000000000000000000000000000000000010001000000001000000000000000000000000000000000000000000000000000000000000000000000000000000000001
001000000010000000010000000000010000000000000000000000000000000000000000000000000000000000000010001000000001000000000000000000000000000000000000000000000000000000000000000000000000000000000001
001000000010000000010000000000010000000000000000000000000000000000000000000000000000000000000010001000000001000000000000000000000000000000000000000000000000000000000000000000000000000000000001
001000000010000000010000000000010000000000000000000000000000000000000000000000000000000000000010001000000001000000000000000000000000000000000000000000000000000000000000000000000000000000000001
001000000110010001010000000000010000000000000000000000000000000000000000000000000000000000000010011001000101000000000000000000000000000000000000000000000000000000000000000000000000000000000001
001000000000000000000000000000010000000000000000000000000000000000000000000000000000000000000010000000000000000000000000000000000000000000000000000000000000000000000000000000000000000000000001
001000000000000000000000000000010000000000000000000000000000000000000000000000000000000000000010000000000000000000000000000000000000000000000000000000000000000000000000000000000000000000000001
001000000000000000000000000000010000000000000000000000000000000000000000000000000000000000000010000000000000000000000000000000000000000000000000000000000000000000000000000000000000000000000001
001000000000000000001010100010010000000000000000000000000000000000000000000000000000000000000010000000000000000000000000000000000000000000000000000000000000000000000000000000000000000000000001
001000000000000000000010000000010000000000000000000000000000000000000000000000000000000000000010000000000000000000000000000000000000000000000000000000000000000000000000000000000000000000000001
001000000000000000000010000000010000000000000000000000000000000000000000000000000000000000000010000000000000000000000000000000000000000000000000000000000000000000000000000000000000000000000001
001000000000000000000010000000010000000000000000000000000000000000001010100010010000000000000010000000000000000000000000000000000000000000000000000000000000000000000000000000000000000000000001
001000000000000000000010000000010000000000000000000000000000000000000010000000010000000000000010000000000000000000000000000000000000000000000000000000000000000000000000000000000000000000000001
001000000000000000000010000000010000000000000000000000000000000000000010000000010000000000000010000000000000000000000000000000000000000000000000000000000000000000000000000000000000000000000001
001000000000000000000110010001010000000000000000000000000000000000000010000000010000000000000010000000000000000000000000000000000000000000000000000000000000000000000000000000000000000000000001
001000000000000000000000000000010000000000000000000000000000000000000010000000010000000000000010000000000000000000000000000000000000000000000000000000000000000000000000000000000000000000000001
001000000000000000000000000000010000000000000000000000000000000000000010000000010000000000000010000000000000000000000000000000000000000000000000000000000000000000000000000000000000000000000001
001000000000000000000000000001010000000000000000000000000000000000000110010001010000000000000110000000000000000000000000000000000000000000000000000000000000000000000000000000000000000000000001
001000000000000000000000000000000000000000000000000000000000000000000000000000000000000000000000000000000000000000000000000000000000000000000000000000000000000000000000000000000000000000000001
001000000000000000000000000000000000000000000000000000000000000000000000000000000000000000000000000000000000000000000000000000000000000000000000000000000000000000000000000000000000000000000001
001000000000000000000000000000000000000000000000000000000000000000000000000000000000000000000000000000000000000000000000000000000000000000000000000000000000000000000000000000000000000000000001
001000000000000000000000000000000000000000000000000000000000000000000000000000000000000000000000000000000000000000000000000000000000000000000000000000000000000000000000000000000000000000000001
001000000000000000000000000000000000000000000000000000000000000000000000000000000000000000000000000000000000000000000000000000000000000000000000000000000000000000000000000000000000000000000001
001000000000000000000000000000000000000000000000000000000000000000000000000000000000000000000000000000000000000000000000000000000000000000000000000000000000000000000000000000000000000000000001
001000000000000000000000000000000000000000000000000000000000000000000000000000000000000000000000000000000000000000000000000000000000000000000000000000000000000000000000000000000000000000000001
001000000000000000000000000000000000000000000000000000000000000000000000000000000000000000000000000000000000000000000000000000000000000000000000000000000000000000000000000000000000000000000001
001000000000000000000000000000000000000000000000000000000000000000000000000000000000000000000000000000000000000000000000000000000000000000000000000000000000000000000000000000000000000000000001
001000000000000000000000000000000000000000000000000000000000000000000000000000000000000000000000000000000000000000000000000000000000000000000000000000000000000000000000000000000000000000000001
001000000000000000000000000000000000000000000000000000000000000000000000000000000000000000000000000000000000000000000000000000000000000000000000000000000000000000000000000000000000000000000001
001000000000000000000000000000000000000000000000000000000000000000000000000000000000000000000000000000000000000000000000000000000000000000000000000000000000000000000000000000000000000000000001
001000000000000000000000000000000000000000000000000000000000000000000000000000000000000000000000000000000000000000000000000000000000000000000000000000000000000000000000000000000000000000000001
001000000000000000000000000000000000000000000000000000000000000000000000000000000000000000000000000000000000000000000000000000000000000000000000000000000000000000000000000000000000000000000001
011001000100010001000100010001000100010001000100010001000100010001000100010001000100010001000100010001000100010001000100010001000100010001000100010001000100010001000100010001000100010001000101
