10101000100010001000100010001000100010001000100010001000100010001000100010001000100010001000100010001000100010001000100010001000100010001000100010001000100010001000100010001001
00100000000000000000000000010000000000000000000000000000000000000000000000000000000000000000000000000000000000000000000000000000000000000000000000000000000000100000000000000001
00100000000000000000000000010000000000000000000000000000000000000000000000000000000000000000000000000000000000000000000000000000000000000000000000000000000000100000000000000001
00100110010001000100010001000100010001000100010001000100010001000100010001000100010001000100010001000100010001000100010001000100010001000100010001000100010001000101000000000001
00100000000000000000000000010000000000001001000000000000000000000000000000000000000000000000000000000000000000000000000000000000000000000000000000001010000000100000000000000001
00100000000000000000000000010000000000000001000000000000000000000000000000000000000000000000000000000000000000000000000000000000000000000000000000000010000000100000000000000001
00100000000000000000000000010000000000000001000000000000000000000000000000000000000000000000000000000000000000000000000000000000000000000000000000001010100010010000000000000001
00100000000000000000000000010000000000000001000000000000000000000000000000000000000000000000000000000000000000000000000000000000000000000000000000000010000000010000000000000001
00100000000000000000000000010000000000000001000000000000000000000000000000000000000000000000000000000000000000000000000000000000000000000000000000000010000000010000000000000001
00100000000000000000000000010000000000000001000000000000000000000000000000000000000000000000000000000000000000000000000000000000000000000000000000000010000000010000000000000001
00100000000000000000000000010000000000000001000000000000000000000000000000000000000000000000000000000000000000000000000000000000000000000000000000000010000000010000000000000001
00100000000000000000000000010000000000000001000000000000000000000000100100000000000000000000000000000000000000000000000000000000000000000000000000000010000000011010000000000001
00100000000000000000000000010000000000000001000000000000000000000000000100000000000000000000000000000000000000000000000000000000000000000000000000000110010001010010000000000001
00100000000000000000000000010000000000000001000000000000000000000000000100000000000000000000000000000000000000000000000000000000000000000000000000000010000000100010000000000001
00100000000000000000000000010000000000000001000000000000000000000000000100000000100100001010000000000000000000000000000000000000000000000000000000000010000000100010000000000001
00100000000000000000000000010000000000000001000000000000000000000000000100000000000100000010000000000000000000000000000000000000000000000000000000000010000000100010000000000001
00100000000000000000000000010000000000000001000000000000000000000000000100000000000100000010000000000000000000000000000000000000000000000000000000000010000000100010000000000001
00100000000000000000000000010000000000000001000000000000000000000000000100000000000100000010100100000000000000000000000000000000000000000000000010100010000000100010000000000001
00100000000000000000000000010000000000000001000000000000000000000000000100000000000100000010000100000000000000000000000000000000000000000000000000100010000000100010000000000001
00100000000000000000000000010000000000000001000000000000000000000000000100000000000100000010000100000000000000000000000000000000000000000000000000100010000000100010000000000001
00100000000000000000000000010000000000000001000000000000000000000000000100000000000100000010000100000000000000000000000000000000000000000000000000100010000000100010000000000001
00100000000000000000000000010000000000000001000000000000000000000000000100000000000100000010000100000000000000000000000000000000000000000000000000100010000000100010000000000001
00100000000000000000000000010000000000000001000000000000000000000000000100000000000100000010000100000000000000000000000000000000000000000000000000100010000000100010000000000001
00100000000000000000000000010000000000000001000000000000000000000000000100000000000100000010000100000000000000000000000000000000000000000000000000100010000000100010000000000001
00100000000000000000000000010000000000000001000000000000000000000000000100000000010100000110000100000000000000000000000000000000000000000000000000100010000000100010000000000001
00100000000000000000000000010000000000000001000000000000000000000000000100000000000000000000000100000000000000000000000000000000000000000000000000100010000000100010000000000001
00100000000000000000000000010000000000000001000000000000000000000000000100000000000000000000000100000000000000000000000000000000000000000000000000100010000000100010000000000001
00100000000000000000000000010000000000000001000000000000000000000000000100000000000000000000000100000000000000000000000000000000000000000000000000100010000000100010000000000001
00100000000000000000000000010000000000000001000000000000000000000000000100000000000000000000000100000000000000000000000000000000000000000000000000100010000000100010000000000001
00100000000000000000000000010000000000000001000000000000000000000000000100000000000000000000000100000000000000000000000000000000000000000000000000100010000000100010000000000001
00100000000000000000000000010000000000000001000000000000000000000000000100000000101010001001000100000000000000000000000000000000000000000000000000100010000000100010000000000001
00100000000000000000000000010000000000000001000000000000000000000000000100000000001000000001000100000000000000000000000000000000000000000000000000100010000000100010000000000001
00100000000000000000000000010000000000000001000000000000000000000000000100000000001000000001000100000000000000000000000000000000000000000000000000100010000000100010000000000001
00100000000000000000000000010000000010101000100100000000000000000000000100000000001000000001000100000000000000000000000000000000000000000000000000100010000000100010000000000001
00101010100010001000100010001000100010001000100010001000100010001000100010001000100010001000100010001000100010001000100010001000100010001000100010001000100010001001000000000001
00100000000000000000000000010000000000100001000100000000000000000000000100000000001000000001000100000000000000000000000000000000000000000000000000100010000000100010000000000001
00100000000000000000000000010000000000100001000100000000000000000000000100000000011001000101000100000000000000000000000000000000000000000000000000100010000000100010000000000001
00100000000000000000000000010000000000100001000100000000000000000000000100000000000000000000000100000000000000000000000000000000000000000000000000100010000000100010000000000001
00100000000000000000000000010000000000100001000100000000000000000000000100000000000000000000010100000000000000000000000000000000000000000000000001100010000000100010000000000001
00100000000000000000000000010000000001100100010100000000000000000000000100000000000000000000000000000000000000000000000000000000000000000000000000000110000000100010000000000001
00100000000000000000000000010000000000000000000000000000000000000000000100000000000000000000000000000000000000000000000000000000000000000000000000000000000000100010000000000001
00100000000000000000000001010000000000000000000000000000000000000000000100000000000000000000000000000000000000000000000000000000000000000000000000000000000001100010000000000001
00100000000000000000000000000000000000000000000000000000000000000000010100000000000000000000000000000000000000000000000000000000000000000000000000000000000000000110000000000001
00100000000000000000000000000000000000000000000000000000000000000000000000000000000000000000000000000000000000000000000000000000000000000000000000000000000000000000000000000001
01100100010001000100010001000100010001000100010001000100010001000100010001000100010001000100010001000100010001000100010001000100010001000100010001000100010001000100010001000101
