101010001000100010001000100010001000100010001000100010001000100010001000100010001000100010001000100010001000100010001000100010001000100010001000100010001000100010001001
001000000000000000000000000000000000000000000000000000000000000000000000000000000000000000000000000000000000000000000000000000000000000000000000000000000000000000000001
001001000100010001000100010001000100010001000100010001000100010001000100010001000100010001000100010001000100010001000101000000000000000000000000000000000000000000000001
001000000000000000000000000000000000000000000000000000000000000000000000000000000000000000000000000000000000000000000000000000000000000000000000000000000000000000000001
001000000000000000000000000000000000101010011001000000000000000000000000000000000000000000000000000010100000000000000000000000000000000000000000000000000000000000000001
001000000000011001000100010001000100010001000100010001000100010100000000000000000000000000000000000000100000000000000000000000000000000000000000000000000000000000000001
001000000000000000000010000000000000001000010001100100000000000000000000000000000000101000000000000000100000000000000000000000000000000000000000000000000000000000000001
001000000000000000000110010001000100010001000101000100000000000000000000000000000000001000000000000000100000000000000000000000000000000000000000000000000000000000000001
001000000000000000000000000000000000001000010001000100000000000000000000000000000000001000000000000000100000000000000000000000000000000000000000000000000000000000000001
001000000000101010001000100010001000100010001000100010001000100100000000000000000000001000000000000000100000000000000000000000000000000000000000000000000000000000000001
001000000000000000000000000000000000011000010101101010001001000000000000000000000000001000000000000000100000000000000000000000000000000000000000000000000000000000000001
001000000000000000000000000000000000000000010000001000000001000000000000000000000000001000000000000000100000000000000000000000000000000000000000000000000000000000000001
001000000000000000000000000000000000000000010000001000000001000000000000000000000000001000000000000000100000000000000000000000000000000000000000000000000000000000000001
001000000000000000000000000000000000000000010000001000000001000000000000000000000000001000000000000000100000000000000000000000000000000000000000000000000000000000000001
001000000000000000000000000000000000000000010000001000000001000000000000000000000000001000000000000000100000000000000000000000000000000000000000000000000000000000000001
001000000000000000000000000000000000000000010000001000000001000000000000000000000000001000000000000000100000000000000000000000000000000000000000000000000000000000000001
001000000000000000000000000000000000000000010000011001000101000000000000000000000000001000000000000000100000000000000000000000000000000000000000000000000000000000000001
001000000000000000000000000000000000000000010000000100000000000000000000000000000000001000000000000000100000000000000000000000000000000000000000000000000000000000000001
001000000000000000000000000000000000000000010000000100000000000000000000000000000000001000000000000000100000000000000000000000000000000000000000000000000000000000000001
001000000000000000000000000000000000000000010000000100000000000000000000000000000000001000000000000000100000000000000000000000000000000000000000000000000000000000000001
001000000000000000000000000000000000000000010000000100000000000000000000000000000000001000000000000000100000000000000000000000000000000000000000000000000000000000000001
001000000000000000000000000000000000000000010000000100000000000000000000000000000000001000000000000000100000000000000000000000000000000000000000000000000000000000000001
001000000000000000000000000000000000000000010000000100000000000000000000000000000000001000000000000000100000000000000000000000000000000000000000000000000000000000000001
001010001000100010001000100010001000100010001000100010001000100010001000100010001000100010001000100010001000100010001001000000000000000000000000000000000000000000000001
001000000000000000000000000000000000000000010000000000000000000000000000000000000000000000000000000000100000000000000000000000000000000000000000000000000000000000000001
001000000000000000000000000000000000000000010000000000000000000000000000000000000000000000000000000000100000000000000000000000000000000000000000000000000000000000000001
001000000000000000000000000000000000000000010000000000000000000000000000000000000000000000000000000000100000000000000000000000000000000000000000000000000000000000000001
001000000000000000000000000000000000000001010000000000000000000000000000000000000000000000000000000001100000000000000000000000000000000000000000000000000000000000000001
001000000000000000000000000000000000000000000000000000000000000000000000000000000000000000000000000000000000000000000000000000000000000010010000000000000000000000000001
001000000000000000000000000000000000000000000000000000000000000000000000000000000000000000000000000000000000000000000000000000000000000000010000000000000000000000000001
001000000000000000000000000000000000000000000000000000000000000000000000000000000000000000000000000000000000000000000000000000000000000000010000000000000000000000000001
001000000000000000000000000000000000000000000000000000000000000000000000000000000000000000000000000000000000000000000110010001000100010001000100010001000100010100000001
001000000000000000000000000000000000000000000000000000000000000000000000000000000000000000000000000000000000000000000000000000000000000000010000000000000000000000000001
001000000000000000000000000000000000000000000000000000000000101010001001000000000000000000000000000000000000000000001010100010001000100010001000100010001000100100000001
001000000000000000000000000000000000000000000000000000000000001000000001000000000000000000000000000000000000000000000000000000000000000000010000000000000000000000000001
001000000000000000000000000000000000000000000000000000000000001000000001000000000000000000000000000000000000000000000000000000000000000000010000000000000000000000000001
001000000000000000000000000000000000000000000000000000000000001000000001000000000000000000000000000000000000000000000000000000000000000000010000000000000000000000000001
001000000000000000000000000000000000000000000000000000000000001000000001000000000000000000000000000000000000000000000000000000000000000000010000000000000000000000000001
001000000000000000000000000000000000000000000000000000000000001000000001000000000000000000000000000000000000000000000000000000000000000000010000000000000000000000000001
001000000000000000000000000000000000000000000000000000000000011001000101000000000000000000000000000000000000000000000000000000000000000000010000000000000000000000000001
001000000000000000000000000000000000000000000000000000000000000000000000000000000000000000000000000000000000000000000000000000000000000000010000000000000000000000000001
001000000000000000000000000000000000000000000000000000000000000000000000000000000000000000000000000000000000000000000000000000000000000000010000000000000000000000000001
001000000000000000000000000000000000000000000000000000000000000000000000000000000000000000000000000000000000000000000000000000000000000000010000000000000000000000000001
001000000000000000000000000000000000000000000000000000000000000000000000000000000000000000000000000000000000000000000000000000000000000001010000000000000000000000000001
001000000000000000000000000000000000000000000000000000000000000000000000000000000000000000000000000000000000000000000000000000000000000000000000000000000000000000000001
001000000000000000000000000000000000000000000000000000000000000000000000000000000000000000000000000000000000000000000000000000000000000000000000000000000000000000000001
011001000100010001000100010001000100010001000100010001000100010001000100010001000100010001000100010001000100010001000100010001000100010001000100010001000100010001000101
