1010100010001000100010001000100010001000100010001000100010001000100010001000100010001000100010001000100010001000100010001000100010001000100010001000100010001001
0010000000000000000000000000000000000000101010001001000000000000000000000000000000000000000000000000000000000000000000000000000000000000000000000000000000000001
0010000000000000000000000000000000000000001000000001000000000000000000000000000000000000000000000000000000000000000000000000000000000000000000000000000000000001
0010000000000000000000000000000000001001001000000001000000000000000000000000000000000000000000000000000000000000000000000000000000001010000000000000000000000001
0010000000000000000000000000000000000001001000000001000000000000000000000000000000000000000000000000000000000000000000000000000000000010000000000000000000000001
0010000000000000000000000000000000000001001000000001000000000000000000000000000000000000000000000000000000000000000000000000000000000010000000000000000000000001
0010000000000000000000000000000000000001001000000001000000000000000000000000000000000000000000000000000000000000000000000000000000000010000000000000000000000001
0010000000000000000000000000000000000001011001000101100100000000000000000000000000000000000000001010000000000000000000000000000000000010000000000000000000000001
0010000000000000000000000000000000000001000000000000000100000000000000000000000000000000000000000010000000000000000000000000000000000010000000000000000000000001
0010000000000000000000000000000000000001000000000000000100000000000000000000000000000000000000000010000000000000000000000000000000000010000000000000000000000001
0010000000000000000000000000000000000001000000000000000100000000000000000000000000000000000000000010000000000000000000000000000000000010000000000000000000000001
0010000000000000000000000000000000000001000000000000000100000000000010010000000000000000000000000010000000000000000000000000000000000010000000000000000010100001
0010000000000000000000000000000000000001000000000000000100000000000000011001000000000000000000000010101000000000000000000000000000000010000000000000000000100001
0010000000000000000000000000000000000001000000000000000100000000000000010001100100000000000000000010001000000000000010100000000000000010000000000000000000100001
0010000000000000000000000000000000000001000000000000000100000000000000010001000100000000000000000010001000000000000000100000000000000010000000000000000000100001
0010000000000000000000000000000000000001000000000000000100000000000000010001000100001001000000000010001000000000000000100000000000000010000000000000101000100001
0010000000000000000000000000000000000001000000000000000100000000000000010001000100000001100100000010001000000000000000100000000000000010000000000000101000100001
0010000000000000000000000000000000000001000000000000000100000000000000010001000100000001000100000010001000000000000000100000000000000010000000000000001000100001
0010000000000000000000000000000000000001000000000000000100000000000000010001000100000001000100000010001000000000000000100000000000000010000000000000001000100001
0010000000000000000000000000000000000001000000000000000100000000000000010001000100000001000100000010001000000000000000100000000000000010000000000000001000100001
0010000000000000000000000000000000000001000000000000000110101000100100010001000100000001000100000010001000000000000000100000000000000010000000000000001000100001
0010000000000000000000000000000000000001000000000000000100100000000100010001000100000001000100000010001000000000000000100000000000000010000000000000001000100001
0010000000000000000000000000000000000001000000000000000100100000000100010001000100000001000100000010001000000000000000100000000000000010000000000000001000100001
0010000000000000000000000000000000000001000000000000000100100000000100010001000100000001000100000010001000000000000000100000000000000010000000000000001000100001
0010000000000000000000000000000000000001000000000000000100100000000100010001000100000001000100000010001000000000000000100000000000000010000000000000001000100001
0010000000000000000000000000000000000001000000000000000100100000000100010001000100000001000100000010001000000000000000100000000000000010000000000000001000100001
0010000000000000000000000000000000000001000000000000010101100100010100010001000100000001000100000110001000000000000000100000000000000010000000000000001000100001
0010000010101000100100000000000000000001000000000000000000000000000000010101000100000001000100000000011000000000000000100000000000000010000000000000001000100001
0010000000100000000110101000100100000001000000000000000000000000000000010000000100000001000100000000000000000000000000100000000000000010000000000000001000100001
0010000000100000000100100000000100000001000000000000000000000000000000010000000100000001000100000000000000000000000000100000000000000010000000000000001000100001
0010000000100000000100100000000100000001000000000000000000000000000000010000000100000001000100000000000000000000000000100000000000000010000000000000001000100001
0010000000100000000100100000000100000001000000000000000000000000000000010000010100000001000100000000000000000000000001100000000000000010000000000000001000100001
0010000000100000000100100000000100000001000000000000000000000000000000010000000000000001000100000000000000000000000000000000000000000010000000000000001000100001
0010000001100100010100100000000100000001000000000000000000000000000000010000000000000001000100000000000000000000000000000000000000000010000000000000001000100001
0010000000000000000001100100010100000001000000000000000000000000000000010000000000000001000100000000000000000000000000000000000000000010000000000000001000100001
0010000000000000000000000000000000000101000000000000000000000000000000010000000000000001000100000000000000000000000000000000000000000110000000000000001000100001
0010000000000000000000000000000000000000000000000000000000000000000000010000000000000001000100000000000000000000000000000000000000000000000000000000001000100001
0010000000000000000000000000000000000000000000000000000000000000000000010000000000000001000100000000000000000000000000000000000000000000000000000000001000100001
0010000000000000000000000000000000000000000000000000000000000000000000010000000000000001000100000000000000000000000000000000000000000000000000000000001000100001
0010000000000000000000000000000000000000000000000000000000000000000000010000000000000101010100000000000000000000000000000000000000000000000000000000011000100001
0010000000000000000000000000000000000000000000000000000000000000000001010000000000000000000000000000000000000000000000000000000000000000000000000000000001100001
0010000000000000000000000000000000000000000000000000000000000000000000000000000000000000000000000000000000000000000000000000000000000000000000000000000000000001
0010000000000000000000000000000000000000000000000000000000000000000000000000000000000000000000000000000000000000000000000000000000000000000000000000000000000001
0010000000000000000000000000000000000000000000000000000000000000000000000000000000000000000000000000000000000000000000000000000000000000000000000000000000000001
0010000000000000000000000000000000000000000000000000000000000000000000000000000000000000000000000000000000000000000000000000000000000000000000000000000000000001
0010000000000000000000000000000000000000000000000000000000000000000000000000000000000000000000000000000000000000000000000000000000000000000000000000000000000001
0010000000000000000000000000000000000000000000000000000000000000000000000000000000000000000000000000000000000000000000000000000000000000000000000000000000000001
0010000000000000000000000000000000000000000000000000000000000000000000000000000000000000000000000000000000000000000000000000000000000000000000000000000000000001
0010000000000000000000000000000000000000000000000000000000000000000000000000000000000000000000000000000000000000000000000000000000000000000000000000000000000001
0110010001000100010001000100010001000100010001000100010001000100010001000100010001000100010001000100010001000100010001000100010001000100010001000100010001000101
