10101000100010001000100010001000100010001000100010001000100010001000100010001000100010001000100010001000100010001000100010001000100010001000100010001000100010001000100010001001
00100000000000000000000000000000000000000000000000000000000000000000000000000000000000000000000000000000000000000000000000000000000000000000000000000000000000000000000000000001
00100000000010101000100100000000100100000000000010100000000000000000000000000000000000000000000000000000000000000000000000000000000000000000000000000000000000000000000000000001
00100000000000100000000100000000000100000000000000100000000000000000000000000000000000000000000000000000000000000000000000000000000000000000000000000000000000000000000000000001
00100000000000100000000100000000000100000000000000100000000000000000000000000000000000000000000000000000000000000000000000000000000000000000000000000000000000000000000000000001
00100000000000100000000100000000000100000000100100100000000000000000000000000000000000000000000000000000000000001010000000000000000000000000000000000000000000000000000000000001
00100000000000100110010001000100010001000100010001010000000000000000000000000000000000000000000000000000000000000010000000000000000000000000000000000000000000000000000000000001
00100000000000100000000100000000000100000000000100101001000000001010000000000000000000000000000000000000000000000010000000000000000000000000000000000000000000000000000000000001
00100000000001100100010100000000000100000000000100100001100100000010000000000000000000000000000000000000000000000010000000000000000000000000101000000000000000000000000000000001
00100000000000000000000000000110010001000100010001000100010001000100010001000100010001000100010001000100010001010010000000000000000000000000001000000000000000000000000000000001
00100000000000000000000000000000000100000000000100100001000100000010000000000000000000000000000000000000000000000010000000000000000000000000001000000000000000000000000000000001
00100000000000000000000000000000000100000000000100100001000100000010000000000000000000000000000000000000000000000010000000000000000000000000001000000000000000000000000000000001
00100000000000000000000000000000000100000000000100100001000100000010000000000000000000000000000000000000000000000010000000000000000000000000001000000000000000000000000000000001
00100000000000000000000000000000000100000000000100100001000100000010000000000000000000000000000000000000000000000010000000000000000000000000001000000000000000000000000000000001
00100000000000000000000000000000010100000000000101100001000100000010000000000000000000000000000000000000000000000010000000000000000000000000001000000000000000000000000000000001
00100000000000000000000000000000000000000000000100000001000100000010000000000000000000000000000000000000000000000010000000000000000000000000001000000000000000000000000000000001
00100000000000000000000000000000000000000000000100000001000100000010000010101000100100000000000000000000000000000010000000000000000000000000001000000000000000000000000000000001
00100000000000000000000000000000000000000000000100000001000101100100010001000100010001000100010001000100010001000101000000000000000000000000001000000000000000000000000000000001
00100000000000000000000000000000000000000000000100000101000100000110000000100000000100000000000000000000000000000010000000000000000000000000001000000000000000000000000000000001
00100000000000000000000000000000000000000000000100000000000100000000000000100000000100000000000000000000000000000010000000000000000000000000001000000000000000000000000000000001
00100000000000000000000000000000000000000000000100000000000100000000000000100000000100000000000000000000000000000010000000000000000000000000001000000000000000000000000000000001
00100000000000000000000000001010100010001000100010001000100010001000100010001000100010001000100010001000100010010010000000000000000000000000001000000000000000000000000000000001
00100000000000000000000000000000000000000000000100000000000110101000100010001000100010001000100010001000100010001001000000000000000000000000001000000000000000000000000000000001
00100000000000000000000000000000000000000000000100000000000100000000000000000000000000000000000000000000000000000010000000000000000000000000001000000000000000000000000000000001
00100000000000000000000000000000000000000000000100000000000100000000000000000000000000000000000000000000000000000010000000000000000000000000001000000000000000000000000000000001
00100000000000000000000000000000000000000000000100000000000100000000000000000000000000000000000000000000000000000010000000000000000000000000001000000000000000000000000000000001
00100000000000000000000000000000000000000000000100000000000100000000000000000000000000000000000000000000000000000010000000000000000000000000001000000000000000000000000000000001
00100000000000000000000000000000000000000000000100000000000100000000000000000000000000000000000000000000000000000010000000000000000000000000001000000000000000000000000000000001
00100000000000000000000000000000000000000000000100000000000100000000000000000000000000000000000000000000000000000010000000000000000000000000001000000000000000000000000000000001
00100000000000000000000000000000000000000000000100000000000100000000000000000000000000000000000000000000000000000010000000000000000000000000001000000000000000000000000000000001
00100000000000000000000000000000000000000000010100000000000100000000000000000000000000000000000000000000000000000110000000000000000000000000001000000000000000000000000000000001
00100000000000000000000000000000000000000000000000000000000100000000000000000000000000000000000000000000000000000000000000000000000000000000001000000000000000000000000000000001
00100000000000000000000000000000000000000000000000000000000100000000000000000000000000000000000000000000000000000000000000000000000000001010100010001000100110101000100100000001
00100000000000000000000000000000000000000000000000000000000100000000000000000000000000000000000000000000000000000000000000000000000000000010001000000000000100100000000100000001
00100000000000000000000000000000000000000000000000000000000100000000000000000000000000000000000000000000000000000000000000000000000000000010001000000000000100100000000100000001
00100000000000000000000000000000000000000000000000000000000100000000000000000000000000000000000000000000000000000000000000000000000000000010001000000000000100100000000100000001
00100000000000000000000000000000000000000000000000000000000100000000000000000000000000000000000000000000000000000000000000000000000000000110010001000100010100100000000100000001
00100000000000000000000000000000000000000000000000000000010100000000000000000000000000000000000000000000000000000000000000000000000000000000011000000000000000100000000100000001
00100000000000000000000000000000000000000000000000000000000000000000000000000000000000000000000000000000000000000000000000000000000000000000000000000000000001100100010100000001
00100000000000000000000000000000000000000000000000000000000000000000000000000000000000000000000000000000000000000000000000000000000000000000000000000000000000000000000000000001
00100000000000000000000000000000000000000000000000000000000000000000000000000000000000000000000000000000000000000000000000000000000000000000000000000000000000000000000000000001
00100000000000000000000000000000000000000000000000000000000000000000000000000000000000000000000000000000000000000000000000000000000000000000000000000000000000000000000000000001
00100000000000000000000000000000000000000000000000000000000000000000000000000000000000000000000000000000000000000000000000000000000000000000000000000000000000000000000000000001
00100000000000000000000000000000000000000000000000000000000000000000000000000000000000000000000000000000000000000000000000000000000000000000000000000000000000000000000000000001
01100100010001000100010001000100010001000100010001000100010001000100010001000100010001000100010001000100010001000100010001000100010001000100010001000100010001000100010001000101
