1010100010001000100010001000100010001000100010001000100010001000100010001000100010001000100010001000100010001000100010001000100010001000100010001001
0010000000000000000000000000100100000000000000000000000000000000000000000000000000000000000000000000000000001010000000000000000000000000000000000001
0010000000000000000000000000000100000000000000000000000000000000000000000000000000000000000000000000000000000010000000000000000000000000000000000001
0010000000000000000000000000000100000000000000000000000000000000000000000000000000000000000000000000000000000010000000000000000000000000000000000001
0010000000000000000000000000000100000000000000000000000000000000000000000000000000000000000000000000000000000010000000000000000000000000000000000001
0010000000000000000000000000000100000000000010010000000000000000000000000000000000000000000000001010000000000010000000000000000000000000000000000001
0010000000000000000000000000000100000000000000010000000000000000000000000000000000000000000000000010000000000010000000000000000000000000000000000001
0010000000000000000000000000000100000000000000010000000000000000000000000000000000000000000010101000100100000010000000000000000000000000000000000001
0010000000000000000000000000000100000000000000010000000000000000000000000000000000000000000000100010000100000010000000000000000000000000000000000001
0010000000000000000000000000000100000000000000010000000000000000000000000000000000000000000000100010000100000010000000000000000000000000000000000001
0010000000000000000000000000000100000000000000010000000000000000000000000000000000000000000000100010000100000010000000000000000000000000000000000001
0010000000000000000000000000000100000000000000010000000000000000000000000000000000000000000000100010000100000010000000000000000000000000000000000001
0010000000000000000000000000000100000000000000010000000000000000000000000000000000000000000000100010000100000010000000000000000000000000000000000001
0010000000000000000000000000000100000000000000010000000000000000000000000000000000000000000001100100010100000010000000000000000000000000000000000001
0010000000000000000000000000000100000000000000010000000000000000000000000000000000000000000000000010000000000010000000000000000000000000000000000001
0010000000000000000000000000000100000000000000010000000000000000000000000000000000000000000000000010000000000010000000000000000000000000000000000001
0010000000000000000000000000000100000000000000010000000000000000000000000000000000000000000000000010000000000010000000000000000000000000000000000001
0010000000000000000000000000000110101000100100010000000000000000000000000000000000000000000000000010000000000010000000000000000000000000000000000001
0010000000000000000000000000000100100000000100010000000000000000000000000000000000000000000000000010000000000010000000000000000000000000000000000001
0010000000000000000000000000000100100000000100010000000000000000000000000000000000000000000000000010000000000010000000000000000000000000000000000001
0010000000000000000000000000000100100000000100010000000000000000000000000000000000000000000000000010000000000010000000000000000000000000000000000001
0010000000000000000000000000000100100000000100010000000000000000000000000000000000000000000000000010000000000010000000000000000000000000000000000001
0010000000000000000000000000000100100000000100010000000000000000000000000000000000000000000000000010000000000010000000000000000000000000000000000001
0010000000000000000000000000000101100100010100010000000000000000000010101000100100000000000000000010000000000010000000000000000000000000000000000001
0010000000000000000000000000000100000000000000010000000000000000000000100000000100000000000000000010000000000010000000000000000000000000000000000001
0010000000000000000000000000000100000000000000010000000000000000000000100000000100000000000000000010000000000010000000000000000000000000000000000001
0010000000000000000000000000000100000000000001010000000000000000000000100000000100000000000000000110000000000010000000000000000000000000000000000001
0010000000000000000000000000000100000000000000000000000000000000000000100000000100000000000000000000000000000010000000000000000000000000000000000001
0010000000000000000000000000000100000000000000000000000000000000000000100000000100000000000000000000000000000010000000000000000000000000000000000001
0010000000000000000000000000010100000000000000000000000000000000000001100100010100000000000010101000100100000110000000000000000000000000000000000001
0010000000000000000000000000000000000000000000000000000000000000000000000000000000000000000000100000000100000000000000000000000000000000000000000001
0010000000000000000000000000000000000000000000000000000000000000000000000000000000000000000000100000000100000000000000000000000000000000000000000001
0010000000000000000000000000000000000000000000000000000000000000000000000000000000000000000000100000000100000000000000000000000000000000000000000001
0010000000000000000000000000000000000000000000000000000000000000000000000000000000000000000000100000000100000000000000000000000000000000000000000001
0010000000000000000000000000000000000000000000000000000000000000000000000000000000000000000000100000000100000000000000000000000000000000000000000001
0010000000000000000000000000000000000000000000000000000000000000000000000000000000000000000001100100010100000000000000000000000000000000000000000001
0010000000000000000000000000000000000000000000000000000000000000000000000000000000000000000000000000000000000000000000000000000000000000000000000001
0010000000000000000000000000000000000000000000000000000000000000000000000000000000000000000000000000000000000000000000000000000000000000000000000001
0010000000000000000000000000000000000000000000000000000000000000000000000000000000000000000000000000000000000000000000000000000000000000000000000001
0010000000000000000000000000000000000000000000000000000000000000000000000000000000000000000000000000000000000000000000000000000000000000000000000001
0010000000000000000000000000000000000000000000000000000000000000000000000000000000000000000000000000000000000000000000000000000000000000000000000001
0010000000000000000000000000000000000000000000000000000000000000000000000000000000000000000000000000000000000000000000000000000000000000000000000001
0010000000000000000000000000000000000000000000000000000000000000000000000000000000000000000000000000000000000000000000000000000000000000000000000001
0010000000000000000000000000000000000000000000000000000000000000000000000000000000000000000000000000000000000000000000000000000000000000000000000001
0010000000000000000000000000000000000000000000000000000000000000000000000000000000000000000000000000000000000000000000000000000000000000000000000001
0010000000000000000000000000000000000000000000000000000000000000000000000000000000000000000000000000000000000000000000000000000000000000000000000001
0010000000000000000000000000000000000000000000000000000000000000000000000000000000000000000000000000000000000000000000000000000000000000000000000001
0010000000000000000000000000000000000000000000000000000000000000000000000000000000000000000000000000000000000000000000000000000000000000000000000001
0010000000000000000000000000000000000000000000000000000000000000000000000000000000000000000000000000000000000000000000000000000000000000000000000001
0010000000000000000000000000000000000000000000000000000000000000000000000000000000000000000000000000000000000000000000000000000000000000000000000001
0010000000000000000000000000000000000000000000000000000000000000000000000000000000000000000000000000000000000000000000000000000000000000000000000001
0010000000000000000000000000000000000000000000000000000000000000000000000000000000000000000000000000000000000000000000000000000000000000000000000001
0010000000000000000000000000000000000000000000000000000000000000000000000000000000000000000000000000000000000000000000000000000000000000000000000001
0110010001000100010001000100010001000100010001000100010001000100010001000100010001000100010001000100010001000100010001000100010001000100010001000101
