101010001000100010001000100010001000100010001000100010001000100010001000100010001000100010001000100010001000100010001000100010001000100010001000100010001000100010001001
001000000000000000000000000000000000000000000000000000000000000000000000000000000000000000000000000000000000000000000000000000000000000000000000000000000000000000000001
001000000000000000000000000000000000000000000000000000000000000000000000000000000000000000000000000000000000000000000000000000000000000000000000000000000000000000000001
001000000000000000000000000000000000000000000000000000000000000000000000000000000000101010001001000000000000000000000000000000000000000000000000000000000000000000000001
001000000000000000000000000000000000000000000000000000000000000000000000000000000000001000000001000000000000000000000000000000000000000000000000000000000000000000000001
001000000000000000000000000000000000000000000000000000000000000000000000000000000000001000000001000000000000000000000000000000000000000000000000000000000000000000000001
001000000000000000000000000000000000000000000000100100000000101010001001000000000000001000000001000000000000000000000000101000000000000000000000000000000000000000000001
001000000000000000000000000000000000000000000000000100000000001000000001000000000000001000000001000000000000000000000000001000000000000000000000000000000000000000000001
001000000000000000000000000000000000000000000000000100000000001000000001000000000000001000000001000000000000000000000000001000000000000000000000000000000000000000000001
001000000000000000000000000001100100010001000100010001000100010001000100010001000100010001000100010001000100010001000100010001000100010001000100010001000100010100000001
001000000000000000000000000000000000000000000000000100000000001000000001000000000000000000000000000000000000000000000000001000000000000000000000000000000000000000000001
001000000000000000000000000000000000000000000000000100000000001000000001000000000000000000000000000000000000000000000000001000000000000000000000000000000000000000000001
001000000000000000000000000000000000000000000000000100000000011001000101000000000000000000000000000000000000000000000000001000000000000000000000000000000000000000000001
001000000000000000000000000000000000000000000000000100000000000000000000000000000000000000000000000000000000000000000000001000000000000000000000000000000000000000000001
001000000000000000000000000000000000000000000000000100000000000000000000000000001001000000000000000000000000000000000000101000000000000000000000000000000000000000000001
001000000000000000000000101010001001000000000000000100000000000000000000000000000001000000000000000000000000000000000000001000000000000000000000000000000000000000000001
001000000000000000000000001000000001000000000000000100000000000000000000000000000001000000000000000000000000000000000000001000000000000000000000000000000000000000000001
001000000000000000000000001000000001000000000000000100000000000000000000000000000001000000001001000000000000000010100000001000000000000000000000000000000000000000000001
001000000000000000000000001000000001000000000000000100000000000000000000000000000001000000000001000000000000000000100000001000000000000000000000000000000000000000000001
001000000000000000000000001000000001000000000000000100000000000000000000000000000001000000000001000000000000000000100000001000000000000000000000000000000000000000000001
001000000000000000000000001000000001000000000000000100000000000000000000000000000001000000000001000000000000000000100000001000000000000000000000000000000000000000000001
001000000000000000000000011001000101000000000000000100000000000000000000000000000001000000000001000000000000000000100000001000000000000000000000000000000000000000000001
001000000000000000000000000000000000000000000000000100000000000000000000000000000001000000000001000000000000000000100000001000000000000000000000000000000000000000000001
001000000000000000000000000000000000000000000000000100000000000000000000000000000001011001000100010001000100010001000100010001000100010001000100010001010000101000000001
001000000000000000000000000000000000000000000000000100000000000000000000000000000001000000000001000000000000000000100001001000000000000000000000000000000000001000000001
001000000000000000000000000000000000000000000000000100000000000000000000000000000001000000000001000000000000000000100001001000000000000000000000000000000000001000000001
001000000000000000000000000000000000000000000000000100000000000000000000000000000001000000000001000000000000000000100001001000000000000000000000000000000000001000000001
001000000000000000000000000000000000000000000000000100000000000000000000000000000001000000000001000000000000000000100001001000000000000000000000000000000000001000000001
001000000000000000000000000000000000000000000000000100000000000000000000000000000001000000000001000000000000000000100001001000000000000000000000000000000000001000000001
001000000000000000000000000000000000000000000000000100000000000000000000000000000001000000000001000000000000000000100001001000000000000000000000000000000000001000000001
001000000000000000000000000000000000000000000000000100000000000000000000000000000001000000000101000000000000000001100001001000000000000000000000000000000000001000000001
001000000000000000000000000000000000000000000000000100000000000000000000000000000001101010001000100010001000100010001000100010001000100010001000100010010000001000000001
001000000000000000000000000000000000000000000000010100000000000000000000000000000101000000000000000000000000000000000001011000000000000000000000000000000000001000000001
001000000000000000000000000010101000100010001000100010001000100010001000100010001000100010001000100010001000100010001000100010001000100010001000100010001000100100000001
001000000000000000000000000000000000000000000000000000000000000000000000000000000000000000000000000000000000000000000001000000000000000000000000000000000000001000000001
001000000000000000000000000000000000000000000000000000000000000000000000000000000000000000000000000000000000000000000001000000000000000000000000000000000000001000000001
001000000000000000000000000000000000000000000000000000000000000000000000000000000000000000000000000000000000000000000001000000000000000000000000000000000000001000000001
001000000000000000000000000000000000000000000000000000000000000000000000000000000000000000000000000000000000000000000001000000000000000000000000000000000000001000000001
001000000000000000000000000000000000000000000000000000000000000000000000000000000000000000000000000000000000000000000001000000000000000000000000000000000000001000000001
001000000000000000000000000000000000000000000000000000000000000000000000000000000000000000000000000000000000000000000001000000000000000000000000000000000000001000000001
001000000000000000000000000000000000000000000000000000000000000000000000000000000000000000000000000000000000000000000001000000000000000000000000000000000000001000000001
001000000000000000000000000000000000000000000000000000000000000000000000000000000000000000000000000000000000000000000101000000000000000000000000000000000000011000000001
001000000000000000000000000000000000000000000000000000000000000000000000000000000000000000000000000000000000000000000000000000000000000000000000000000000000000000000001
001000000000000000000000000000000000000000000000000000000000000000000000000000000000000000000000000000000000000000000000000000000000000000000000000000000000000000000001
001000000000000000000000000000000000000000000000000000000000000000000000000000000000000000000000000000000000000000000000000000000000000000000000000000000000000000000001
001000000000000000000000000000000000000000000000000000000000000000000000000000000000000000000000000000000000000000000000000000000000000000000000000000000000000000000001
011001000100010001000100010001000100010001000100010001000100010001000100010001000100010001000100010001000100010001000100010001000100010001000100010001000100010001000101
