10101000100010001000100010001000100010001000100010001000100010001000100010001000100010001000100010001000100010001000100010001000100010001000100010001000100010001000100010001000100010001001
00100000000000000000000000000000000000000000000000000000000000000000000000000000000000000000000000000000000000000000000000000000000000000000000000000000000000000000000000000000000000000001
00100000000000000000000000000000000000000000000000000000000000000000000000000000000000000000000000000000000000000000000000000000000000000000000000000000000000000000000000000000000000000001
00100000000000000000000000000000000000000000000000000000000000000000000000000000000000000000000000000000000000000000000000000000000000000000000000000000000000000000000000000000000000000001
00100000000000000000000000000000000000000000000000000000000000000000000000000000000000000000000000000000000000000000000000000000000000000000000000000000000000000000000000000000000000000001
00100000000000000000000000000000000000000000000000000000000000000000000000000000000000000000000000000000000000000000000000000000000000000000000000000000000000000000000000000000000000000001
00100000000000000000000000000000000000000000000010010000000000000000000000000000000000000000000000000000000000000000101000000000000000000000000000000000000000000000000000000000000000000001
00100000000000000000000000000000000000000000000000011001000000000000000010100000000000000000000000000000000000000000001000000000000000000000000000000000000000000000000000000000000000000001
00100000000000000000000000000000000000000000000000010001000000000000000000100000000000000000000000000000000000000000001000000000000000000000000000000000000000000000000000000000000000000001
00100000000000000000000000000000000000000000000000010001000000000000000000100000000000000000000000000000000000000000001000000000000000000000000000000000000000000000000000000000000000000001
00100000000000000000000000000000000000000000000000010001000000001001000000100000000000000000000000000000000000000000001000000000000000000000000000000000101000000000000000000000000000000001
00100000000000000000000000000000000000000000000000010001000000000001000000100000000000000000000000000000000000000000001000000000000000000000000000000000001000000000000000000000000000000001
00100000000000000000000000000000000000000000000000010001000000000001000010010000000010100000000000000000000000000000001000000000000000000000000000000000001000000000000000000000000000000001
00100000000000000000000000000000000000000000000000010001000000000001000000010000000000100000000000000000000000000000001000000000000000000000000000000000001000000000000000000000000000000001
00100000000000000000000000000000000000000000000000010001000000000001000000010000000000100000000000000000000000000000001000000000000000000000000000000000001000000000000000000000000000000001
00100000000000000000000000000000000000000000000000010001000000000001000000010000000000100000000000000000000000000000001000000000000000000000000000000000001000000000000000000000000000000001
00100000000000000000000000000000000000000000000000010001000000000001000000010000000000100000000000000000000000000000001000000000000000000000000000000000001000000000000000000000000000000001
00100000000000000000000000000000000000000000000000010001000000000001000000010000000000100000000000000000000000000000001000000000000000000000000000000000001000000000000000000000000000000001
00100000000000000000000000000000000000000000000000010001000000000001000000010000000000100000000000000000000000000000001000000000000000000000000000000000001000000000000000000000000000000001
00100000000000000000000000000000000000000000000000010001000000000001000000010000000000100000000000000000000000000000001000000000000000000000000000000000001000000000000000000000000000000001
00100000000000000000000000000000000000000000000000010101000000000001000000010000000000100000000000000000000000000000001000000000000000000000000000000000001000000000000000000000000000000001
00100000000000000000000000000000000000000000000000010000000000000001000000010110010001000100010001000100010001000101001000000000000000000000000000000000001000000000000000000000000000000001
00100000000000000000000000000000000000000000000000010000000000000001000000011010100010001000100010001000100010001001001000000000000000000000000000000000001000000000000000000000000000000001
00100000000000000000000000000000000000000000000000010000000000000001000001010000000001100000000000000000000000000000001000000000000000000000000000000000001000000000000000000000000000000001
00100000000000000000000000000000000000000000000000010000000000000001000000000000000000000000000000000000000000000000001000000000000000000000000000000000001000000000000000000000000000000001
00100000000000000000000000000000000000000000000000010000000000000001000000000000000000000000000000000000000000000000001000000000000000000000000000000000001000000000000000000000000000000001
00100000000000000000000000000000000000000000000000010000000000000001000000000000000000000000000000000000000000000000001000000000000000000000000000000000001000000000000000000000000000000001
00100000000000000000000000000000000000000000000000010000000000000001000000000000000000000000000000000000000000000000001000000000000000000000000000000000001000000000000000000000000000000001
00100000000000000000000000000000000000000000000000010000000000000001000000000000000000000000000000000000000000000000001000000000000000000000000000000000001000000000000000000000000000000001
00100000000000000000000000000000000000000000000000010000000000000001000000000000000000000000000000000000000000000000001000000000000000000000000000000000001000000000000000000000000000000001
00100000000000000000000000000000000000000000000000010000000000000001000000000000000000000000000000000000000000000000001000000000000000000000000000000000001000000000000000000000000000000001
00100000000000000000000000000000000000000000000001010000000000000001000000000000000000000000000000000000000000000000011000000000000000000000000000000000001000000000000000000000000000000001
00100000000000000000000000000000000000000000000000000000000000000001000000000000000000000000000000000000000000000000000000000000000000000000000000000000001000000000000000000000000000000001
00100000000000000000000000000000000000000000000000000000000000000001000000000000000000000000000000000000000000000000000000000000000000000000000000000000001000000000000000000000000000000001
00100000000000000000000000000000000000000000000000000000000000000001000000000000000000000000000000000000000000000000000000000000000000000000000000000000001000000000000000000000000000000001
00100000000000000000000000000000000000000000000000000000000000000001000000000000000000000000000000000000000000000000000000000000000000000000000000000000001000000000000000000000000000000001
00100000000000000000000000000000000000000000000000000000000000000001000000000000000000000000000000000000000000000000000000000000000000000000000000000000001000000000000000000000000000000001
00100000000000000000000000000000000000000000000000000000000000000001000000000000000000000000000000000000000000000000000000000000000000000000000000000000001000000000000000000000000000000001
00100000000000000000000000000000000000000000000000000000000000000001000000000000000000000000000000000000000000000000000000000000000000000000000000000000001000000000000000000000000000000001
00100000000000000000000000000000000000000000000000000000000000000001000000000000000000000000000000000000000000000000000000000000000000000000000000000000001000000000000000000000000000000001
00100000000000000000000000000000000000000000000000000000000000000101000000000000000000000000000000000000000000000000000000000000000000000000000000000000011000000000000000000000000000000001
01100100010001000100010001000100010001000100010001000100010001000100010001000100010001000100010001000100010001000100010001000100010001000100010001000100010001000100010001000100010001000101
