101010001000100010001000100010001000100010001000100010001000100010001000100010001000100010001000100010001000100010001000100010001000100010001000100010001000100010001001
001000000000000000000000000000100000000100000000000000000000000000000000000000000000000000000000000000000000000000000000000000000000000000000000000000000000000000000001
001000000000000000000000000000100000000100000000000000000000000000000000000000000000000000000000000000000000000000000000000000000000000000000000000000000000000000000001
001000000000000000000000000000100000100100000000000000000000000000000000000000000000000000000000000000000000101000000000000000000000000000000000000000000000000000000001
001000000000000000000000000000100000000100000000000000000000000000000000000000000000000000000000000000000000001000000000000000000000000000000000000000000000000000000001
001000000000000000000000000000100000000100000000000000000000000000000000000000000000000000000000000000000000001000000000000000000000000000000000000000000000000000000001
001000000000000000000000000001100100000100000000000000000000000000000000000000000000000000000000000000000000001000000000000000000000000000000000000000000000000000000001
001000000000000000000000000000000000000100000000000010010000000000000000000000000000000000000000000000000000001000000000101000000000000000000000000000000000000000000001
001000000000000000000000000000000000000100000000000000010000000000000000000000000000000000000000000000000000001000000000001000000000000000000000000000000000000000000001
001000000000000000000000000000000000000100000000000000010000000000000000000000000000000000000000000000000000001000000000001000000000000000000000000000000000000000000001
001000000000000000001010100010010000000100000000000000010000000000000000000000000000000000000000000000000000001000000000001000000000000000000000000000000000000000000001
001000000000000000000010000000010000000100000000000000010000000000000000000000000000000000000000000000000000001000000000001000000000000000000000000000000000000000000001
001000000000000000000010000000010000000100000000000000010000000000000000000000000000000000000000000000000000001000000000001000000000000000000000000000000000000000000001
001000000000000000000010000000010000000100000000000000010000000000000000000000000000000000000000000000000000001000000000001000000000000000000000000000000000000000000001
001000000000000000000010000000010000000100000000011001000100010001000100010001000100010001000100010001000100010001000100010001000100010001000101000010100000000000000001
001000000000000000000010000000010000000100000000000000010000000000000000000000000001000000000000000000000000001000000000001000000000000000000000000000100000000000000001
001000000000000000000110010001010000000100000000000000010000000000000000000000000001000010010000000010100000001000000000001000000000000000000000000000100000000000000001
001000000000000000000000000000000000000100000000000000010000000000000000000000000001000000011001000000100000001000000000001010100000000000000000000000100000000000000001
001000000000000000000000000000000000000100000000000000010000000000000000000000000001000000010001000000100000001000000000001000100000000000000000000000100000000000000001
001000000000000000000000000000000000000100000000000000010000000000000000000000000001000000010001000000100000001000000000001000100000000000000000000000100000000000000001
001000000000000000000000000000000000000100000000000000010000000000000000000000000001000000010001000000101001001000000000001010100000000000000000000000100000000000000001
001000000000000000000000000000000000000100000000000000010000000000000000000000000001000000010001000000100001001000000000001000100000000000000000000000100000000000000001
001000000000000000000000000000000000000100000000000000010000000000000000000000000001000000010001000000100001001000000000001000100000000000000000000000100000000000000001
001000000000000000000000000000000000000100000000000000010000000000000000000000000001000000010001000000100001001000000000001000100000000000000000000000100000000000000001
001000000000000000000000000000000000000100000000000000010000000000000000000000000001000000010001000000100001001000000000001000100000000000000000000000100000000000000001
001000000000000000000000000000000000000100000000000000010000000000000000000000000001000000010110010001000100010001000100010001000101000000000000000000100000000000000001
001000000000000000000000000000000000000100000000000000010000000000000000000000000001000000011010100010001000100010001000100010001001000000000000000000100000000000000001
001000000000000000000000000000000000000100000000000000010000000000000000000000000001000001010001000001100001001000000000001000010000000000000000000000100000000000000001
001000000000000000000000000000000000000100000000000000010000000000000000000000000001000000000001000000000001001000000000001000010000000000000000000000100000000000000001
001000000000000000000000000000000000010100000000101010001000100010001000100010001000100010001000100010001000100010001000100010001000100010001001000000100000000000000001
001000000000000000000000000000000000000000000000000000010000000000000000000000000001000000000001000000000001000000000000001000010000000000000000000000100000000000000001
001000000000000000000000000000000000000000000000000000010000000000000000000000000001000000000001000000000001000000000000001000010000000000000000000000100000000000000001
001000000000000000000000000000000000000000000000000001010000000000000000000000000001000000000001000000000001000000000000011001010000000000000000000000100000000000000001
001000000000000000000000000000000000000000000000000000000000000000000000000000000001000000000101000000000101000000000000000001100000000000000000000000100000000000000001
001000000000000000000000000000000000000000000000000000000000000000000000000000000001000000000000000000000000000000000000000000000000000000000000000000100000000000000001
001000000000000000000000000000000000000000000000000000000000000000000000000000000001000000000000000000000000000000000000000000000000000000000000000000100000000000000001
001000000000000000000000000000000000000000000000000000000000000000000000000000000001000000000000000000000000000000000000000000000000000000000000000000100000000000000001
001000000000000000000000000000000000000000000000000000000000000000000000000000000001000000000000000000000000000000000000000000000000000000000000000000100000000000000001
001000000000000000000000000000000000000000000000000000000000000000000000000000000001000000000000000000000000000000000000000000000000000000000000000000100000000000000001
001000000000000000000000000000000000000000000000000000000000000000000000000000000101000000000000000000000000000000000000000000000000000000000000000001100000000000000001
001000000000000000000000000000000000000000000000000000000000000000000000000000000000000000000000000000000000000000000000000000000000000000000000000000000000000000000001
001000000000000000000000000000000000000000000000000000000000000000000000000000000000000000000000000000000000000000000000000000000000000000000000000000000000000000000001
001000000000000000000000000000000000000000000000000000000000000000000000000000000000000000000000000000000000000000000000000000000000000000000000000000000000000000000001
001000000000000000000000000000000000000000000000000000000000000000000000000000000000000000000000000000000000000000000000000000000000000000000000000000000000000000000001
001000000000000000000000000000000000000000000000000000000000000000000000000000000000000000000000000000000000000000000000000000000000000000000000000000000000000000000001
001000000000000000000000000000000000000000000000000000000000000000000000000000000000000000000000000000000000000000000000000000000000000000000000000000000000000000000001
011001000100010001000100010001000100010001000100010001000100010001000100010001000100010001000100010001000100010001000100010001000100010001000100010001000100010001000101
