10101000100010001000100010001000100010001000100010001000100010001000100010001000100010001000100010001000100010001000100010001000100010001000100010001000100010001000100010001000100010001000100010001000100010001001
00100000000000000000000000000000000000000000000000000000000000000000000000000000000000000000000000000000000000000000000000000000000000000000000000000000000000000000000000000000000000000000000000000000000000000001
00100000000000000000000000000000100100000000000000000000000000000000000000001010000000000000000000000000000000000000000000000000000000000000000000000000000000000000000000000000000000000000000000000000000000000001
00100000000000000000000000000000000110010000000000000000000000000000000000000010000000000000000000001010000000000000000000000000000000000000000000000000000000000000000000000000000000000000000000000000000000000001
00100000000000000000000000000000000100010000000000000000000000000000000000000010000000000000000000000010000000000000000000000000000000000000000000000000000000000000000000000000000000000000000000000000000000000001
00100000000000000000000000000000000100010000000000000000000000000000000000000010000000000000000000000010000000000000000000000000000000000000000000000000000000000000000000000000000000000000000000000000000000000001
00100000000000000110010001000100010001000100010001000100010001000100010001000100010001010000000000000010000000000000000000000000000000000000000000000000000000000000000000000000000000000000000000000000000000000001
00100000000000000000000000000000000100010000000000000000000000000000000000000010000000000000000000000010000000000000000000000000000000000000000000000000000000000000000000000000000000000000000000000000000000000001
00100000000000000000000000000000000100010000101010001000100100000000000000000010000000000000000000000010000000000000000000000000000000000000000000000000000000000000000000000000000000000000000000000000000000000001
00100000000000000000000000000000000100010000001000000000000110010000000000000010000000000000000010100010000000000000000000000000000000000000000000000000000000000000000000000000000000000000000000000000000000000001
00100000000000000000000000000000000100010000001000000000000100010000000000000010000000000000000000100010000000000000000000000000000000000000000000000000000000000000000000000000000000000000000000000000000000000001
00100000000000000000000000000000000100010000001000000000000100010000000000000010000000000000000000100010000000000000000000000000000000000000000000000000000000000000000000000000000000000000000000000000000000000001
00100000000000000000000000000000000100010000001000000000000100010000000000000010000000000000000000100010000000000000000000000000000000000000000000000000000000000000000000000000000000000000000000000000000000000001
00100000000000000000000000000000000100010000011001000100010100010000000000000010000000000000000000100010000000000000000000000000000000000000000000000000000000000000000000000000000000000000000000000000000000000001
00100000000000000000000000000000000100010000000000000000000000010000000000000010100100000000000000100010000000000000101000000000000000000000000000000000000000000000000000000000000000000000000000000000000000000001
00100000000000001010100010001000100010001000100010001000100010001000100010001000100010010000000000100010000000000000001000000000000000000000000000000000000000000000000000000000000000000000000000000000000000000001
00100000000000000000000000000000000100010000000000000000000000010000000000000010000100000000000000100010000000000000001000000000000000000000000000000000000000000000000000000000000000000000000000000000000000000001
00100000000000000000000000000000000100010000000000000000000000010000000000000010000100000000000000100010000000001010100010010000000000000000000000000000000000000000000000000000000000000000000000000000000000000001
00100000000000000000000000000000000100010000000000000000000000010000000000000010000100000000000000100010000000000010001000010000000000000000000000000000000000000000000000000000000000000000000000000000000000000001
00100000000000000000000000000000000100010000000000000000000000010000000000000010000100000000000000100010000000000010001000010000000000000000000000000000000000000000000000000000000000000000000000000000000000000001
00100000000000000000000000000000000100010000000000000000000000010000000000000010000100000000000000100010100100000010101000010000000000000000000000000000000000000000000000000000000000000000000000000000000000000001
00100000000000000000000000000000010100010000000000000000000000010000000000000110000100000000000000100010000100000010001000010000000000000000000000000000000000000000000000000000000000000000000000000000000000000001
00100000000000000000000000000000000000010000000000000000000000010000000000000000000100000000000000100010000100000010001000010000000000000000000000000000000000000000000000000000000000000000000000000000000000000001
00100000000000000000000000000000000000010000000000000000000000010000000000000000000100000000000000100010000100000110001001010000000000000000000000000000000000000000000000000000000000000000000000000000000000000001
00100000000000000000000000000000000000010000000000000000000000010000000000000000000100000000000000100010000100000000001000000000000000000000000000000000000000000000000000000000000000000000000000000000000000000001
00100000000000000000000000000000000000010000000000000000000000010000000000000000000100000000000000100010000100000000001000000000000000000000000000000000000000000000000000000000000000000000000000000000000000000001
00100000000000000000000000000000000000010000000000000000000001010000000000000000000100000000000001100010000100000000001000000000000000000000000000000000000000000000000000000000000000000000000000000000000000000001
00100000000000000000000000000000000001010000000000000000000000000000000000000000000100000000000000000110000100000000001000000000000000000000000000000000000000000000000000000000000000000000000000000000000000000001
00100000000000000000000000000000000000000000000000000000000000000000000000000000000100000000000000000000000100000000001000000000000000000000000000000000000000000000000000000000000000000000000000000000000000000001
00100000000000000000000000000000000000000000000000000000000000000000000000000000000100000000000000000000000100000000001000000000000000000000000000000000000000000000000000000000000000000000000000000000000000000001
00100000000000000000000000000000000000000000000000000000000000000000000000000000000100000000000000000000000100000000001000000000000000000000000000000000000000000000000000000000000000000000000000000000000000000001
00100000000000000000000000000000000000000000000000000000000000000000000000000000010100000000000000000000010100000000011000000000000000000000000000000000000000000000000000000000000000000000000000000000000000000001
00100000000000000000000000000000000000000000000000000000000000000000000000000000000000000000000000000000000000000000000000000000000000000000000000000000000000000000000000000000000000000000000000000000000000000001
00100000000000000000000000000000000000000000000000000000000000000000000000000000000000000000000000000000000000000000000000000000000000000000000000000000000000000000000000000000000000000000000000000000000000000001
00100000000000000000000000000000000000000000000000000000000000000000000000000000000000000000000000000000000000000000000000000000000000000000000000000000000000000000000000000000000000000000000000000000000000000001
00100000000000000000000000000000000000000000000000000000000000000000000000000000000000000000000000000000000000000000000000000000000000000000000000000000000000000000000000000000000000000000000000000000000000000001
01100100010001000100010001000100010001000100010001000100010001000100010001000100010001000100010001000100010001000100010001000100010001000100010001000100010001000100010001000100010001000100010001000100010001000101
