1010100010001000100010001000100010001000100010001000100010001000100010001000100010001000100010001000100010001000100010001000100010001000100010001000100010001001
0010000000000000001000000001000000000000000000000000000000000000000000000000000000000000000000000000000000000000000000000000000000000000000000000000000000000001
0010000000000000001000000001000000000000000000000000000000000000000000000000000000000000000000000000000000000000000000000000000000000000000000000000000000000001
0010000000000000001000000001000000001001000000001010100010010000000000000000000000000000000000000000000000001010000000000000000000000000000000000000000000000001
0010000000000000001000000001000000000001000000000010000000010000000000000000000000000000000000000000000000000010000000000000000000000000000000000000000000000001
0010000000000000001000000001000000000001101010001001000000010000000000000000000000000000000000000000000000000010000000000000000000000000000000000000000000000001
0010000000000000011001000101000000000001001000000001000000010000000000000000000000000000000000000000000000000010000000000000000000000000000000000000000000000001
0010000000000000000000000000000000000001001000000001000000010000000000000000000000000000000000000000000000000010000000000000000000000000000000000000000000000001
0010000000000000000000000110010001000100010001000100010001000100010001000100010001000101000000000000000000000010000000000000000000000000000000000000000000000001
0010000000000000000000000000000000000001001000000001010001010000000000000000000000000000000000000000000000000010000000000000000000000000000000000000000000000001
0010000000000000000000000000000000000001001000000001000000000000000000000000000000000000000000000000000000000010000000000000000000000000000000000000000000000001
0010000000000000000000000000000000000001011001000101000000000000000010010000000000000000101000000000000000000010000000000000000000000000000000000000000000000001
0010000000000000000000000000000000000001000000000000000000000000000000010000000000000000001000000000000000000010000000000000000000000000000000000000000000000001
0010000000000000000000000000000000000001000000000000000000000000000000010000000000000000001000000000000000000010000000000000000000000000000000000000000000000001
0010000000000000000000000000000000000001000000000000000000000000000000010000000000000000101010001001000000000010000000000000000000000000000000000000000000000001
0010000000000000000000001010100010001000100010001000100010001000100010001000100010001001001000000001000010100010000000000000000000000000000000000000000000000001
0010000000000000000000000000000000000001000000000000000000000000000000010000000000000001001000000001000000100010000000000000000000000000000000000000000000000001
0010000000000000000000000000000000000001000000000000000000000000000000010000000000000001001000000001000000100010000000000000000000000000000000000000000000000001
0010000010101000100100000000000000000001000000000000000000000000000000010000000000000001001000000001000000100010000000000000000000000000000000000000000000000001
0010000000100000000100000000000000000001000000000000000000000000000000010000000000000001001000000001000000100010000000000000000000000000000000000000000000000001
0010000000100000000100000000000000000001000000000000000000000000000000010000000000000001011001000101000000100010000000000000000000000000000000000000000000000001
0010000000100000000100000000000000000001000000000000000000000000000000010000000000000001001000000000000000100010000000000000000000000000000000000000000000000001
0010000000100000000100000000000000000001000000000000000000000000000000010000000000000001001000000000000000100010100110101000100100000000000000000000000000000001
0010000000100000000100000000000000000001000000000000000000000000000000010000000000000001001000000000000000100010000100100000000100000000000000000000000000000001
0010000001100100010100000000000000000001000000000000000000000000000001010000000000000001011000000000000000100010000100100000000100000000000000000000000000000001
0010000000000000000000000000000000000001000000000000000000000000000000000000000000000001000000000000000000100010000100100000000100000000000000000000000000000001
0010000000000000000000000000000000000001000000000000000000000000000000000000000000000001000000000000000000100010000100100000000100000000000000000000000000000001
0010000000000000000000000000000000000001000000000000000000000000000000000000000000000001000000000000000000100010000100100000000100000000000000000000000000000001
0010000000000000000000000000000000000001000000000000000000000000000000000000000000000101000000000000000001100010000101100100010100000000000000000000000000000001
0010000000000000000000000000000010101000100100000000000000000000000000000000000000000000000000000000000000000110010001000100010001000100010001000100010100000001
0010000000000000000000000000000000100000000100000000000000000000000000000000000000000000000000000000000000000000010100000000000000000000000000000000000000000001
0010000000000000000000000000000000100000000100000000000000000000000000000000000000000000000000000000000000001010100010001000100010001000100010001000100100000001
0010000000000000000000000000000000100000000100000000000000000000000000000000000000000000000000000000000000000000000000000000000000000000000000000000000000000001
0010000000000000000000000000000000100000000100000000000000000000000000000000000000000000000000000000000000000000000000000000000000000000000000000000000000000001
0010000000000000000000000000000000100000000100000000000000000000000000000000000000000000000000000000000000000000000000000000000000000000000000000000000000000001
0010000000000000000000000000000001100100010100000000000000000000000000000000000000000000000000000000000000000000000000000000000000000000000000000000000000000001
0010000000000000000000000000000000000000000000000000000000000000000000000000000000000000000000000000000000000000000000000000000000000000000000000000000000000001
0010000000000000000000000000000000000000000000000000000000000000000000000000000000000000000000000000000000000000000000000000000000000000000000000000000000000001
0010000000000000000000000000000000000000000000000000000000000000000000000000000000000000000000000000000000000000000000000000000000000000000000000000000000000001
0010000000000000000000000000000000000000000000000000000000000000000000000000000000000000000000000000000000000000000000000000000000000000000000000000000000000001
0010000000000000000000000000000000000000000000000000000000000000000000000000000000000000000000000000000000000000000000000000000000000000000000000000000000000001
0010000000000000101010001001000000000000000000000000000000000000000000000000000000000000000000000000000000000000000000000000000000000000000000000000000000000001
0010000000000000001000000001000000000000000000000000000000000000000000000000000000000000000000000000000000000000000000000000000000000000000000000000000000000001
0010000000000000001000000001000000000000000000000000000000000000000000000000000000000000000000000000000000000000000000000000000000000000000000000000000000000001
0010000000000000001000000001000000000000000000000000000000000000000000000000000000000000000000000000000000000000000000000000000000000000000000000000000000000001
0010000000000000001000000001000000000000000000000000000000000000000000000000000000000000000000000000000000000000000000000000000000000000000000000000000000000001
0010000000000000001000000001000000000000000000000000000000000000000000000000000000000000000000000000000000000000000000000000000000000000000000000000000000000001
0010000000000000011001000101000000000000000000000000000000000000000000000000000000000000000000000000000000000000000000000000000000000000000000000000000000000001
0110010001000100010001000100010001000100010001000100010001000100010001000100010001000100010001000100010001000100010001000100010001000100010001000100010001000101
