10101000100010001000100010001000100010001000100010001000100010001000100010001000100010001000100010001000100010001000100010001000100010001001
00100000000000000000001000011001000000000000000000000000000000000000000000000000000000000000101000000000001000000000000000000000101000000001
00100000000000000000001000010001000000000000000000000000000000000000000000000000000000000000001000000000001000000000000000000000001000000001
00100110010001000100010001000100010001000100010001000100010001000100010001000100010001000100010001000100010100000000000000000000001000000001
00100000000000000000001000010001000000000000000000000000000000000000000000000000000000000000001000000000001000000000000000000000001000000001
00100000000000000000001000010001000000000000000000000000000000000000000000000000000000000000001000000000001000000000000000000000001000000001
00100000000000000000001000010001000000000000000000000000000000000000000000000000000000000000001000000000001000000000000000000000001000000001
00100000000000000000011000010001000000000000000000000000000000000000000000000000000000000000001000000000001000000000000000000000001000000001
00100000000000000000000000010001000000000000000000000000000000000000000000000000000000000000001000000000001000000000000000000000001000000001
00100000000000000000000000010001000000000000000000000000000010010000000000000000000000000000101000000000001000000000101000000000001000000001
00100000000000000000000000010001000000000000000000000000000000010000000000000000000000000000001000000000001000000000001000000000001000000001
00100000000000000000000000010001000001100100010001000100010001000100010001000100010001000100010001000100010001000100010100000000001000000001
00100000000000000000000000010001000000000000000000000000000000010000000000000000000000000000001000000000001000000000001000000000001000000001
00100000000000000000000000010001000000000000000000000000000000010000000000001001000000000000001000000000001000000000001000000000001000000001
00100000000000000000000000010001000000000000000000000000000000010000000000000001000000000000001000000000001000000000001000000000001000000001
00100000000000000000000000010001000000000000000000000000000000010000000000000001000000000000001000000000001000000000001000000000001000000001
00100000000000000000000000010001000000000000000000000000000000010000000000000001000000000000001000000000001000000000001000000000001000000001
00100000000000000000000000010001000000000000000000000000000000010000000000000001000000000000001000000000001000000000001000000000001000000001
00100000000000000000000000010001000000000000000000000000000000010000000000000001000000000000001000000000001000000000001000000000001000000001
00100000000000000000000000010001000000000000000000000000000000010000000000000001000000000000001000000000001000000000001000000000001000000001
00101010100010001000100010001000100010001000100010001000100010001000100010001000100010001000100010001000100100000000001000000000001000000001
00100000000000000000000000010001000000000000000000000000000000010000000000000001000000000000001000000000001000000000001000000000001000000001
00100000000000000000000000010001000000000000000000000000000000010000000000000001000000000000001000000000001000000000001000000000001000000001
00100000000000000000000000010001000010101000100010001000100010001000100010001000100010001000100010001000100010001000100100000000001000000001
00100000000000000000000000010001000000000000000000000000000000010000000000000001000000000000001000000000001000000000001000000000001000000001
00100000000000000000000000010001000000000000000000000000000000010000000000000001000000000000011000000000001000000000001000000000001000000001
00100000000000000000000000010001000000000000000000000000000000010000000000000001000000000000000000000000001000000000001000000000001000000001
00100000000000000000000000010001000000000000000000000000000000010000000000000001000000000000000000000000001000000000001000000000001000000001
00100000000000000000000001010001000000000000000000000000000000010000000000000001000000000000000000000000011000000000001000000000001000000001
00100000000000000000000000000001000000000000000000000000000000010000000000000001000000000000000000000000000000000000001000000000001000000001
00100000000000000000000000000001000000000000000000000000000000010000000000000001000000000000000000000000000000000000001000000000001000000001
00100000000000000000000000000001000000000000000000000000000001010000000000000001000000000000000000000000000000000000011000000000001000000001
00100000000000000000000000000001000000000000000000000000000000000000000000000001000000000000000000000000000000000000000000000000001000000001
00100000000000000000000000000001000000000000000000000000000000000000000000000001000000000000000000000000000000000000000000000000001000000001
00100000000000000000000000000101000000000000000000000000000000000000000000000001000000000000000000000000000000000000000000000000011000000001
00100000000000000000000000000000000000000000000000000000000000000000000000000001000000000000000000000000000000000000000000000000000000000001
00100000000000000000000000000000000000000000000000000000000000000000000000000101000000000000000000000000000000000000000000000000000000000001
00100000000000000000000000000000000000000000000000000000000000000000000000000000000000000000000000000000000000000000000000000000000000000001
00100000000000000000000000000000000000000000000000000000000000000000000000000000000000000000000000000000000000000000000000000000000000000001
00100000000000000000000000000000000000000000000000000000000000000000000000000000000000000000000000000000000000000000000000000000000000000001
00100000000000000000000000000000000000000000000000000000000000000000000000000000000000000000000000000000000000000000000000000000000000000001
00100000000000000000000000000000000000000000000000000000000000000000000000000000000000000000000000000000000000000000000000000000000000000001
00100000000000000000000000000000000000000000000000000000000000000000000000000000000000000000000000000000000000000000000000000000000000000001
00100000000000000000000000000000000000000000000000000000000000000000000000000000000000000000000000000000000000000000000000000000000000000001
00100000000000000000000000000000000000000000000000000000000000000000000000000000000000000000000000000000000000000000000000000000000000000001
00100000000000000000000000000000000000000000000000000000000000000000000000000000000000000000000000000000000000000000000000000000000000000001
00100000000000000000000000000000000000000000000000000000000000000000000000000000000000000000000000000000000000000000000000000000000000000001
00100000000000000000000000000000000000000000000000000000000000000000000000000000000000000000000000000000000000000000000000000000000000000001
00100000000000000000000000000000000000000000000000000000000000000000000000000000000000000000000000000000000000000000000000000000000000000001
00100000000000000000000000000000000000000000000000000000000000000000000000000000000000000000000000000000000000000000000000000000000000000001
00100000000000000000000000000000000000000000000000000000000000000000000000000000000000000000000000000000000000000000000000000000000000000001
00100000000000000000000000000000000000000000000000000000000000000000000000000000000000000000000000000000000000000000000000000000000000000001
00100000000000000000000000000000000000000000000000000000000000000000000000000000000000000000000000000000000000000000000000000000000000000001
00100000000000000000000000000000000000000000000000000000000000000000000000000000000000000000000000000000000000000000000000000000000000000001
00100000000000000000000000000000000000000000000000000000000000000000000000000000000000000000000000000000000000000000000000000000000000000001
00100000000000000000000000000000000000000000000000000000000000000000000000000000000000000000000000000000000000000000000000000000000000000001
01100100010001000100010001000100010001000100010001000100010001000100010001000100010001000100010001000100010001000100010001000100010001000101
