1010100010001000100010001000100010001000100010001000100010001000100010001000100010001000100010001000100010001000100010001000100010001000100010001000100010001000100010001000100010001001
0010000000000000000000000000000000000000000000000000000000000000000000000000000000000000000000000000000000000000000000000000000000000000000000000000000000000000000000000000000000000001
0010000000000000000000000000000000000000000000000000000000000000000000000000000000000000000000000000000000000000000000000000000000000000000000000000000000000000000000000000000000000001
0010000000000000000000000000000000000000000000000000000000000000000000000000000000000000000000000000000000000000000000000000000000000000000000000000000000000000000000000000000000000001
0010000000000000000000000000000000000000100100000000000000001010000000000000000000000000000000000000000000000000000000000000000000000000000000000000000000000000000000000000000000000001
0010000000000000000000000000000000000000000100000000000000000010000000000000000000000000000000000000000000000000000000000000000000000000000000000000000000000000000000000000000000000001
0010000000000000000000000000000000000000000100000000000000000010000000000000000000000000000000000000000000000000000000000000000000000000000000000000000000000000000000000000000000000001
0010000000000000000000000000000000000000000100000000000000000010000000000000000000000000000000000000000000000000000000000000000000000000000000000000000000000000000000000000000000000001
0010000000000000000000000000000000000000101010001001000000000010000000000000000000000000000000000000000000000000000000000000000000000000000000000000000000000000000000000000000000000001
0010000000000000000000000000000000000000001000000001000000000010000000000000000000000000000000000000000000000000000000000000000000000000000000000000000000000000000000000000000000000001
0010000000000000000000000000000000000000001000000001000000000010100100000000000000000000000000000000101000000000000000000000000000000000000000000000000000000000000000000000000000000001
0010000000000000000000000000000000000000001000000001000000000010000100000000000000000000000000000000001000000000000000000000000000000000000000000000000000000000000000000000000000000001
0010000000000000000000000000000000000000001000000001000000000010000100000000000000000000000000000000001000000000000000000000000000000000000000000000000000000000000000000000000000000001
0010000000000000000000000000000000000000001000000001000000000010000100000000000000000000000000000000001000000000000000000000000000000000000000000000000000000000000000000000000000000001
0010000000000000000000000000000000000000011001000110010001000100010001000100010001000100010001000100010001000100010001000100010001000100010100000000000000000000000000000000000000000001
0010000000000000000000000000000000000000000100000000000000000010000100000000000000000000000000000000001000000000000000000000000000000000000000000000000000000000000000000000000000000001
0010000000000000000000000000000000000000000100000000000000000010000100000000000000000000000000000000001000000000000000000000000000000000000000000000000000000000000000000000000000000001
0010000000000000000000000000000000000000010100000000000000000110000100000000000000000000000010010000001000000000000000000000000000001010000000000000000000000000000000000000000000000001
0010000000000000000000000000000000000000000000000000000000000000000100000000000000000000000000010000001000000000000000000000000000000010000000000000000000000000000000000000000000000001
0010000000000000000000000000000000000000000000000000000000000000000100000000000000000000000000010000001000000000000000000000000000000010000000000000000000000000000000000000000000000001
0010000000000000000000000000000000000000000000000000000000000000000100000000000000000000000000010000001000000000000000000000000000000010000000000000000000000000000000000000000000000001
0010000000000000000000000000000000000000000000000000000000000000000100000000000000000000000010101000100100000000000000000000000000000010000000000000000000000000000000000000000000000001
0010000000000000000000000000000000000000000000000000000000000000000100000000000001100100010001000100010001000100010001000100010001010010000000000000000000000000000000000000000000000001
0010000000000000000000000000000000000000000000001010100010001000100010001000100010001000100010001000100010001000101010010000000000000010000000000000000000000000000000000000000000000001
0010000000000000000000000000000000000000000000000000000000000000000100000000000000000000000000100000000100000000001000010000000000000010000000000000000000000000000000000000000000000001
0010000000000000000000000000000000000000000000000000000000000000000100000000000000000000000000100000000100000000001000010000000000000010000000000000101010001001000000000000000000000001
0010000000000000000000000000000000000000000000000000000000000000000100000000000010101000100010001000100010001000100010001000100010010010000000000000001000000001000000000000000000000001
0010000000000000000000000000000000000000000000000000000000000000010100000000000000000000000001100100010100000000001000010000000000000010000000000000001000000001000000000000000000000001
0010000000000000000000000000000000000000000000001010100010001000100010001000100010001000100010001000100010001000100010001000100010001000100100000000001000000001000000000000000000000001
0010000000000000000000000000000000000000000000000000000000000000000000000000000000000000000000010000000000000000001000010000000000000010000000000000001000000001000000000000000000000001
0010000000000000000000000000000000000000000000000000000000000000000000000000000000000000000000010000000000000000011001010000000000000010000000000000001000000001000000000000000000000001
0010000000000000000000000000000000000000000000000000000000000000000000000000000000000000000000010000000000000000000000000000000000000010000000000000011001000101000000000000000000000001
0010000000000000000000000000000000000000000000000000000000000000000000000000000000000000000000010000000000000000000000000000000000000010000000000000000000000000000000000000000000000001
0010000000000000000000000000000000000000000000000000000000000000000000000000000000000000000000010000000000000000000000000000000000000010000000000000000000000000000000000000000000000001
0010000000000000000000000000000000000000000000000000000000000000000000000000000000000000000000010000000000000000000000000000000000000010000000000000000000000000000000000000000000000001
0010000000000000000000000000000000000000000000000000000000000000000000000000000000000000000001010000000000000000000000000000101010001001000000000000000000000000000000000000000000000001
0010000000000000000000000000000000000000000000000000000000000000000000000000000000000000000000000000000000000000000000000000001000000001000000000000000000000000000000000000000000000001
0010000000000000000000000000000000000000000000000000000000000000000000000000000000000000000000000000000000000000000000000000001000000001000000000000000000000000000000000000000000000001
0010000000000000000000000000000000000000000000000000000000000000000000000000000000000000000000000000000000000000000000000000001000000001000000000000000000000000000000000000000000000001
0010000000000000000000000000000000000000000000000000000000000000000000000000000000000000000000000000000000000000000000000000001000000001000000000000000000000000000000000000000000000001
0010000000000000000000000000000000000000000000000000000000000000000000000000000000000000000000000000000000000000000000000000001000000001000000000000000000000000000000000000000000000001
0010000000000000000000000000000000000000000000000000000000000000000000000000000000000000000000000000000000000000000000000000011001000101000000000000000000000000000000000000000000000001
0110010001000100010001000100010001000100010001000100010001000100010001000100010001000100010001000100010001000100010001000100010001000100010001000100010001000100010001000100010001000101
