10101000100010001000100010001000100010001000100010001000100010001000100010001000100010001000100010001000100010001000100010001000100010001000100010001000100010001000100010001000100010001000100010001001
00100000000000000000000000001001000000000000000000000000000000000000000000000000000000000000000000001010000000000000000000000000000000000000101010001001000000000000000000000000000000000000000000000001
00100000000000000000000000000001000000000000000000000000000000000000000000000000000000000000000000000010000000000000000000000000000000000000001000000001000000000000000000000000000000000000000000000001
00100000000000000000000000000001000000000000000000000000000000000000000000000000000000000000000000000010000000000000000000000000000000000000001000000001000000000000000000000000000000000000000000000001
00100000011001000100010001000100010001000100010001000100010001000100010001000100010001000100010001000100010001000100010001010000000000000000001000000001000000000000000000000000000000000000000000000001
00100000000000000000000000000001000000000000000000000000000000000000000000000000000000000000000000000010000000000000000000000000000000000000001000000001000000000000000000000000000000000000000000000001
00100000000000000000000000000001000000000000000000000000000000000000000000000000000000000000000000000010000000000000000000000000000000000000001000000001000000000000000000000000000000000000000000000001
00100000000000000000000000000001000000000000000000000000000000000000000000000000000000000000000000000010000000000000000000000000000000000000011001000101000000000000000000000000000000000000000000000001
00101010100010010000000000000001000000000000000000000000000000000000000000000000000000000000000000000010000000000000000000000000000000000000000000000000000000000000000000000000000000000000000000000001
00100010000000010000000000000001000000000000000000000000000010010000000000000000000000000000000000000010000010100000000000000000000000000000000000000000000000000000000000000000000000000000000000000001
00100010000000010000000000000001011001000100010001000100010001000100010001000100010001010000000000000010000000100000000000000000000000000000101010001001000000000000000000000000000000001010100010010001
00100010000000010000000000000001000000000000000000000000000000010000000000000000000000000000000000000010000000100000000000000000000000000000001000000001000000000000000000000000000000000010000000010001
00100010000000010000000000000001000000000000000000000000000000010000000000000000000000000000000000000010000000100000000000001010100010010000001000000001000000000000000000000000000000000010000000010001
00100010000000010000000000000001000000000000000000000000000000010000000000000000000000000000000000000010000000101010100010010010000000010000001000000001000000000000000000000000000000000010000000010001
00100110010001010000000000000001000000000000000000000000000000010000000000000000000000000000000000000010000000100010000000010010000000010000001000000001000000000000000000000000000000000010000000010001
00100000000000000000000000000001101010001000100010001000100010001000100010001000100010010000000000000010000000100010000000010010000000010000001000000001000000000000000000000000000000000010000000010001
00100000000000000000000000000001000000000000000000000000000000010000000000000000000000000000000000000010000000100010000000010010000000010000011001000101000000000000000000000000000000000110010001010001
00100000000000000000000000000001000000000000000000000000000000010000000000000000000000000000000000000010000000100010000000010010000000010000000000000000000000000000000000000000000000000000000000000001
00101010100010010000000000000001000000000000000000000000000000010000000000000000000000000000000000000010000000100010000000010110010001010000000000000000000000000000000000000000000000000000000000000001
00100010000000010000000000000001000000000000000000000000000000010000000000000000000000000000000000001001000000100110010001010000000000001010000000000000000000000000000000000000000000000000000000000001
00100010000000010000000000000001000000000000000000000000000000010000000000000000000000000000000000000001000000100000000000000000000000000010000000000000000000000000000000000000000000000000000000000001
00100010000000010000000000000001000000000000000000000000000000010000000000000110010001000100010001000100010001000100010001000100010001000100010001000100010100000000000000000000000000000000000000000001
00100010000000010000000000000001000000000000000000000000000000010000000000000000000000000000000000000001000000100000000000000000000000001010100010010000000000000000000000000000000000000000000000000001
00100010000000010000000000000001000000000000000000000000000000010000000000000000000001100100010001000100010001000100010001000100010001000100010001000101000000000000000000000000000000000000000000000001
00100110101010001000100010001000100010001000100010001000100010001000100010001000100010001000100010001000100010001000100010010000000000000010000000010000000000000000000000000000000000000000000000000001
00100000000000000000000000000001000000000000000000000000000000010000000000000000000000000000000000000001000000100000000000000000000000000010000000010000000000000000000000000000000000000000000000000001
00100000000000000000000000000001000000000000000000000000000000010000000000000000000000000000000000000001000000100000000000000000000000000010000000010000000000000000000000000000000000000000000000000001
00100000000000000000000000000101000000000000000000000000000000010000000000000000000000000000000000000001000000100000000000000000000000000010000000010000000000000000000000000000000000000000000000000001
00100000000000000000000000000000000000000000000000000000000000010000000000000000000000000000000000000001000000100000000000000000000000000110010001010000000000000000000000000000000000000000000000000001
00100000000000000000000000000000000000000000000000000000000001010000000000000000000000000000000000000001000001100000000000000000000000000010000000000000000000000000000000000000000000000000000000000001
00100000000000000000000000000000000000000000000000000000000000000000000000000000000000000000000000000001000000000000000000000000000000000010000000000000000000000000000000000000000000000000000000000001
00100000000000000000000000000000000000000000000000000000000000000000000000000000000010101000100010001000100010001000100010001000100010001000100010001001000000000000000000000000000000000000000000000001
00100000000000000000000000000000000000000000000000000000000000000000000000001010100010001000100010001000100010001000100010001000100010001000100010001000100100000000000000000000000000000000000000000001
00100000000000000000000000000000000000000000000000000000000000000000000000000000000000000000000000000001000000000000000000000000000000000010000000000000000000000000000000000000000000000000000000000001
00100000000000000000000000000000000000000000000000000000000000000000000000000000000000000000000000000001000000000000000000000000000000000010000000000000000000000000000000000000000000000000000000000001
00100000000000000000000000000000000000000000000000000000000000000000000000000000000000000000000000000001000000000000000000000000000000000010000000000000000000000000000000000000000000000000000000000001
00100000000000000000000000000000000000000000000000000000000000000000000000000000000000000000000000000101000000000000000000000000000000000110000000000000000000000000000000000000000000000000000000000001
00100000000000000000000000000000000000000000000000000000000000000000000000000000000000000000000000000000000000000000000000000000000000000000000000000000000000000000000000000000000000000000000000000001
00100000000000000000000000000000000000000000000000000000000000000000000000000000000000000000000000000000000000000000000000000000000000000000000000000000000000000000000000000000000000000000000000000001
01100100010001000100010001000100010001000100010001000100010001000100010001000100010001000100010001000100010001000100010001000100010001000100010001000100010001000100010001000100010001000100010001000101
