101010001000100010001000100010001000100010001000100010001000100010001000100010001000100010001000100010001000100010001000100010001000100010001000100010001000100010001000100010001001
001000000000000000000000000000000000000000000000000000000000000000000000000000000000000000000000000000000000000000000000000000000000000000000000000000000000000000000000000000000001
001000000000000000000000000000000000000000000000000000000000000000000000000000000000000000000000000000000000000000000000000000000000000000000000000000000000000000000000000000000001
001000000000000000000000000000000000000000000000000000000000000000000000000000000000000000000000000000000000000000000000000000000000000000000000000000000000000000000000000000000001
001000000000000000000000000000000000000000000000000000000000000000000000000000000000000000000000000000000000000000000000000000000000000000000000000000000000000000000000000000000001
001000000000000000000000000000000000000000000000000000000000000000000000000000000000000000000000000000000000000000000000000000000000000000000000000000000000000000000000000000000001
001000000000000000000000000000000000000000000000000000000000000000000000000000000000000000000000000000000000000000000000000000000000000000000000000000000000000000000000000000000001
001000000000000000000110010001000100010001000100010001000100010001000100010001000100010001000100010001010000000000000000000000000000000000000000000000000000101000000000000000000001
001000000000000000000000000000000000000000000000000000010000000000000000000000000000000000000000000000000000000000000000000000000000000000000000000000000000001000000000000000000001
001000000000000000000000000001100100010001000100010001000100010001000100010001000101000000000000000000000000000000000000000000000000000000000000000000000000001000000000000000000001
001000000000000000000000000000100000000100000000000000010000000000000000000000000000000000000000000000000000000000000000000000000000000000000000000000000000001000000000000000000001
001000000000000000000000000000100000000100000000000000010000000000000000000000000000000000000000000000000000000000000000000000000000000000000000000000000000001000000000000000000001
001000000000000000000000000000100000000100000000000000010000000000000000000000000000000000000000000000000000000000000000000000000000000000000000000000000000001000000000000000000001
001000000000000000000000000000100000000100000000000000010000000000000000000000000000000000000000000000000000000000000000000000000000000000000000000000000000001000000000000000000001
001000000000000000000000000010101000100010001000100010001000100010001000100010001001000000000000000000000000000000000000000000000000000000000000000000000000001000000000000000000001
001000000000000000000000000001100100010100000000000000010000000000000000000000000000000000000000000000000000000000000000000000000000000000000000000000000000001000000000000000000001
001000000000000000000000000000000000000000000000000000010000101010001000100010001000100010010000000000000000000000000000000000000000000000000000000000000000001000000000000000000001
001000000000000000000000000000000000000000000000000000010000011001000100010001000100010001010000000000000000000000000000000000000000000000000000000000000000001000000000000000000001
001000000000000000000000000000000000000000000000000000010000000000000000000000000000000000000000000000000000000000000000000000000000000000000000000000000000001000000000000000000001
001000000000000000001010100010001000100010001000100010001000100010001000100010001000100010001000100010010000000000000000000000000000000000000000000000000000001000000000000000000001
001000000000000000000000000000000000000000000000000000010000000000000000000000000000000000000000000000000000000000000000000000000000000000000000000000000000001000000000000000000001
001000000000000000000000000000000000000000000000000000010000000000000000000000000000000000000000000000000000000000000000000000000000000000000000000000000000001000000000000000000001
001000000000000010101000100100000000000000000000000000010000000000000000000000000000000000000000000000000000000000000000000000000000000000000000000000000000001000000000000000000001
001000000000000000100000000100000000000000000000000000010000000000000000000000000000000000000000000000000000000000000000000000000000000000000000000000000000001000000000000000000001
001000001010100010010000000100000000000000000000000000010000000000000000000000000000000000000000000000000000000000000000100100000000000000000000101000000000001000000000000000000001
001000000010000000010000000100000000000000000000000000010000000000000000000000000000000000000000000000000000000000000000000110011010000000000000001000000000001000000000000000000001
001000000010000000010000000100000000000000000000000000010000000000000000000000000000000000000000000000000000000000000000000100010010000000000000001000000000001000000000000000000001
001000000010000000010000000100000000000000000000000000010000000000000000000000000000000000000000000000000000000000000000000100010010000000000000001000000000001000000000000000000001
001000000010000000010100010100000000000000000000000000010000000000000000000000000000000000000000000000000000000000000000000100010010000000000000001000000000001000000000000000000001
001000000010000000010000000000000000000000000000000000010000000000000000000000000000000000000000000000000000000000000000000100010010000000000000001000000000001000000000000000000001
001000000110010001010000000000000000000000000000000000010000000000000000000000000000000000000000000000000000000000000000000100010010000000000000001000000000001000000000000000000001
001000000000000000000000000010101000100100000000000000010000000000000000000000000000000000000000000000000000000000000000000100010010000000000000001000000000001000000000000000000001
001000000000000000000000000000100000000100000000000000010000000000000000000000000000000000000000000000000000000000000000000110101000100100000000001000000000001000000000000000000001
001000000000000000000000000000100000000100000000000000010000000000000000000000000000000000000000000000000000000000000000000100100010000100000000001000000000001000000000000000000001
001000000000000000000000000000100000000100000000000000010000000000000000000000000000000000000000000000000000000000000000000100100110000100000000001000000000001000000000000000000001
001000000000000000000000000000101010100010010000000000010000000000000000000000000000000000000000000000000000000000000000000100100000000100000000001000000000001000000000000000000001
001000000000000000000000000000100010000100010000000000010000000000000000000000000000000000000000000000000000000000000000000100100000000100000000001000000000001000000000000000000001
001000000000000000000000000001100010010100010000000000010000000000000000000000000000000000000000000000000000000000000000000100100000000100000000001000000000001000000000000000000001
001000000000000000000000000000000010000000010000000000010000000000000000000000000000000000000000000000000000000000000000010101100100010100000000011000000000001000000000000000000001
001000000000000000000000000000000010000000010000000000010000000000000000000000000000000000000000000000000000000000000000000000000000000000000000000000000000001000000000000000000001
001000000000000000000000000000000010000000010000000000010000000000000000000000000000000000000000000000000000000000000000000000000000000000000000000000000000001000000000000000000001
001000000000000000000000000000000110010001010000000001010000000000000000000000000000000000000000000000000000000000000000000000000000000000000000000000000000011000000000000000000001
001000000000000000000000000000000000000000000000000000000000000000000000000000000000000000000000000000000000000000000000000000000000000000000000000000000000000000000000000000000001
011001000100010001000100010001000100010001000100010001000100010001000100010001000100010001000100010001000100010001000100010001000100010001000100010001000100010001000100010001000101
