101010001000100010001000100010001000100010001000100010001000100010001000100010001000100010001000100010001000100010001000100010001000100010001000100010001000100010001000100010001000100010001000100010001000100010001000100010001001
001000000000000000000000000010010000000000000000000000000000000000000000000000000000000000000000000000000000101000000000000000000000000000000000000000000000001000000001000000000000000000000000000000000000000000000000000000000001
001000000000000000000000000000010000000000000000000000000000000000000000000000000000000000000000000000000000001000000000000000000000101010001001000000000000001000000001000000000000000000000000000000000000000000000000000000000001
001000000000000000000000000000010000000000000000000000000000000000000000000000000000000000000000000000000000001000000000000000000000001000000001000000000000001000000001000000001010100010010000000010101000100100000000000000000001
001000000000000000000000000000010000000000000000000000000000000000000000000000000000000000000000000000000000001000000000000000000000001000000001000000000000001000000001000000000010000000010000000000100000000100000000000000000001
001000000000000000000000000000010000000000000000000000000000000000000000000000000000000000000000000000000000001000000000000000000000001000000001000000000000001000000001000000000010000000010000000000100000000100000000000000000001
001000000000000000000000000000010000000000000000000000000000000000000000000000000000000000000000000000000000001000000000000000000000001000000001000000000000011001000101000000000010000000010000000000100000000100000000000000000001
001000000000000000000000000000010000000000000000000000000000000000000000000000000000000000000000000000000000001000000000000000000000001000000001000000000000000000000000000000000010000000010000000000100000000100000000000000000001
001000000000000000000000011001000100010001000100010001000100010001000100010001000100010100000000000000000000001000000000000000000000011001000101000000000000000000000000000000000010101010001001000000100000000100000000000000000001
001000000000000000000000000000010000000000000000000000000000000000000000000000000000000000000000000000000000001000000000000000000000000000000000000000000000000000000000000000000110001001011010100010010100010100000000000000000001
001000000000000000000000000000010000000000000000000000000000000000000000000000000000000000000000000000000000001000000000000000000000000000000000000000000000000000000000000000000000001000000010000000010000000000000000000000000001
001000000000000000000000000000010000000000000000000000000000000000000000000000000000000000000000000000000000001000000000000000000000000000000000000000000000000000000000000000000000001000000010000000010000000000000000000000000001
001000000000000000000000000000010000000000000000000000000000000000000000000000000000000000000000000000000000001000000000000000000000000000000000000000000000000000000000000000000000001000000010000000010000000000000000000000000001
001000000000000000000000000000010000000000000000000000000000000000000000000000000000000000000000000000000000001000000000000000000000000000000000000000000000000000000000000000000000001000000010000000010000000000000000000000000001
001000000000000000000000000000010000000000000000000000000000000000000000000000000000000000000000000000000000001000000000000000000000000000000000000000000000000000000000000000000000011001000010000000010000000000000000000000000001
001000000000000000000000101010001000100010001000100010001000100010001000100010001000100100000000000000000000001000000000000000000000000000000000000000000000000000000000000000000000000000000110010001010000000000000000000000000001
001000000000000000000000000000010000000000000000000000000000000000000000000000000000000000000000000000000000001000000000000000000000000000000000000000000000000000000000000000000000000000000000000000000000000000000000000000000001
001000000000000000000000000000010000000000000000000000000000000000000000000000000000000000000000000000000000001000000000000000000000000000000000000000000000000000000000000000000000000000000000000000000000000000000000000000000001
001000000000000000000000000000010000000000000000000000000000000000000000000000000000000000000000000000000000001000000000000000000000000000000000000000000000000000000000000000000000000000000000000000000000000000000000000000000001
001000000000000000000000000000010000000000000000000000000000000000000000000000000000000000000000000000000000001000000000000000000000000000000000000000000000000000000000000000000000000000000000000000000000000000000000000000000001
001000000000000000000000000000010000000000000000000000000000000000000000000000000000000000000000000000000000001000000000000000000000000000000000000000000000000000000000000000000000000000000000000000000000000000000000000000000001
001000000000000000000000000000010000000000000000000000000000000000000000000000000000000000000000000000000000001000000000000000000000000000000000101010001001000000000000000000000000000000000000000000000000000000000000000000000001
001000000000000000000000000000010000000000000000000000000000000000000000000000000000000000000000000000000000001000000000000000000000000000000000001000000001000000000000000000000000000000000000000000000000000000000000000000000001
001000000000101010001001000000010000000000000000000000000000000000000000000000000000000000000000000000000000001000000000000000000000000000000000001000000001000000000000000000000000000000000000000000000000000000000000000000000001
001000000000001000000001000000010000000000000000000000000000000000000000000000000000000000000000000000000000001000000000000000000000000000000000001000000001000000000000000000000000000000000000000000000000000000000000000000000001
001000000000001000000001000000010000000000000000000000000000000000000000000000000000000000000000000000000000001000001010100010010000000000000000001000000001000000000000000000001010100010010000000000000000000000000000000000000001
001000000000001000000001000000010000000000000000000000000000000000000000000000000000000000000000000000000000001000000010000000010000000000000000001000000001000000000000000000000010000000010000000000000000000000000000000000000001
001000000000001000000001000000010000000000000000000000000000000000000000000000000000000000000000000000000000001000000010000000010000000000001010100010010101000000000000000000000010000000010000000000000000000000000000000000000001
001000000000001000000001000000010000000000000000000000000000000000000000000000000000000000000000000000000000001000000010000000010000000000000010000000010000000000000000000000000010000000010000000000000000000000000000000000000001
001000000000011001000101000001010000000000000000000000000000000000000000000000000000000000000000000000000000011000000010000000010000000000000010000000010000000000000000000000000010000000010000000000000000000000000000000000000001
001000000000000000000000000000000000000000000000000000000000000000000000000000000000000000000000000000000000000000000010000000010000000000000010000000010000000000000000000000000010000000010000000000000000000000000000000000000001
001000000000000000000000000000000000000000000000000000000000000000000000000000000000000000000000000000000000000000000110010001010000000000000010000000010000000000000000000000000110010001010000000000000000000000000000000000000001
001000000000000000000000000000000000000000000000000000000000000000000000000000000000000000000000000000000000000000000000000000000000000000000010000000010000000000000000000000000000000000000000000000000000000000000000000000000001
001000000000000000000000000000000000000000000000000000000000000000000000000000000000000000000000000000000000000000000000000000000000000000000110010001010000000000000000000000000000000000000000000000000000000000000000000000000001
011001000100010001000100010001000100010001000100010001000100010001000100010001000100010001000100010001000100010001000100010001000100010001000100010001000100010001000100010001000100010001000100010001000100010001000100010001000101
