101010001000100010001000100010001000100010001000100010001000100010001000100010001000100010001000100010001000100010001000100010001000100010001000100010001000100010001001
001000000000000000000000000000000000000000000000000000000000000000000000000000000000000000000000000000000000000000000000000000000000000000000000000000000000000000000001
001000000000000000000000000000000000000000000000000000000000000000000000000000000000000000000000000000000000000000000000000000000000000000000000000000000000000000000001
001000000000000000000000000000000000000000000000000000000000000000000000000000000000000000000000000000000000000000000000000000000000000000000000000000000000000000000001
001000000000000000000000000000000000000000000000000000000000000000000000000000000000000000000000000000000000000000000000000000000000000000000000000000000000000000000001
001000000000000000000000000000000000000000000000000000000000000000000000000000000000000000000000000000000000000000000000000000000000000000000000000000000000000000000001
001000000000000000000000000000000000000000000000000000000000000000000000000000000000000000000000000000000000000000000000000000000000000000000000000000000000000000000001
001000000000000000000000000000000000000000000000000010010000000000000000000000000000000000000000000000000000000000001010000000000000000000000000000000000000000000000001
001000000000000000000000000000000000000000000000000000010000000000000000000000000000000000000000000000000000000000000010000000000000000000000000000000000000000000000001
001000000000000000000000000000000000000000000000000000010000000000000000000000000000000000000000000000000000000000000010000000000000000000000000000000000000000000000001
001000000000000000000000000000000000000000000000000000010000000000000000000000000000000000000000000000000000000000000010000000000000000000000000000000000000000000000001
001000000000000000000000000000000000000000000000000000010000000000000000000000000000000000000000000000000000000000000010000000000000000000000000000000000000000000000001
001000000000000000000000000000000000000000000000000000010000101010001001000000000000000000000000000000000000000000000010000000000000000000000000000000000000000000000001
001000000000000000000000000000000000000000000000000000010000001000000001000000000000000000000000000000000000000000000010000000000000000000000000000000000000000000000001
001000000000000000000000000000000000000000000000000000010000001000000001000000000000000000000000000000000000000000000010000000000000000000000000000000000000000000000001
001000000000000000000000000000000000000000000000000000010000001000000001000000000000000000000000000000000000000000000010000000000000000000000000000000000000000000000001
001000000000000000000000000000000000000000000000000000010000001000000001000000000000000000000000000000000000000000000010000000000000000000000000000000000000000000000001
001000000000000000000000000000000000000000000000000000010000001000000001000000000000000000000000000000000000000010101000100100000000000000000000000000000000000000000001
001000000000000000000000000000000000000000000000000000010000011001000101000000001010100010001010100100000000000000100010000100000000000000000000000000000000000000000001
001000000000000000000000000000000000000000000000000000010000000000000000000000000010000000000010000110010000000000100010000100001010000000000000000000000000000000000001
001000000000000000000000000000000000000000000000000000010000000000000000000000000010000000000010000100010000000000100010000100000010000000000000000000000000000000000001
001000000000000000000000000000000000000000000000000000010000000000000000000000000010000000000010000100010000000000100010000100000010000000000000000000000000000000000001
001000000000000000000000000000000000000000000000000000010000000000000000000000000110010001000010000100010000000000100010000100000010000000000000000000000000000000000001
001000000000000000000000000000000000000000000000000000010000000000000000000000000000000000000010000100010000000001100100010100000010000000000000000000000000000000000001
001000000000000000000000000000000000000000000000000000010000000000000000000000000000000000000010000100010000000000000010100100000010000000000000000000000000000010100001
001000000000000000000000000000000000000000000000000000010000000000000000000000000000000000000110010100010000000000000010000100000010000000000000000000000000000000100001
001000000000000000000000000000000000000000000000000000010000000000000000000000000000000000000000000000010000000000000010000100000010000000000000000000000000000000100001
001000000000000000000000000000000000000000000000000000010000000000000000000000000000000000000000000000010000000000000010000100000010000000000000000000000000000000100001
001000000000000000000000000000000000000000000000000000010000000000000000000000000000000000000000000000010000000000000010000100000010000010010000000010100000000000100001
001000000000000000000000000000000000000000000000000000010000000000000000000000000000000000000000000000010000000000000010000100000010000000010000000000100000000000100001
001000000000000000000000000000000000000000000000000000010000000000000000000000000000000000000000000000010000000000000010000100000010000000010000000000100000000000100001
001000000000000000000000000000000000000000000000000001010000000000000000000000000000000000000000000000010000000000000110000100000010000000010000000000100000000000100001
001000000000000000000000000000000000000000000000000000000000000000000000000000000000000000000000000000010000000000000000000100000010000000010000000000100000000000100001
001000000000000000000000000000000000000000000000000000000000000000001010100010010000000000000000000000010000000000000000000100000010000000010000000000100000000000100001
001000000000000000000000000000000000000000000000000000000000000000000010000000010000000000000000000001010000000000000000000100000110000000010000000000100000000000100001
001000000000000000000000000000000000000000000000000000000000000000000010000000010000000000000000000000000000000000000000000100000000000000010000000000100000000000100001
001000000000000000000000000000000000000000000000000000000000000000000010000000010000000000000000000000000000000000000000000100000000000000010000000000100000000000100001
001000000000000000000000000000000000000000000000000000000000000000000010000000010000000000000000000000000000000000000000000100000000000000010000000000100000000000100001
001000000000000000000000000000000000000000000000000000000000000000000010000000010000000000000000000000000000000000000000000100001010100010010000000000100000000000100001
001000000000000000000000000000000000000000000000000000000000000000000110010001010000000000000000000000000000000000000000000100000010000000010000000001100000000000100001
001000000000000000000000000000000000000000000000000000000000000000000000000000000000000000000000000000000000000000000000000100000010000000010000000000000000000000100001
001000000000000000000000000000000000000000000000000000000000000000000000000000000000000000000000000000000000000000000000000100000010000000010000000000000000000000100001
001000000000000000000000000000000000000000000000000000000000000000000000000000000000000000000000000000000000000000000000010100000010000000010000000000000000000001100001
001000000000000000000000000000000000000000000000000000000000000000000000000000000000000000000000000000000000000000000000000000000010000000010000000000000000000000000001
001000000000000000000000000000000000000000000000000000000000000000000000000000000000000000000000000000000000000000000000000000000110010001010000000000000000000000000001
001000000000000000000000000000000000000000000000000000000000000000000000000000000000000000000000000000000000000000000000000000000000000000000000000000000000000000000001
011001000100010001000100010001000100010001000100010001000100010001000100010001000100010001000100010001000100010001000100010001000100010001000100010001000100010001000101
