10101000100010001000100010001000100010001000100010001000100010001000100010001000100010001000100010001000100010001000100010001000100010001000100010001000100010001000100010001001
00100000000000000000000000001001000000000000000000000000000000000000000000000000000000000000000000000000000000000000000000000000000000000000000000000000000000001010000000000001
00100000000000000000000000000001000000000000000000000000000000000000000000000000000000000000000000000000000000000000000000000000000000000000000000000000000000000010000000000001
00100000000000000000000000000001000000000000000000000000000000000000000000000000000000000000000000000000000000000000000000000000000000000000000000000000000000000010000000000001
00100000000000000000000000000001000000000000000000000000000000000000000000000000000000000000000000000000000000000000000000000000000000000000000000000000000000000010000000000001
00100000000000000000000010101000100100000000000000000000000000000000000000000000000000000000000000000000000000000000000000000000000000000000000000000000000000000010000000000001
00100000000000000000000000100001000100000000000000000000000000000000000000000000000000000000000000000000000000000000000000000000000000000000000010101000100100000010000000000001
00100000000000000000000000100001000100000000000000001001000000000000000010100000000000000000000000000000000000000000000000000000000000001010100010010000000100000010000000000001
00100000000000000000000000100001000100000000000000000001100100000000000000100000000000000000000000000000000000000000000010100000000000000010000000010000000100000010000000000001
00100000000000000000000000100001000100000000000000000001000100000000000000100000000000000000000000000000000000000000000000100000000000000010000000010000000100000010000000000001
00100000000000000000000000100001000100000000000000000001000100000000000000100000000000000000000000000000000000000000000000100000101010001001000000010000000100000010000000000001
00100000000000000000000001100100010100000000000000000001000100000000000000100000000000000000000000000000000000000000000000100000001000000001000000010000000100000010000000000001
00100000000000000000000000000001000000000000000000000001000100000000000000100000000000000000000000000000000000000000000000100000001000000001000000010100010100000010000000000001
00100000000000000000000000000001000000000000000000000001000100000000000000100000000000000000000000000000000000000000000000100000001000000001010001010000000000000010000000000001
00100000000000000000000000000001000000000000000000000001000100000000000000100000000000000000000000000000000000000000000000100000001000000001000000000000000000000010000000000001
00100000000000000000000000000001000000000000000000000001000100000000000000100000000000000000000000000000000000000000000000100000001000000001000000000000000000000010000000000001
00100000000000000000000000000001000000000000000000000001000100000000000000100000000000000000000000000000000000000000000000100000011001000101000000000000000000000010000000000001
00100000000000000000000000000001000000000000000000000001000100000000101010001001000000000000000000000000000000000000000000100000000000000000000000000000000000000010000000000001
00100000000000000000000000000001000000000000000000000001000100000000001000100001000000000000000000000000000000000000000000100000000000000000000000000000000000000010000000000001
00100000000000000000000000000001000000000000000000000001000100000000011001000100010001000100010001000100010001000100010001000100010001000100010001000100010001000100010001010001
00100000000000000000000000000001000000000000000000000101000100000000001001100001000000000000000000000000000000000000000000100000000000000000000000000000000000000010000000000001
00100000000000000000000000000001000000000000000000000000000100000000001000000001000000000000000000000000000000000000000000100000000000000000000000000000000000000010000000000001
00100000000000000000000000000001000000000000000000000000000100000000001000000001000010101000100100000000000000000000000000100000000000000000000000000000000000000010000000000001
00100000000000000000000000000001000000000000000000000000000100000000011001000101000000100000000100000000000000000000000000100000000000000000000000000000000000000010000000000001
00100000000000000000000000000001000000000000000000000000000100000000000000000000000000100000000100000000000000000000000000100000000000000000000000000000000000000010000000000001
00100000000000000000000000000001000000000000000000000000000100000000000000000000000000100000000100000000000010101000100100100000000000000000000000000000000000000010000000000001
00100000000000000000000000000001000000000000000000000000000100000000000000000000000000100000000100000000000000100000000100100000000000000000000000000000000000000010000000000001
00100000000000000000000000000001000000000000000000000000000100000000000000000000000000100000000100000000000000100000000100100000000000000000000000000000000000000010000000000001
00100000000000000000000010101000100100000000000000000000000100000000000000000000000001100100010100000000000000100000000100100000000000000000000000000000000000000010000000000001
00100000000000000000000000100001000100000000000000000000000100000000000000000000000000000000000000000000000000100000000100100000000000000000000000000000000000000010000000000001
00100000000000000000000000100001000100000000000000000000000100000000000000000000000000000000000000000000000000100000000100100000000000000000000000000000000000000010000000000001
00100000000000000000000000100001000100000000000000000000000100000000000000000000000000000000000000000000000001100100010100100000000000000000000000000000000000000010000000000001
00100000000000000000000000100001000100000000000000000000010100000000000000000000000000000000101010001001000000000000000001100000000000000000000000000000000000000010000000000001
00100000000000000000000000100001000100000000000000000000000000000000000000000000000000000000001000000001000000000000000000000000000000000000000000000000000000000010000000000001
00100000000000000000000001100100010100000000000000000000000000000000000000000000000000000000001000000001000000000000000000000000000000000000000000000000000000000010000000000001
00100000000000000000000000000001000000000000000000000000000000000000000000000000000000000000001000000001000000000000000000000000000000000000000000000000000000000010000000000001
00100000000000000000000000000001000000000000000000000000000000000000101010001000100010001000100010001000100010001000100010001000100010001000100010001000100010001000100010010001
00100000000000000000000000000001000000000000000000000000000000000000000000000000000000000000001000000001000000000000000000000000000000000000000000000000000000000010000000000001
00100000000000000000000000000001000000000000000000000000000000000000000000000000000000000000011001000101000000000000000000000000000000000000000000000000000000000010000000000001
00100000000000000000000000000001000000000000000000000000000000000000000000000000000000000000000000000000000000000000000000000000000000000000000000000000000000000010000000000001
00100000000000000000000000000001000000000000000000000000000000000000000000000000000000000000000000000000000000000000000000000000000000000000000000000000000000000010000000000001
00100000000000000000000000000001000000000000000000000000000000000000000000000000000000000000000000000000000000000000000000000000000000000000000000000000000000000010000000000001
00100000000000000000000000000101000000000000000000000000000000000000000000000000000000000000000000000000000000000000000000000000000000000000000000000000000000000110000000000001
00100000000000000000000000000000000000000000000000000000000000000000000000000000000000000000000000000000000000000000000000000000000000000000000000000000000000000000000000000001
01100100010001000100010001000100010001000100010001000100010001000100010001000100010001000100010001000100010001000100010001000100010001000100010001000100010001000100010001000101
