101010001000100010001000100010001000100010001000100010001000100010001000100010001000100010001000100010001000100010001000100010001000100010001000100010001000100010001000100010001000100010001000100010001001
001000000000000000000000000010010000000000000000000000000000000000000000000000000000000000000000000000000000000000000000000010100000000000000000000000000000000000000000000000000000000000000000000000000001
001000000000000000000000000000011001000000000000000000000000000000000000000000000000000010100000000000000000000000000000000000100000000000000000000000000000000000000000000000000000000000000000000000000001
001000000000000000000000000000010001100100000000000000000000000000000000000000000000000010100000000000000000000000000000000000100000000000000000000000000000000000000000000000000000000000000000000000000001
001000000000000000000000000000010001000100000000000000000000000000000000000000000000000000100000000000000000000000000000000000100000000000000000000000000000000000000000000000000000000000000000000000000001
001000000000000000000000000000010001000100000000000000000000000000000000000000000000000000100000000000000000000000000000000000100000000000000000000000000000000000000000000000000000000000000000000000000001
001000000000000000000000000000010001000100000000100100000000000000000000000010100000000000100000000000000000000000000000000000100000000000000000000000000000000000000000000000000000000000000000000000000001
001000000000000000000000000000010001000100000000000100000000000000000000000000100000000000100000000000000000000000000000000000100000000000000000000000000000000000000000000000000000000000000000000000000001
001000000000000000000000000000010001000100000000000100000000000000000000000000100000000000100000000000000000000000000000000000100000000000000000000000000000000000000000000000000000000000000000000000000001
001000000000000000000000000000010001000100000000000100000000000000000000000000100000000000100000000000000000000000000000000000100000000000000000000000000000000000000000000000000000000000000000000000000001
001000000000000000000000000000010001000100000000000100000000000000000000000000100000000000100000000000000000000000000000000000100000000000000000000000000000000000000000000000000000000000000000000000000001
001000000000000000000000000000010001000100000000000100000000000000000000000000100000000000100000000000000000000000000000000000100000000000000000000000000000000000000000000000000000000000000000000000000001
001000000000000000000000000000010001000100000000000100001010100010010000000000100000000000100000000000000000000000000000000000100000000000000000000000000000000000000000000000000000000000000000000000000001
001000000000000000000000000000010001000100000000000100000010000000010000000000100000000000100000000000000000000000000000000000100000000000000000000000000000000000000000000000000000000000000000000000000001
001000000000000000000000000000010001000100000000000100000010000000010000000000100000000000100000000000000000000000000000000000100000000000000000000000000000000000000000000000000000000000000000000000000001
001000000000000000000000000000010001000100000000000100000010000000010000000000100000000000100000000000000000000000000000000000100000000000000000000000000000000000000000000000000000000000000000000000000001
001000000000000000000000000000010001000100000000000100000010000000010000000000100000000000100000000000000000000000000000000000100000000000000000000000000000000000000000000000000000000000000000000000000001
001000000000000000000000000000010001000100000000000100000010000000010000000000100000000000100000000000000000000000000000000000100000000000000000000000000000000000000000000000000000000000000000000000000001
001000000000000000000000000000010001000100000000000100000110010001010000000000100000000000100000000000000000000000000000000000100000000000000000000000000000000000000000000000000000000000000000000000000001
001000000000000000000000000000010001000100000000000100000000000000000000000000100000000000100000000000000000000000000000000000100000000000000000000000000000000000000000000000000000000000000000000000000001
001000000000000000000000000000010001000100000000000100000000000000000000101010001001000000100000000000000000000000000000000000100000000000000000000000000000000000000000000000000000000000000000000000000001
001000000000000000000000000000010001000100000000010100000000000000000000001001100001000000100000000000000000000000000000000000100000000000000000000000000000000000000000000000000000000000000000000000000001
001000000000000000000000000000010001000100000000000000000000000000000000001000000001000000100000000000000000000000000000000000100000000000000000000000000000000000000000000000000000000000000000000000000001
001000000000000000000000000000010001000100000000000000000000000000000000001000000001000000100000000000000000000000000000000000100000000000000000000000000000000000000000000000000000000000000000000000000001
001000000000000000000000000000010101010100000000000000000000000000000000001000000001000001100000000000000000000000000000000000100000000000000000000000000000000000000000000000000000000000000000000000000001
001000000000000000000000000000010000000000000000000000000000000000000000001000000001000000000000000000000000000000000000000000100000000000000000000000000000000000000000000000000000000000000000000000000001
001000000000000000000000000000010000000000000000000000000000000000000000011001000101000000000000000000000000000000000000000000100000000000000000000000000000000000000000000000000000000000000000000000000001
001000000000000000000000000000010000000000000000000000000000000000000000000000000000000000000000000000000000000000000000000000100000000000000000000000000000000000000000000000000000000000000000000000000001
001000000000000000000000000000010000000000000000000000000000000000000000000000000000000000000000000000000000000000000000000000100000000000000000000000000000000000000000000000000000000000000000000000000001
001000000000000000000000000000010000000000000000000000000000000000000000000000000000000000000000000000000000000000000000000000100000000000000000000000000000000000000000000000000000000000000000000000000001
001000000000000000000000000000010000000000000000000000000000000000000000000000000000000000000000000000000000000000000000000000100000000000000000000000000000000000000000000000000000000000000000000000000001
001000000000000000000000000000010000000000000000000000000000000000000000000000000000000000000000000000000000000000000000000000100000000000000000000000000000000000000000000000000000000010101000100100000001
001000000000000000000000000000010000000000000000000000000000000000000000000000000000000000000000000000000000000000000000000000100000000000000000000000000000000000000000000000000000000000100000000100000001
001000000000000000000000000001010000000000000000000000000000000000000000000000000000000000000000000000000000000000000000000001100000000000000000000000000000000000000000000000000000000000100000000100000001
001000000000000000000000000000000000000000000000000000000000000000000000000000000000000000000000000000000000000000000000000000000000000000000000000000000000000000000000000000000000000000100000000100000001
001000000000000000000000000000000000000000000000000000000000000000000000000000000000000000000000000000000000000000000000000000000000000000000000000000000000000000000000000000000000000000100000000100000001
001000000000000000000000000000000000000000000000000000000000000000000000000000000000000000000000000000000000000000000000000000000000000000000000000000000000000000000000000000000000000000100000000100000001
001000000000000000000000000000000000000000000000000000000000000000000000000000000000000000000000000000000000000000000000000000000000000000000000000000000000000000000000000000000000000001100100010100000001
011001000100010001000100010001000100010001000100010001000100010001000100010001000100010001000100010001000100010001000100010001000100010001000100010001000100010001000100010001000100010001000100010001000101
