10101000100010001000100010001000100010001000100010001000100010001000100010001000100010001000100010001000100010001000100010001000100010001000100010001000100010001000100010001000100010001000100010001001
00100000000000000000000000010000000000000000000000000000000000000000000000000000000000000000000000000000000000100000000000000000000000000000000000000000000000000000000000000000000000000000000000000001
00100000000000000000000000010000000000000000000000000000000000000000000000000000000000000000000000000000000000100000000000000000000000000000000000000000000000000000000000000000000000000000000000000001
00100110010001000100010001000100010001010000000000000000000000000000000000000000000000000000000000000000000000100000000000000000000000000000000000000000000000000000000000000000000000000000000000000001
00100000000000000000000000010000000000000000000000000000000000000000000000000000000000000000000000000000000000100000000000000000000000000000000000000000000000000000000000000000000000000000000000000001
00100000000000000000000000010000000000000000000000000000000000000000000000000000000000000000000000000000000000100000000000000000000000000000000000000000000000000000000000000000000000000000000000000001
00100000000000000110010001000100010001000100010001000100010001000100010001000100010001000100010001000100010100100000000000000000000000000000000000000000000000000000000000000000000000000000000000000001
00100000000000000000000000010000000000000000000000000000000000000000000000000000000000000000000000000000000000100000000000000000000000000000000000000000000000000000000000000000000000000000000000000001
00100000000000000000000000010000000000000000000000000000000000000000000000000000000000000000000000000000000000100000000000000000000000000000000000000000000000000000000000000000000000000000000000000001
00100000000000000000000000010000000000000000000000000000000000000000000000000000000000000000000000000000000000100000000000000000000000000000000000000000000000000000000000000000000000000000000000000001
00100000000000000000000000010000000000000000000000000000000000000000000000000000000000000000000000000000000000100000000000000000000000000000000000000000000000000000000000000000000000000000000000000001
00100000000000000000000000010000000000000000000000000000000000000000000000000000000000000000000000000000000000100000000000000000000000000000000000000000000000000000000000000000000000000000000000000001
00100000000000000000000000010000000000000110010001000100010001000100010001000100010001000100010001000101000000100000000000000000000000000000000000000000000000000000000000000000000000000000000000000001
00100000000000000000000000010000000000000000000000000000000000000000000000000000000000000000000000000000000000100000000000000000000000000000000000000000000000000000000000000000000000000000000000000001
00100000000000000000000000010000000000000000000000000000000000000000000000000000100100001010000000000000000000100000000000000000000000000000000000000000000000000000000000000000000000000000000000000001
00100000000000000000000000010000000000000000000000000000000000000000000000000000000100000010000000000000000000100000000000000000000000000000000000000000000000000000000000000000000000000000000000000001
00100000000000000000000000010000000000000000000000000000000000000000000000000000000100000010000000000000000000100000000000000000000000000000000000000000000000000000000000000000000000000000000000000001
00100000000000000000000000010000000000000000000000000000000000000000000000000000000100000010000000000000000000100000000000000000000000000000000000000000000000000000000000000000000000000000000000000001
00100000000000000000000000010000000000000000000000000000000000000000000000000000000100000010000000000000000000100000000000000000000000000000000000000000000000000000000000000000000000000000000000000001
00100000000010101000100100010000000000001010100010001000100010001000100010001000100010001000100010001001000000100000000000000000000000000000000000000000000000000000000000000000000000000000000000000001
00100000000000101010100010001000100010001000100010001000100010001000100010001000100010001000100010001000100100100000000000000000000000000000000000000000000000000000000000000000000000000000000000000001
00100000000000100000000100010000000000000000000000000000000000000000000000000000000100000010000000000000000000100000000000000000000000000000000000000000000000000000000000000000000000000000000000000001
00100000000000100000000100010000000000000000000000000000000000000000000000000000000100000010000000000000000000100000000000000000000000000000000000000000000000000000000000000000000000000000000000000001
00100000000000100000000100010000000000000000000000000000000000000000000000000000000100000010000000000000000000100000000000000000000000000000000000000000000000000000000000000000000000000000000000000001
00100000000000100000000100010000000000000000000000000000000000000000000000000000010100000110000000000000000000100000000000000000000000000000000000000000000000000000000000000000000000000000000000000001
00100000000001100100010100010000000000000000000000000000000000000000000000000000000000000000000000000000000000100000000000000000000000000000000000000000000000000000000000000000000000000000000000000001
00100000000000000000000000010000000000000000000000000000000000000000000000000000000000000000000000000000000000100000000000000000000000000000000000000000000000000000000000000000000000000000000000000001
00100000000000000000000000010000000000000000000000000000000000000000000000000000000000000000000000000000000000100000000000000000000000000000000000000000000000000000000000000000000000000000000000000001
00100000000000000000000000010000000000000000000000000000000000000000000000000000000000000000000000000000000000100000000000000000000000000000000000000000000000000000000000000000000000000000000000000001
00100000000000000000000001010000000000000000000000000000000000000000000000000000000000000000000000000000000001100000000000000000000000000000000000000000000000000000000000000000000000000000000000000001
00100000000000000000000000000000000000000000000000000000000000000000000000000000000000000000000000000000000000000000000000000000000000000000000000000000000000000000000000000000000000000000000000000001
00100000000000000000000000000000000000000000000000000000000000000000000000000000000000000000000000000000000000000000000000000000000000000000000000000000000000000000000000000000000000000000000000000001
00100000000000000000000000000000000000000000000000000000000000000000000000000000000000000000000000000000000000000000000000000000000000001010100010010000000000000000000000000000000000000000000000000001
00100000000000000000000000000000000000000000000000000000000000000000000000000000000000000000000000000000000000000000000000000000000000000010000000010000000000000000000000000000000000000000000000000001
00100000000000000000000000000000000000000000000000000000000000000000000000000000000000000000000000000000000000000000000000000000000000000010000000010000000000000000000000000000000000000000000000000001
00100000000000000000000000000000000000000000000000000000000000000000000000000000000000000000000000000000000000000000000000000000000000000010000000010000000000000000000000000000000000000000000000000001
00100000000000000000000000000000000000000000000000000000000000000000000000000000000000000000000000000000000000000000000000000000000000000010000000010000000000000000000000000000000000000000000000000001
00100000000000000000000000000000000000000000000000000000000000000000000000000000000000000000000000000000000000000000000000000000000000000010000000010000000000000000000000000000000000000000000000000001
00100000000000000000000000000000000000000000000000000000000000000000000000000000000000000000000000000000000000000000000000000000000000000110010001010000000000000000000000000000000000000000000000000001
01100100010001000100010001000100010001000100010001000100010001000100010001000100010001000100010001000100010001000100010001000100010001000100010001000100010001000100010001000100010001000100010001000101
