10101000100010001000100010001000100010001000100010001000100010001000100010001000100010001000100010001000100010001000100010001000100010001000100010001000100010001000100010001001
00100000000000000000000000001001101000000000000000000000000010100000000000000000000000000000000000000000000000000000000000000000000000000000000000000000000000000000000000000001
00100000000000000000000000001010100010010000000000000000000000100000000010101000100100000000000000000000000000000000000000000000000000000000000000000000000000000000000000000001
00100000000000000000000000000010001000010000000000000000000000100000000000100000000100000000000000000000000000000000000000000000000000000000000000000000000000000000000000000001
00100000000000000000000010101000100010001001000000000000000000100000000000100000000100000000000000000000000000000000000000000000000000000000000000000000000000000000000000000001
00100000000000000000000000100010001000010001000000000000000000100000000000100000000100000000000000000000000000000000000000000000000000000000000000000000000000000000000000000001
00100000000000000000000000100010001000010001000010010000000000100000000000100000000100000000000000000000000000000000000000000000000000001010000000000000000000000000000000000001
00100000000000000000000000100010001000010001000000011001000000100000000000100000000100000000000000000000000000000000000000000000101000000010000000000000000000000000000000000001
00100000000000000000000001100100010001000101000000010001000000100000000001100100010100000000000000000000000000000000000000000000001000000010000000000000000000000000000000000001
00100000000000000000000000000110010001000100010001000100010001000100010001000100010001000100010001000100010001000100010001000100010001000100010001000100010001010000000000000001
00100000000000000000000000000001011000000000000000010001000000101001000000000000000010100000000000000000000000000000000000000000001000000010000000000000000000000000000000000001
00100000000000000000000000000001000000000000000000010001000000100001000000000000000000100000000000000000000000000000000000000000001000000010000000000000000000000000000000000001
00100000000000000000000000000001000000000000000000010001000000100001000000000000000000100000000000000000000000000000000000000000001000000010000000000000000000000000000000000001
00100000000000000000000000000001000000000000000000010001000000100001000000000000000000100000000000000000000000000000000000000000001000000010000000000000000000000000000000000001
00100000000000000000000000000001000000000000000000010001000000100001000000000000000000100000000000000000000000000000000000000000001000000010000000000000000000000000000000000001
00100000000000000000000000000001000000000000000000010001000000100001000000000000000000100000000000000000000000000000000000000000001000000010000000000000000000000000000000000001
00100000000000000000000000000001000000000000000000010001000000100001000000000000000000101001000000000000000000000000000000000000001010100010000000000000000000000000000000000001
00100000000000000000000000000101000000000000000000010001000001100001000000000000000000100001000000000000000000000000000000000000001000100010000000000000000000000000000000000001
00100000000000000000000000000000000000000000000000010001000000000001000000000000000000100001000000000000000000000000000000000000001000100010000000000000000000000000000000000001
00100000000000000000000000000000000000000000000000010001000000000001000000000000000000100001000000000000000000000000000000000000001000100010000000000000000000000000000000000001
00100000000010101000100100000000000000000000000000010001000000000001000000000000000000100001000000000000000000000000000000000000001000100010000000000000000000000000000000000001
00100000000000100000000100000000000000000000000000010001000000000001000000000110010001000100010001000100010001000100010001000100010001000101000000000000000000000000000000000001
00100000000000100000000100000000000000000000000000010001000000000001000000000000000000100001000000000000000000000000000000000000001000100010000000000000000000000000000000000001
00100000000000100000000100000000000000000000000000010001000000000101000000000000000001100001000000000000000000000000000000000000001000100010000000000000000000000000000000000001
00100000000000100000000100000000000000000000000000010001000000000000000000000000000000000001000000000000000000000000000000000000001000100010000000000000000000000000000000000001
00100000000000100000000100000000000000000000000000010001000000000000000000000000000000000001000000000000000000000000000000000000001000100010000000000000000000000000000000000001
00100000000001100100010100000000000000000000000000010001000000000000000000000000000000000001000000000000000000000000000000000000001000100010000000000000000000000000000000000001
00100000000000000000000000000000000000000000000000010001000000000000000000000000000000000001000000000000000000000000000000001010100010010010000000000000000000000000000000000001
00100000000000000000000000000000000000000000000000010001000000000000000000001010100010001000100010001000100010001000100010001000100010001001000000000000000000000000000000000001
00100000000000000000000000000000000000000000000000010001000000000000000000000000000000000001000000000000000000000000000000000010001000010010000010101000100100000000000000000001
00100000000000000000000000000000000000000000000000010001000000000000000000000000000000000001000000000000000000000000000000000010001000010010000000100000000100000000000000000001
00101000100100000000000000000000000000000000000000010001000000000000000000000000000000000001000000000000000000000000000000000010001000010010000000100000000100000000000000000001
00100000000100000000000000000000000000000000000000010001000000000000000000000000000000000001000000000000000000000000000000000010001000010010000000100000000100000000000000000001
00100000000100000000000000001010100010001000100010001000100010001000100010001000100010001000100010001000100010001000100010001000100010001000100010001000100010010000000000000001
00100000000110101000100100000000000000000000000000010101000000000000000000000000000000000001000000000000000000000000000000000000011000100010000000100000000100000000000000000001
00100000000100100000000100000000000000000000000000010000000000000000000000000000000000000101000000000000000000000000000000000000000001100010000001100100010100000000000000000001
00100000000100100000000100000000000000000000000001010000000000000000000000000000000000000000000000000000000000000000000000000000000010101000100100000000000000000000000000000001
00100100010100100000000100000000000000000000000000000000000000000000000000000000000000000000000000000000000000000000000000000000000000100000000100000000000000000000000000000001
00100000000000100000000100000000000000000000000000000000000000000000000000000000000000000000000000000000000000000000000000000000000000100000000100000000000000000000000000000001
00100000000000100000000100000000000000000000000000000000000000000000000000000000000000000000000000000000000000000000000000000000000000100000000100000000000000000000000000000001
00100000000001100100010100000000000000000000000000000000000000000000000000000000000000000000000000000000000000000000000000000000000000100000000100000000000000000000000000000001
00100000000000000000000000000000000000000000000000000000000000000000000000000000000000000000000000000000000000000000000000000000000000100000000100000000000000000000000000000001
00100000000000000000000000000000000000000000000000000000000000000000000000000000000000000000000000000000000000000000000000000000000001100100010100000000000000000000000000000001
00100000000000000000000000000000000000000000000000000000000000000000000000000000000000000000000000000000000000000000000000000000000000000000000000000000000000000000000000000001
01100100010001000100010001000100010001000100010001000100010001000100010001000100010001000100010001000100010001000100010001000100010001000100010001000100010001000100010001000101
