10101000100010001000100010001000100010001000100010001000100010001000100010001000100010001000100010001000100010001000100010001000100010001000100010001000100010001000100010001000100010001000100010001001
00100000000000000000000000001001000000000000000000000000000000000000000000000000000000000000000000000000000000000000000000000000101000000000000000000000000000000000000000000000000000000000000000000001
00100000000000000000000000000001000000000000000000000000000000000000000000000000000000000000000000000000000000000000000000000000001000000000000000000000000000000000000000000000000000000000000000000001
00100000000000000000000000000001000000000000000000000000000000000000000000000000000000000000000000000000000000000000000000000000001000000000000000000000000000000000000000000000000000000000000000000001
00100000000000000000000000000001000000000000000000000000000000000000000000000000000000000000000000000000000000000000000000000000001000000000000000000000000000000000000000000000000000000000000000000001
00100000000000000000000000000001000000000000101010001001000000000000000000000000000000000000000000000000000000000000000000000000001000000000000000000000000000000000000000000000000000000000000000000001
00100000000000000000000000000001000000000000001010010001000000000000000000000000000000000000000000000000000000000000000000001010001000000000000000000000000000000000000000000000000000000000000000000001
00100000000000000000000000000001000000000000001000010001000000000000000000000000000000000000000000000000000000000000000000000010001000000000000000000000000000000000000000000000000000000000000000000001
00100000000000000000000000000001000000000000001000010001000000000000000000000000000000000000000000000000000000000000000000000010001000000000000000000000000000000000000000000000000000000000000000000001
00100000000000000000000000000001000000000000001000010001000000000000000000000000000000000000000000000000000000000000000000000010001000000000000000000000000000000000000000000000000000000000000000000001
00100000000000000000000000000001000000000000001000010001000000000000000000000000000000000000000000000000000000000000000000000010001000000000000000000000000000000000000000000000000000000000000000000001
00100000000000000000000000000001000000000000011000010101000000001010100100000000000000000000000000001010000000000000000000000010001000000000000000000000000000000000000000000000000000000000000000000001
00100000000000000000000000000001000000000000000000010000000000000010000100000000000000000000000000000010000000000000000000000010001000000000000000000000000000000000000000000000000000000000000000000001
00100000000000000000000000000001000000000000000000010000000000000010000100000000000000000000000000000010000000000000000000000010001000000000000000000000000000000000000000000000000000000000000000000001
00100000000000000000000000000001000000000000000000010000000000000010000100000000000000000000000000000010000000000000000000000010001000000000000000000000000000000000000000000000000000000000000000000001
00100000000000000000000000000001000000000000000000010000000000000010000100000000000000000000000000000010000000000000000000000010001000000000000000000000000000000000000000000000000000000000000000000001
00100000000000000000000000000001000000000000000000010000000000000010000100000000000000000000000000000010000000000000000000000010001000000000000000000000000000000000000000000000000000000000000000000001
00100000000000000000000000000001000000000000000000010000000000000010000100000000000000000000000000000010000000000000000000000010001000000000000000000000000000000000000000000000000000000000000000000001
00100000000000000000000000000001000000000000000000010000000000000110000100000000000000000000000000000010000000000000000000000010001000000000000000000000000000000000000000000000000000000000000000000001
00100000000000000000000000000001000000000000000000010000000000000000000100000000000000000000000000000010000000000000000000000010001000000000000000000000000000000000000000000000000000000000000000000001
00100000000000000000000000000001000000000000000000010000000000000000000100000000000000000000000000000010000000000000000000000010001000000000000000000000000000000000000000000000000000000000000000000001
00100000000000000000000000000001000000000000000000010000000000000000000100000000000000000000000000000010000000000000000000000010001000000000000000000000000000000000000000000000000000000000000000000001
00100000000000000000000000000001000000000000000000010000000000000000000100000000000000000000000000000010000000000000000000000010001000000000000000000000000000000000000000000000000000000000000000000001
00100000000000000000000000000001000000000000000000010000000000000000000100000000000000000000000000000010000000000000000000000010001000000000000000000000000000000000000000000000000000000000000000000001
00100000000000000000000000000001000000000000000000010000000000000000000100000000000000000110010001000100010001000100010001010010001000000000000000000000000000000000000000000000000000000000000000000001
00100000000000000000000000000001000000000000000000010000000000000000000100000000000000000000000000000010000000000000000000000010001000000000000000000000000000000000000000000000000000000000000000000001
00100000000000000000000000000001000000000000000000010000000000000000000100000000000000000000000000000010000000000000000000000010001000000000000000000000000000000000000000000000000000000000000000000001
00100000000000000000000000000001000000000000000000010000000000000000010100000000000000000000000000000110000000000000000000000010001000000000000000000000000000000000000000000000000000000000000000000001
00100000000000000000000000000001000000000000000000010000000000000000000000000000000000000000000000000000000000000000000000000010001000000000000000000000000000000000000000000000000000000000000000000001
00100000000000000000000000000001000000000000000000010000000000000000000000000000000000000000000000000000000000000000000000000010001000000000000000000000000000000000000000000000000000000000000000000001
00100000000000000000000000000001000000000000000000010000000000000000000000000000000000000000000000000000000000000000000000000010001000000000000000000000000000000000000000000000000000000000000000000001
00100000000000000000000000000001000000000000000000010000000000000000000000000000000000000000000000000000000000000000000000000010001000000000000000000000000000000000000000000000000000000000000000000001
00100000000000000000000000000001000000000000000000010000000000000000000000000000000000000000000000000000000000000000000000000010001000000000000000000000000000000000000000000000000000000000000000000001
00100000000000000000000000000001000000000000000001010000000000000000000000000000000000000000000000000000000000000000000000000110001000000000000000000000000000000000000000000000000000000000000000000001
00100000000000000000000000000101000000000000000000000000000000000000000000000000000000000000000000000000000000000000000000000000011000000000000000000000000000000000000000000000000000000000000000000001
00100000000000000000000000000000000000000000000000000000000000000000000000000000000000000000000000000000000000000000000000000000000000000000000010101000100010001000100100000000000000000000000000000001
00100000000000000000000000000000000000000000000000000000000000000000000000000000000000000000000000000000000000000000000000000000000000000000000000100000000000000000000100000000000000000000000000000001
00100000000000000000000000000000000000000000000000000000000000000000000000000000000000000000000000000000000000000000000000000000000000000000000000100000000000000000000100000000000000000000000000000001
00100000000000000000000000000000000000000000000000000000000000000000000000000000000000000000000000000000000000000000000000000000000000000000000001100100010001000100010100000000000000000000000000000001
01100100010001000100010001000100010001000100010001000100010001000100010001000100010001000100010001000100010001000100010001000100010001000100010001000100010001000100010001000100010001000100010001000101
