1010100010001000100010001000100010001000100010001000100010001000100010001000100010001000100010001000100010001000100010001000100010001000100010001001
0010000000000000000000000000100100000000000000000000101000000000000000000000000000000000000000000000000000000000000000000000000000000000000000000001
0010000000000000000000000000000100000000000000000000001000000000000000000000000000000000000000000000000000000000000000000000000000000000000000000001
0010000000000000000000000000000100000000000000000000001000000000000000000000000000000000000000000000000010101000100100000000000000000000000000000001
0010000000000000000000000000000100000000000000000000001000000000000000000000000000000000000000000000000000100000000100000000000000000000000000000001
0010000000000000000000000000000100000000000010010000001000000000000000000000000000000000000000000000000000100000000100000000000000000000101000000001
0010000000000000000000000000000100000000000000010000001000000000000000000000000000000000000000000000000000100000000100000000000000000000001000000001
0010000000000000000000000000000100000000000000010000001000000000000000000000000000000000000000000000000000100000000100000000000000000000001000000001
0010000000000000000000000000000100000000000000010000001010010000000000000000000000000000000000000000000000101010000100000000000000000000001000000001
0010000000000000000000000000000100000000000000010000001000010000000000000000000000000000000000000000000001100010010100000000000000000000001000000001
0010000000000000000000000000000101100100010001000100010001000100010001000100010001000100010001000101000000000010000000000000000000000000001000000001
0010000000000000000000000000000100000000000000010000001000010000000000000000000000000000000000000000000000000010000000000000000000000000001000000001
0010000000000000000000000000000100000000000000010000001000010000000000000000000000000000000000000000000000000010000000000000000000000000001000000001
0010000000000000000000000000000100000000000000010000001000010000000000000000000000000000000000000000000000000010000000000000000000000000001000000001
0010000000000000000000000000000100000000000000010000001000010000000000000000000000000000000000000000000000000010000000000000000000000000001000000001
0010000000000000000000000000010100000000000000010000011000010000000000000000000000000000000000000000000000000010000000000000000000000000001000000001
0010000000000000000000000000000000000000000000010000000000010000000000000000000000000000000000000000000000000010000000000000000000000000001000000001
0010000000000000000000000000000000000000000000010000000000010000000000000000000000000000000000000000000000000010000000000000000000000000001000000001
0010000000000000000000000000000010101000100010001000100010001000100010001000100010001000100010001001000000000010000000000000000000000000001000000001
0010000000000000000000000000000000000000000000010000000000010000000000000000000000000000000000000000100110100010000000000000000000000000001000000001
0010000000000000000000000000000000000000000000010000000000010000000000000000000000000000000000000000000100100010000000000000000000000000001000000001
0010000000000000000000000000000000000000000000010000000000010000000000000000000000000000000000000000000100100010000000000000000000000000001000000001
0010000000000000000000000000000000000000000000010000000000010000000000000000000000000000000000000000000100100010000000000000000000000000001000000001
0010000000000000000010101000100100000000000000010000000000010000000000000000000000000000000000000000000100100010000000000000000000000000001000000001
0010000000000000000000100000000100000000000000010000000000010000000000000000000000000000000000000000000100100010000000000000000000000000001000000001
0010000000000000000000100000000100000000000000010000000000010000000000000000000000000000000000000000000100100010000000000000000000000000001000000001
0010000000000000000000100000000100000000000000010000000000010000000000000000000000000000000000000000000100100010000000000000000000000000001000000001
0010000000000000000000100000000100000000000000010000000000010000000000000000000000000000000000000000000100100010000000000000000000000000001000000001
0010000000000000000000100000000100000000000000010000000000010000000000000000000000000000000000000000010101100010000000000000000000000000001000000001
0010000000000000000001100100010100000000000000010000000001010000000000000000000000000000000000000000000000000110000010101000100100000000001000000001
0010000000000000000000000000000000000000000000010000000000000000000000000000000000000000000000000000000000000000000000100000000100000000001000000001
0010000000000000000000000000000000000000000000010000000000000000000000000000000000000000000000000000000000000000000000100000000100000000001000000001
0010000000000000000000000000000000000000000000010000000000000000000000000000000000000000000000001010100010010000000000100000000100000000001000000001
0010000000000000000000000000000000000000000000010000000000000000000000000000000000000000000000000010000000010000000000100000000100000000001000000001
0010000000000000000000000000000000000000000000010000000000000000000000000000000000000000000000000010000000010000000000100000000100000000001000000001
0010000000000000000000000000000000000000000000010000000000000000000000000000000000000000000000000010000000010000000001100100010100000000001000000001
0010000000000000000000000000000000000000000001010000000000000000000000000000000000000000000000000010000000010000000000000000000000000000011000000001
0010000000000000000000000000000000000000000000000000000000000000000000000000000000000000000000000010000000010000000000000000000000000000000000000001
0010000000000000000000000000000000000000000000000000000000000000000000000000000000000000000000000110010001010000000000000000000000000000000000000001
0010000000000000000000000000000000000000000000000000000000000000000000000000000000000000000000000000000000000000000000000000000000000000000000000001
0010000000000000000000000000000000000000000000000000000000000000000000000000000000000000000000000000000000000000000000000000000000000000000000000001
0010000000000000000000000000000000000000000000000000000000000000000000000000000000000000000000000000000000000000000000000000000000000000000000000001
0010000000000000000000000000000000000000000000000000000000000000000000000000000000000000000000000000000000000000000000000000000000000000000000000001
0010000000000000000000000000000000000000000000000000000000000000000000000000000000000000000000000000000000000000000000000000000000000000000000000001
0010000000000000000000000000000000000000000000000000000000000000000000000000000000000000000000000000000000000000000000000000000000000000000000000001
0010000010101000100100000000000000000000000000000000000000000000000000000000000000000000000000000000000000000000000000000000000000000000000000000001
0010000000100000000100000000000000000000000000000000000000000000000000000000000000000000000000000000000000000000000000000000000000000000000000000001
0010000000100000000100000000000000000000000000000000000000000000000000000000000000000000000000000000000000000000000000000000000000000000000000000001
0010000000100000000100000000000000000000000000000000000000000000000000000000000000000000000000000000000000000000000000000000000000000000000000000001
0010000000100000000100000000000000000000000000000000000000000000000000000000000000000000000000000000000000000000000000000000000000000000000000000001
0010000000100000000100000000000000000000000000000000000000000000000000000000000000000000000000000000000000000000000000000000000000000000000000000001
0010000001100100010100000000000000000000000000000000000000000000000000000000000000000000000000000000000000000000000000000000000000000000000000000001
0110010001000100010001000100010001000100010001000100010001000100010001000100010001000100010001000100010001000100010001000100010001000100010001000101
