101010001000100010001000100010001000100010001000100010001000100010001000100010001000100010001000100010001000100010001000100010001000100010001000100010001000100010001000100010001000100010001000100010001001
001000000000000000000000000000000000000000000000000000000000000000000000000000000000000000000000000000000000000000000000000000000000000000000000000000000000000000000000000000000000000000000000000000000001
001000000000000000000000000000000000000000000000000000000000000000000000000000000000000000000000000000000000000000000000000000000000000000000000000000000000000000000000000000000000000000000000000000000001
001000000000000000000000000000000000000000000000000000000000000000000000000000000000000000000000000000000000000000000000000000000000000000000000000000000000000000000000000000000000000000000000000000000001
001000000000000000000000000000000000000000000000000000000000000000000000000000000000000000000000000000000000000000000000000000000000000000000000000000000000000000000000000000000000000000000000000000000001
001000000000000000000000000000000000000000000000000000000000000000000000000000000000000000000000000000000000000000000000000000000000000000000000000000000000000000000000000000000000000000000000000000000001
001000000000000000000000000000000000000000000000000000000000000000000000000000000000000000000000000000000000000000000000000000000000000000000000000000000000000000000000000000000000000000000000000000000001
001000000000000000000000000000000000000000000000000000000000000000000000000000000000000000000000000000000000000000000000000000000000000000000000000000000000000000000000000000000000000000000000000000000001
001000000000000000000000000000000000000000000000000000000000000000000000000000000000000000000000000000000000000000000000000000000000000000000000000000000000000000000000000000000000000000000000000000000001
001000000000000000000000000000000000000000000000000000000000000000000000000000000000000000000000000000000000000000000000000000000000000000000000000000000000000000000000000000000000000000000000000000000001
001000000000000000000000000000000000000000000000000000000000000010010000000000000000000000000000000000000000000000000000000000000000000000001010000000000000000000000000000000000000000000000000000000000001
001000000000000000000000000000000000000000000000000000000000000000010000000000000000000000000000000000000000000000000000000000000000000000000010000000000000000000000000000000000000000000000000000000000001
001000000000000000000000000000000000000000000000000000000000000000010000000000000000000000000000000000000000000000000000000000000000000000000010000000000000000000000000000000000000000000000000000000000001
001000000000000000000000000000001010100010010000000000000000000000010000000000000000000000000000000000000000000000000000000000000000000000000010000000000000000000000000000000000000000000000000000000000001
001000000000000000000000000000000010000000010000000000000000000000010000000000000000000000000000000000000000000000000000000000000000000000000010000000000000000000000000000000000000000000000000000000000001
001000000000000000000000000000000010000000010000000000000000000000010000000000000000000000000000000000000000000000000000000000000000000000000010000000000000000000000000000000000000000000000000000000000001
001000000000000000000000000000000010000000010000000000000000000000010000000000000000000000000000000000000000000000000000000000000000000000000010000000000000000000000000000000000000000000000000000000000001
001000000000000000000000000000000010000000010000000000000000000000010000000000000000000000000000000000000000000000000000000000000000000000000010000000000000000000000000000000000000000000000000000000000001
001000000000000000000000000000000010000000010000000000000000000000010000000000000000000000000000000000000000000000000000000000001010100010010010000000000000000000000000000000000000000000000000000000000001
001000000000000000000000000000000110010001010000000000000000000000010000000000000000000000000000000000000000000000000000000000000010000000010010000000000000000000000000000000000000000000000000000000000001
001000000000000000000000000000000000000000000000000000000000000000010000000000000000000000000000000000000000000000000000000000000010000000010010000000000000000000000000000000000000000000000000000000000001
001000000000000000000000000000000000000000000000000000000000000000010000000001100100010001000100010001000100010001000100010001000100010001000100010100000000000000000000000000000000000000000000000000000001
001000000000000000000000000000000000000000000000000000000000000000010000000000000110010001000100010001000100010001000100010001000100010001000100010001000100010001000100010001000101000000000000000000000001
001000000000000000000000000000000000000000000000000000000000000000010000000000000000000000000000000000000000000000000000000000000010000000010010000000000000000000000000000000000000000000000000000000000001
001000000000000000000000000000000000000000000000000000000000000000010000000000000000000000000000000000000000000000000000000000000110010001010010000000000000000000000000000000000000000000000000000000000001
001000000000000000000000000000000000000000000000000000000000000000010000000000000000000000000000000000000000000000000000000000000000000000000010000000000000000000000000000000000000000000000000000000000001
001000000000000000000000000000000000000000000000000000000000000000010000000000000000000000000000000000000000000000000000000000000000000000000010000000000000000000000000000000000000000000000000000000000001
001000000000000000000000000000000000000000000000000000000000000000010000000000000000000000000000000000000000000000000000000000000000000000000010000000000000000000000000000000000000000000000000000000000001
001000000000000000000000000000000000000000000000000000000000000000010000000010101000100100000000000000000000000000000000000000000000000000000010000000000000000000000000000000000000000000000000000000000001
001000000000000000000000000000000000000000000000000000000000000000010000000000100000000100000000000000000000000000000000000000000000000000000010000000000000000000000000000000000000000000000000000000000001
001000000000000000000000000000000000000000000000000000000000000000010000000010101000100010001000100010001000100010001000100010001000100010001000100100000000000000000000000000000000000000000000000000000001
001000000000000000000000000000000000000000000000000000000000000000010000000000100000000100000000000000000000000000000110010001000100010001000100010001000100010001010000000000000000000000000000000000000001
001000000000000000000000000000000000000000000000000000000000000000010000000000100000000100000000000000000000000000000000000000000000000000000010000000000000000000000000000000000000000000000000000000000001
001000000000000000000000000000000000000000000000000000000000000000010000000000100000000100000000000000000000000000000000000000000000000000000010000000000000000000000000000000000000000000000000000000000001
001000000000000000000000000000000000000000000000000000000000000000010000000001100100010100000000000000000000000000001010100010001000100010001000100010001000100010010000000000000000000000000000000000000001
001000000000000000000000000000000000000000000000000000000000000000010000000000000000000000000000000000000000000000000000000000000000000000000010000000000000000000000000000000000000000000000000000000000001
001000000000000000000000000000000000000000000000000000000000000000010000000000000000000000000000000000000000000000000000000000000000000000000010000000000000000000000000000000000000000000000000000000000001
001000000000000000000000000000000000000000000000000000000000000001010000000000000000000000000000000000000000000000000000000000000000000000000110000000000000000000000000000000000000000000000000000000000001
011001000100010001000100010001000100010001000100010001000100010001000100010001000100010001000100010001000100010001000100010001000100010001000100010001000100010001000100010001000100010001000100010001000101
