1010100010001000100010001000100010001000100010001000100010001000100010001000100010001000100010001000100010001000100010001000100010001000100010001000100010001000100010001001
0010000000000000000000000001000000000000000000000000000000000000000000000010000000000000000000000000000000000000000000000000000000000000000000000000000000000000000000000001
0010000000000000000000000001000000000000000000000000000000000000000000000010000000000000000000000000000000000000000000000000000000000000000000000000000000000000000000000001
0010000000000000000000000001000000000000000000000000000000000000000000000010000000000000000000000000000000000000000000000000000000000000000000000000000000000000000000000001
0010000000000000000000000001000000000000000000000000000000000000000000000010000000000000000000000000000000000000000000000000000000000000000000000000000000000000000000000001
0010000000000000000000000001000000000000000000000000000000000000000000000010000000000000000000000000000000000000000000000000000000000000000000000000000000000000000000000001
0010000000000000000000000001000000000000000000000000000000000000000000000010000000000000000000000000000000000000000000000000000000000000000000000000000000000000000000000001
0010000000000000000000000001000000000000000000000000000000000000000000000010000000000000000000000000000000000000000000000000000000000000000000000000000000000000000000000001
0010000000000000000000000001000000000000000000000000000000000000000000000010000000000000000000000000000000000000000000000000000000000000000000000000000000000000000000000001
0010000000000000000000000001011001000100010001000100010001000100010001000100010001000100010001000100010001000100010001000100010001000100010001000100010001010000000000000001
0010000000000000000000000001000000000000000000000000000000000000000000000010000000000000000000000000000000000000000000000000000000000000000000000000000000000000000000000001
0010000000000000000000000001000000000110010001000100010001000100010001000100010001000100010001000100010001000100010001000100010001000100010001000100010001000100010001010001
0010000000000000000000000001000000000000000000000000000000000000000000000010000000000000000000000000000000000000000000000000000000000000000000000000000000000000000000000001
0010000000000000000000000001000000000000000000000000000000000000000000000010000000000000000000000000000000000000000000000000000000000000000000000000000000000000000000000001
0010000000000000000000000001000000000000000000000000000000000000000000000010000010010000000000000000000000000000000000000000000000001010000000000000000000000000000000000001
0010000000000000000000000001000000000000000000000000000000000000000000000010000000010000000000000000000000000000000000000000000000000010000000000000000000000000000000000001
0010000000000000000000000001000000000000000000000000000001100100010001000100010001000100010001000100010001000101000000000000000000000010000000000000000000000000000000000001
0010000000000000000000000001000000000000000000000000000000000000000000000010000000010000000000000000000000000000000000000000000000000010000000000000000000000000000000000001
0010000000000000000000000001000000000000000000000000000000000000000000000010000000010000000000000000000000000000000000000000000000000010000000000000000000000000000000000001
0010000000000000000000000001000000000000000000000000000000000000000000000010000000010000000000000000000000000000000000000000000000000010000000000000000000000000000000000001
0010000000000000000000000101000000000000000000000000000000000000000000000110000000010000000000000000000000000000000000000000000000000010000000001010100010010000000000000001
0010000000000000000000000000000000000000000000000000000010101000100010001000100010001000100010001000100010001001000000000000000000000010000000000010000000010000000000000001
0010000000000000000000000000000000000000000000000000000000000000000000000000000000010000000000000000000000000000000000000000000000000010000000000010000000010000000000000001
0010000000000000000000000000000000000000000000000000000000000000000000000000000000010000000000000000000000000000000000000000000000000010000000000010000000010000000000000001
0010000000000000000000000000000000000000000000000000000000000000000000000000000000010000000000000000000000000000000000001001000000000010000000000010000000010000000010100001
0010000000000000000000000000000000000000000000000000000000000000000000000000000000010000000000000000000000000000000000000001000000000010000000000010000000010000000000100001
0010000000000000000000000000000000000000000000000000000000000000000000000000000000010000000000000000000000000000101010001000100010010010000000000110010001010000000000100001
0010000000000000000000000000000000000000000000000000000000000000000000000000000000010000000000000000000000000000001000000001000000010010000000000000000000000000000000100001
0010000000000000000000000000000000000000000000000000000000000000000000000000000000010000000000000000000000000000001000000001000000010010000000000000000000000000000000100001
0010000000000000000000000000000000000000000000000000000000000000000000000000000000010000000000000000000000000000001000000001000000010010000000000000000000000000000000100001
0010000000000000000000000000000000000000000000000000000000000000101010001001000000010000000000000000000000000000011001000100010001010010000000000000000000000000000000100001
0010000000000000000000000000000000000000000000000000000000000000001010101000100100010000000000000000000000000000000000000001000000000010000000000000000000000000000000100001
0010000000000000000000000000101010001000100010001000100010001000100010001000100010001000100010001000100010001000100010001000100010001000100010001000100010010000000000100001
0010000000000000000000000000000000000000000000000000000000000000001000100001000100010000000000000000000000000000000000000001000000000010000000000000000000000000000000100001
0010000000000000000000000000000000000000000000000000000000000000001000100001000100010000000000000000000000000000000000000001000000000010000000000000000000000000000000100001
0010000000000000000000000000000000001010100010001000100010001000100010001000100010001000100010001000100010001000100010001000100010001000100010001000100010001000100010010001
0010000000000000000000000000000000000000000000000000000000000000011000100101000100000000000000000000000000000000000000000001000000000000000000000000000000000000000000100001
0010000000000000000000000000000000000000000000000000000000000000000001100100010100000000000000000000000000000000000000000001000000000000000000000000000000000000000000100001
0010000000000000000000000000000000000000000000000000000000000000000000000000000000000000000000000000000000000000000000000001000000000000000000000000000000000000000000100001
0010000000000000000000000000000000000000000000000000000000000000000000000000000000000000000000000000000000000000000000000001000000000000000000000000000000000000000000100001
0010000000000000000000000000000000000000000000000000000000000000000000000000000000000000000000000000000000000000000000000001000000000000000000000000000000000000000000100001
0010000000000000000000000000000000000000000000000000000000000000000000000000000000000000000000000000000000000000000000000001000000000000000000000000000000000000000000100001
0010000000000000000000000000000000000000000000000000000000000000000000000000000000000000000000000000000000000000000000000001000000000000000000000000000000000000000000100001
0010000000000000000000000000000000000000000000000000000000000000000000000000000000000000000000000000000000000000000000000101000000000000000000000000000000000000000001100001
0010000000000000000000000000000000000000000000000000000000000000000000000000000000000000000000000000000000000000000000000000000000000000000000000000000000000000000000000001
0110010001000100010001000100010001000100010001000100010001000100010001000100010001000100010001000100010001000100010001000100010001000100010001000100010001000100010001000101
