10101000100010001000100010001000100010001000100010001000100010001000100010001000100010001000100010001000100010001000100010001000100010001001
00100000000000001010100010001001101010001001000000000000000000000000000010100000000000000000000000000000101010001001000000000000000000000001
00100000000000000010000000000001001000000001000000000000000000000000000000100000000000000000000000000000001000000001000000000000000000000001
00100000000000000010000000000001001000000001000000000000101010001001000000100000000000000000000000000000001000000001000000000000000000000001
00100000000000000010000000000001001000000001000000000000001000000001000000100000000000000000000000000000001000000001000000000000000000000001
00100000000000000010000000000001001000000001000000000000001000000001000000100000000000000000000000000000001000000001000000000000000000000001
00100000000000000110010001000001001000000001000000000000001000000001000000100000000000000000000000000000001000000001000000000000000000000001
00100000000000000000011001000100010001000100010001000100010001000101000000100000000000000000000000000000011001000101000000000000000000000001
00100000000000000000000000000001000000000000000000000000001000000001000000100000000000000000000000000000000000000000000000000000000000000001
00100000000000000000000000000001000000000000000000000000011001000101000000100000000000000000000000000000000000000000000000000000000000000001
00100000000000000000101010001000100010001000100010001000100010101001000000100000000000000000000000000000000000000000000000000000000000000001
00100000000000000000000000000001000000000000000010101000100100100001000000100000000000000000000000000000000000000000000000000000000000000001
00100000000000000000000000000001000000000000000000100000000100100001000000100000000000000000000000000000000000000000000000000000000000000001
00100000000000000000000000000001000000000000000000100000000100100001000000100000000000000000000000000000000000000000000000000000000000000001
00100000000000000000000000000001000000000000000000100000000100100001000000100000000000000000000000000000000000000000000000000000000000000001
00100000000000000000000000000001000000000000000000100000000100100001000000100000000000000000000000000000000000000000000000000000000000000001
00100000000000000000000000000001000000000000000000100000000100100001000000100000000000000000000000000000000000000000000000000000000000000001
00100000000000000000000000000001000000000000000001100100010101100101000000100000000000000000100100000000000000000000101000000000000000000001
00100000000000000000000000000001000000000000000000000000000000000000000000100000000000000000000100000000000000000000001000000000000000000001
00100000000000000000000000000001000000000000000000000000000000000000000000100000000000000000000100000000000000000000001000000000000000000001
00100000000000000000000000000101000000000000000000000000000000000000000001100000000000000000000100000000000000000000001000000000000000000001
00100000101010001001000000000000000000000000000000000000000000000000000000000000000000000000000100000000000000000000001000000000000000000001
00100000001000000001000000000000000000000000000000000000000000000000000000000000000000000000000100000000000000001001101000000000000000000001
00100000001000000001000000000000000000000000000000000000000000000000000000000000000000000000000100000000000000000001001000000000000000000001
00100000001000000001000000000000000000000000000000000000000000000000000000000000000000000000000100000000000000000001001000000000000000000001
00100000001000000001000000000000000000000000000000000000000000000000000000000000000000000000000100000000000000000001001000000000000000000001
00100000001000000001000000000000000000000000000000000000000000000000000000000000000000000000000100000000000000000001001000000000000000000001
00100000011001000101000000000000000000000000000000000000000000000000000000000000000000000000000100000000000000000001001000000000000000000001
00100000000000000000000000000000000000000000000000000000000000000000000000000000000000000000000100000000000000000001001000000000000000000001
00100000000000000000000000000000000000000000000000000000000000000000000000000000000000000000000100000000000000000001001000000000000000000001
00100000000000000000000000000000000000000000000000000000000000000000000000000000000000000000000100000000000000000001001000000000000000000001
00100000000000000000000000000000000000000000000000000000000000000000000000000000000000000000010100000000000000000101011000000000000000000001
00100000000000000000000000000000000000000000000000000000000000000000000000000000000000000000000000000000000000000000000000000000000000000001
00100000000000000000000000000000000000000000000000000000000000000000000000000000000000000000000000000000000000000000000000000000000000000001
00100000000000000000000000000000000000000000000000000000000000000000000000000000000000000000000000000000000000000000000000000000000000000001
00100000000000000000000000000000000000000000000000000000000000000000000000000000000000000000000000000000000000000000000000000000000000000001
00100000000000000000000000000000000000000000000000000000000000000000000000000000000000000000000000000000000000000000000000000000000000000001
00100000000000000000000000000000000000000000000000000000000000000000000000000000000000000000000000000000000000000000000000000000000000000001
00100000000000000000000000000000000000000000000000000000000000000000000000000000000000000000000000000000000000000000000000000000000000000001
00100000000000000000000000000000000000000000000000000000000000000000000000000000000000000000000000000000000000000000000000000000000000000001
00100000000000000000000000000000000000000000000000000000000000000000000000000000000000000000000000000000000000000000000000000000000000000001
00100000000000000000000000000000000000000000000000000000000000000000000000000000000000000000000000000000000000000000000000000000000000000001
00100000000000000000000000000000000000000000000000000000000000000000000000000000101010001001000000000000000000000000000000000000000000000001
00100000000000000000000000000000000000000000000000000000000000000000000000000000001000000001000000000000000000000000000000000000000000000001
00100000000000000000000000000000000000000000000000000000000000000000000000000000001000000001000000000000000000000000000000000000000000000001
00100000000000000000000000000000000000000000000000000000000000000000000000000000001000000001000000000000000000000000000000000000000000000001
00100000000000000000000000000000000000000000000000000000000000000000000000000000001000000001000000000000000000000000000000000000000000000001
00100000000000000000000000000000000000000000000000000000000000000000000000000000001000000001000000000000000000000000000000000000000000000001
00100000000000000000000000000000000000000000000000000000000000000000000000000000011001000101000000000000000000000000000000000000000000000001
00100000000000000000000000000000000000000000000000000000000000000000000000000000000000000000000000000000000000000000000000000000000000000001
00100000000000000000000000000000000000000000000000000000000000000000000000000000000000000000000000000000000000000000000000000000000000000001
00100000000000000000000000000000000000000000000000000000000000000000000000000000000000000000000000000000000000000000000000000000000000000001
00100000000000000000000000000000000000000000000000000000000000000000000000000000000000000000000000000000000000000000000000000000000000000001
00100000000000000000000000000000000000000000000000000000000000000000000000000000000000000000000000000000000000000000000000000000000000000001
00100000000000000000000000000000000000000000000000000000000000000000000000000000000000000000000000000000000000000000000000000000000000000001
00100000000000000000000000000000000000000000000000000000000000000000000000000000000000000000000000000000000000000000000000000000000000000001
01100100010001000100010001000100010001000100010001000100010001000100010001000100010001000100010001000100010001000100010001000100010001000101
