1010100010001000100010001000100010001000100010001000100010001000100010001000100010001000100010001000100010001000100010001000100010001000100010001000100010001000100010001001
0010000000000000000000000000000000000000000000000000000000000000000000000000000000000000000000000000000000000000000000000000000000000000000000000000000000000000000000000001
0010000000000000000000000000000000000000000000000000000000000000000000000000000000000000000000000000000000000000000000000000000000000000000000000000000000000000000000000001
0010000000000000000000000000000000000000000000000000000000000000000000000000000000000000000000000000000000000000000000000000000000000000000000000000000000000000000000000001
0010000000000000000000000000000000000000000000000000000000000000000000000000000000000000000000000000000000000000000000000000000000000000000000000000000000000000000000000001
0010000000000000000000000000000000000000000000000000000000000000000000000000000000000000000000000000000000000000000000000000000000000000000000000000000000000000000000000001
0010000000000000000000000000000000000000000000000000000000000000000000000000000000000000000000000000000000000000000000000000000000000000000000000000000000000000000000000001
0010000000000000000000000000000000000000000000000000100100000000000000000000000000000000000000000000000000000000000000000000000000000000000000001010000000000000000000000001
0010000000000000000000000000000000000000000000000000000100000000000000000000000000000000000000000000000000000000000000000000000000000000000000000010000000000000000000000001
0010000000000000000000000000000000000000000000000000000100000000000000000000000000000000000000000000000000000000000000000000000000000000000000000010000000000000000000000001
0010000000000000000000000000000000000000000000000000000100000000000000000000000000000000000000000000000000000000000000000000000000000000000000000010000000000000000000000001
0010000000000000000000000000000000000000000000000000000100000000000000000000000000000000000000000000000000000000000000000000000000000000000000000010000000000000000000000001
0010000000000000000000000000000000000000011001000100010001000100010001000100010001010000000000000000000000000000000000000000000000000000000010100010000000000000000000000001
0010000000000000000000000000000000000000000000000000000100000000000000000001000000000000000000000000000000000000000000000000000000000000000000100010000000000000000000000001
0010000000000000000000000000000000000000101010000110010001000100010001000100010001000100010001000100010001000100010001000100010001000101000000100010000000000000000000000001
0010000000000000000000000000000000000000000000000000000100000000000000000001000000000000000000000000000000000000000000000000000000000000000000100010000000000000000000000001
0010000000000000000000000000000000000000000000000000000100000000000000000001000000000000000000000000000000000000000000000000000000000000000000100010000000000000000000000001
0010000000000000000000000000000000000000000000000000000100000000000000000001000000000000000000000000000000000000000000000000000000000000000000100010000000000000000000000001
0010000000000000000000000000000000000000000000000000000100000000000000000001000000000000000000000000000000000000000000000000000000000000000000100010000000000000000000000001
0010000000000000000000000000000000000000000000000000000100000000000000000001000000000000000000000000000000000000000000000000000000000000000000100010000000000000000000000001
0010000000000000000000000000000000000000000000000000000100000000000000000001000000000000000000000000000000000000000000000000000000001010100010010010000000000000000000000001
0010000000000000000000000000000000000000000000000000000100000000000000000001000000000000000000000000000000000000000000000000000000000010000000010010000000000000000000000001
0010000000000000000000000000000000000000000000000000000100000000000000000001000000000000000000000000000000000000000000000000000000000010000000010010000000000000000000000001
0010000000000000000000000000000000000000000000001010100010001000100010001000100010001000100010001000100010001000100010010000000000000010000000010010000000000000000000000001
0010000000000000000000000000000000000000000000000000000100000000000000000001000000000000000000000000000000000000000000000000000000000010000000010010000000000000000000000001
0010000000000000000000000000000000000000000000000000000100000000000000000001000000000000000000000000000000001010100010010000000000000010000000010010000000000000000000000001
0010000000000000000000000000000000000000000000000000000100000000000000000001000000000000000000000000101010001001000000010000000000000110010001010010000000000000000000000001
0010000000000000000000000000000000000000000000001010100010001000100010001000100010001000100010001000100010001000100010001000100010001001000010100010000000000000000000000001
0010000000000000000000000000000000000000000000000000000100000000000000000001000000000000000000000000001000000001000000010000000000000001000000100010000000000000000000000001
0010000000000000000000000000000000000000000000000000000100000000000000000001000000000000000000000000001000000001000000010000000000000001000000100010000000000000000000000001
0010000000000000000000000000000000000000000000000000000100000000000000000001000000000000000000000000001000000001101010001001000000000001000000100010000000000000000000000001
0010000000000000000000000000000000000000000000000000000100000000000000000001000000000000000000000000001000000001001001010001000000000001000000100010000000000000000000000001
0010000000000000000000000000000000000000000000000000000100000000000000000001000000000000000000000000011001000101001000000001000000000001000000100010000000000000000000000001
0010000000000000000000000000000000000000000000000000000100000000000000000001000000000000000000000000000000000000001000000001000000000001000000100010000000000000000000000001
0010000000000000000000000000000000000000000000000000000100000000000000000001000000000000000000000000000000001010100010010001000000000001000000100010000000000000000000000001
0010000000000000000000000000000000000000000000000000000100000000000000000001000000000000000000000000000000000010001000010001000000000001000000100010000000000000000000000001
0010000000000000000000000000000000000000000000000000000100000000000000000001000000000000000000000000000000000010011000010101000000000001000000100010000000000000000000000001
0010000000000000000000000000000000000000000000000000000100000000000000000101000000000000000000000000000000000010000000010000000000000101000001100010000000000000000000000001
0010000000000000000000000000000000000000000000000000010100000000000000000000000000000000000000000000000000000010000000010000000000000000000000000110000000000000000000000001
0010000000000000000000000000000000000000000000000000000000000000000000000000000000000000000000000000000000000010000000010000000000000000000000000000000000000000000000000001
0010000000000000000000000000000000000000000000000000000000000000000000000000000000000000000000000000000000000110010001010000000000000000000000000000000000000000000000000001
0010000000000000000000000000000000000000000000000000000000000000000000000000000000000000000000000000000000000000000000000000000000000000000000000000000000000000000000000001
0010000000000000000000000000000000000000000000000000000000000000000000000000000000000000000000000000000000000000000000000000000000000000000000000000000000000000000000000001
0010000000000000000000000000000000000000000000000000000000000000000000000000000000000000000000000000000000000000000000000000000000000000000000000000000000000000000000000001
0010000000000000000000000000000000000000000000000000000000000000000000000000000000000000000000000000000000000000000000000000000000000000000000000000000000000000000000000001
0110010001000100010001000100010001000100010001000100010001000100010001000100010001000100010001000100010001000100010001000100010001000100010001000100010001000100010001000101
