1010100010001000100010001000100010001000100010001000100010001000100010001000100010001000100010001000100010001000100010001000100010001000100010001000100010001000100010001000100010001000100010001001
0010000000000000000000000000000000000000000000000000000000000000000000000000000000000000000000000000000000000000000000000000000000000000000000000000000000000000000000000000000000000000000000000001
0010000000000000000000000000000010010000000000000000000000000000000000000000000000000000000000000000000000000000000000001010000000000000000000000000000000000000000000000000000000000000000000000001
0010000000000000000000000000000000010000000000000000000000000000000000000000000000000000000000000000000000000000000000000010000000000000000000000000000000000000000000000000000000000000000000000001
0010000000000000000000000000000000010000000000000000000000000000000000000000000000000000000000000000000000000000000000000010000000000000000000000000000000000000000000000000000000000000000000000001
0010000000000000000000000000000000010000000000000000000000000000000000000000000000000000000000000000000000000000000000000010000000000000000000000000000000000000000000000000000000000000000000000001
0010000000000000000000000000000000010000000000000000000000000000000000000000000000000000000000000000000000000000000000000010000000000000000000000000000000000000000000000000000000000000000000000001
0010000000000000000000000000000000010000000000000000000000000000000000000000000000000000000000000000000000000000000000000010000000000000000000000000000000000000000000000000000000000000000000000001
0010000000000000000000000000000000010000000000000000000010010000000000000000000000000000000000000000000000000000000000000010101000000000000000000000000000000000000000000000000000000000000000000001
0010000000000000000000000000000000010000000000000000000000010000000000000000000000000000000000000000000000000000000000000010001000000000000000000000000000000000000000000000000000000000000000000001
0010000000000000000000000000000000010000000000000000000000010000000000000000000000000000000000000000000000000000000000000010001000000000000000000000000000000000000000000000000000000000000000000001
0010000000000000000000000000000000010000000000000000000000010000000000000000000000000000000000000000000000000000000000000010001000000000000000000000000000000000000000000000000000000000000000000001
0010000000000000000000000000000000010000000000000000000000010000000000001001000000000000000000000000000000000000000000000010001000000000000000000000000000000000000000000000000000000000000000000001
0010000000000000000000000000000000010000000000000000000000010000000000000001000000000000000000000000000000000000000000000010001000000000000000000000000000000000000000000000000000000000000000000001
0010000000000000000000000000000000011010100010010000000000010000000000000001000000000000000000000000000000000000000000000010001000000000000000000000000000000000000000000000000000000000000000000001
0010000000000000000000000000000000010010000000010000000000010000000000000001000000000000000000000000000000000000000000000010001000000000000000000000000000000000000000000000000000000000000000000001
0010000000000000000000000000000000010010000000010000000000010000000000000001000000000000000000000000000000000000000000000010001000000000000000000000000000000000000000000000000000000000000000000001
0010000000000000000000000000000000010010000000010000000000010000000000000001000000000000000000000000000000000000000000000010001000000000000000000000000000000000000000000000000000000000000000000001
0010000000000000000000000000000000010010000000010000000000010000011001000100010001000100010001000100010001000100010001010010001000000000000000000000000000001010100010010000000000000000000000000001
0010000000000000000000000000000000010010000000010000000000010000000000000001000000000000000000000000000000000000000000000010001000000000000000000000000000000010000000010000000000000000000000000001
0010101010001001000000001010100010010110010001010000000000010000000000000101000000000000000000000000000000000000000000000010001000000000000000000000000000000010000000010000000000000000000000000001
0010001000000001000000000010000000010000000000000000000000010000000000000000000000000000000000001010100010001001000000000010001000000000000000000000000000000010000000010000000000000000000000000001
0010001000000001000000000010000000010000000000000000000000010000000000000000000000000000000000000010000000000001000000000010001000000000000000000000000000000010000000010000000000000000000000000001
0010001000000001000000000010000000010000000000000000000000010000101010001000100010001000100010001000100010001000100010010010001000000000000000000000000000000010000000010000000000000000000000000001
0010001000000001000000000010000000010000000000000000000000010000000000000000000000000000000000000010000000000001000000000010001000000000000000000000000000000110010001010000000000000000000000000001
0010001000000001000000000010000000010000000000000000000000010000000000000000000000000000000000000010000000000001000000000010001000000000000000000000000000000000000000000000000000000000000000000001
0010011001000101000000000110010001010000000000000000000000010000000000000000000000000000000000000110010001000101000000000010001000000000000000000000000000000000000000000000000000000000000000000001
0010000000000000000000000000000000010000000000000000000000010000000000000000000000000000000000000000000000000000000000000010001000000000000000000000000000000000000000000000000000000000000000000001
0010000000000000000000000000000000010000000000000000000000010000000000000000000000000000000000000000000000000000000000000010001000000000000000000000000000000000000000000000000000000000000000000001
0010000000000000000000000000000000010000000000000000000000010000000000000000000000000000000000000000000000000000000000000010001000000000000000000000000000000000000000000000000000000000000000000001
0010000000000000000000000000000000010000000000000000000000010000000000000000000000000000000000000000000000000000000000000010001000000000000000000000000000000000000000000000000000000000000000000001
0010000000000000000000000000000000010000000000000000000000010000000000000000000000000000000000000000000000000000000000000010001000000000000000000000000000000000000000000000000000000000000000000001
0010000000000000000000000000000001010000000000000000000000010000000000000000000000000000000000000000000000000000000000000110001000000000000000000000000000000000000000000000000000000000000000000001
0010000000000000000000000000000000000000000000000000000001010000000000000000000000000000000000000000000000000000000000000000011000000000000000000000000000000000000000000000000000000000000000000001
0010000000000000000000000000000000000000000000000000000000000000000000000000000000000000000000000000000000000000000000000000000000000000000000000000000000000000000000000000000000000000000000000001
0010000000000000000000000000000000000000000000000000000000000000000000000000000000000000000000000000000000000000000000000000000000000000000000000000000000000000000000000000000000000000000000000001
0010000000000000000000000000000000000000000000000000000000000000000000000000000000000000000000000000000000000000000000000000000000000000000000000000000000000000000000000000000000000000000000000001
0010000000000000000000000000000000000000000000000000000000000000000000000000000000000000000000000000000000000000000000000000000000000000000000000000000000000000000000000000000000000000000000000001
0010000000000000000000000000000000000000000000000000000000000000000000000000000000000000000000000000000000000000000000000000000000000000000000000000000000000000000000000000000000000000000000000001
0110010001000100010001000100010001000100010001000100010001000100010001000100010001000100010001000100010001000100010001000100010001000100010001000100010001000100010001000100010001000100010001000101
