101010001000100010001000100010001000100010001000100010001000100010001000100010001000100010001000100010001000100010001000100010001000100010001000100010001000100010001001
001000000000000000000000000000000000000000000000000000000000000000000000000000000000000000000000000000000000000000000000000000000000000000000000000000000000000000000001
001000000000000000000000000000000000000000000000000000000000000000000000000000000000000000000000000000000000000000000000000000000000000000000000000000000000000000000001
001000000000000000000000000000000000100100000000000000000000000000000000000000000000000000000000000000000000000000000000101000000000000000000000000000000000000000000001
001000000000000000000000000000000000000100000000000000000000000000000000000000000000000000000000000000000000000000000000001000000000000000000000000000000000000000000001
001000000000000000000000000000000000000100000000000000000000000000000000000000000000000000000000000000000000000000000000001000000000000000000000000000000000000000000001
001000000000000000000000000000000000000100000000000000000000000000000000000000000000000000000000000000000000000000000000001000000000000000000000000000000000000000000001
001000000000000000000000000000000000000100000000000000000000000000000000000000000000000000000000000000000000000000000000001000000000000000000000000000000000000000000001
001000000000000000000000000000000000000100000000000000000000000000000000000000000000000000000000000000000000000000000000001000000000000000000000000000000000000000000001
001000000000000000000000000000000000101010001000100010001000100100000000000000000000000000000000000000000000000000000000001000000000000000000000000000000000000000000001
001000000000000000000000000000000000001000001010100010010000000100000000000000000000000000000000000000000000000000000000001000000000000000000000000000000000000000000001
001000000000000000000000000000000000011001000010010000010100010100000000000000000000000000000000000000000000000000000000001000000000000000000000000000000000000000000001
001000000000000000000000000000000000000100000010000000010000000000000000000000000000000000000000000000000000000000000000001000000000000000000000000000000000000000000001
001000000000000000000000000000000000000100000010000000010000000000000000000010010000000000000000000000000000000000000000001000000000000000000000000000000000000010100001
001000000000000000000000000000000000000100000010000000010000000000000000000000010000000000000000000000000000000000000000001000000000000000000000000000000000000000100001
001000000000000000000000000000000000000100000010000000010000000010101000100100010000000000000000000000000000000000000000001000000000000000000000000000001010100010010001
001000000000000000000000000000000000000100000110010001010000000000100000000100010000000000000000000000000000000000000000001000000000000000000000000000000010000000010001
001000000000000000000000000000000000000100000000000000000000000000100000000100010000000000000000000000000000000000000000001000000000000000000000000000000010000000010001
001000000000000000000000000000000000000100000000000000000000000000100000000100010000000000000000000000000000000000000000001000000000000000000000000000000010000000010001
001000000000000000000000000000000000000100000000000000000000000000100000000100010000000000000000000000000000000000000000001000000000000000000000000000000010000000010001
001000000000000000000000000000000000000100000000000000000000000000100000000100010000000000000000000000000000000000000000001000000000000000000000000000000010000000010001
001000000000000000000000000000000000000100000000000000000000000001100100010100010000000000001010100010010000000000000000001000001010100010010000000000000110010001010001
001000000000000000000000000000000000000100000000000000000000000000000000000000010000000000000010000000010000000000000000001000000010000000010000000000000000000000100001
001000000000000000000000000000000000000100000000000000000000000000000000000000010000000000000010000000010000000000000000001000000010000000010000000000000000000000100001
001000000000000000000000000000000000000100000000000000000000000000000000000000010000000000000010101010001000100010001000100100000010000000010000000000000000000000100001
001000000000000000000000000000000000000100000000000000000000000000000000000000010000000000000010001000010000000000000000000100000010000000010000000000000000000000100001
001000000000000000000000000000000000000100000000000000000000000000000000000000010000000000000010011001000100010001000100010100000010000000010000000000000000000000100001
001000000000000000000000000000000000000100000000000000000000000000000000000000010000000000000110010001010000000000000000001000000110010001010000000000000000000000100001
001000000000000000000000000000000000000100000000000000000000000000000000000000010000000000000000000000000000000000000000001000000000000000000000000000000000000000100001
001000000000000000000000000000000000000100000000000000000000000000000000000000010000000000000000000000000000000000000000001000000000000000000000000000000000000000100001
001000000000000000000000000000000000000100000000000000000000000000000000000000010000000000000000000000000000000000000000001000000000000000000000000000000000000000100001
001000000000000000000000000000000000000100000000000000000000000010101000100100010000000000000000000000000000000000000000001000000000000000000000000000000000000000100001
001000000000000000001010100010010000010100000000000000000000000000100000000100010000000000000000000000000000000000000000011000000000000000000000000000000000000000100001
001000000000000000001010100010010000000000000000000000000000000000100000000100010000000000000000000000000000000000000000000000000000000000000000000000000000000000100001
001000000000000000000010000000010000000000000000000000000000000000100000000100010000000000000000000000000000000000000000000000000000000000000000000000000000000000100001
001000000000000000000010000000010000000000000000000000000000000000100000000100010000000000000000000000000000000000000000000000000000000000000000000000000000000000100001
001000000000000000000010000000010000000000000000000000000000000000100000000100010000000000000000000000000000000000000000000000000000000000000000000000000000000000100001
001000000000000000000010000000010000000000000000000000000000000001100100010100010000000000000000000000000000000000000000000000000000000000000000000000000000000000100001
001000000000000000000010010000010000000000000000000000000000000000000000000000010000000000000000000000000000000000000000000000000000000000001010100010010000000000100001
001000000000000000000110010001010000000000000000000000000000000000000000000000010000000000000000000000000000000000000000000000000000000000000010000000010000000000100001
001000000000000000000000000000000000000000000000000000000000000000000000000000010000000000000000000000000000000000000000000000000000000000000010000000010000000000100001
001000000000000000000000000000000000000000000000000000000000000000000000000000010000000000000000000000000000000000000000000000000000000000000010000000010000000000100001
001000000000000000000000000000000000000000000000000000000000000000000000000001010000000000000000000000000000000000000000000000000000000000000010000000010000000001100001
001000000000000000000000000000000000000000000000000000000000000000000000000000000000000000000000000000000000000000000000000000000000000000000010000000010000000000000001
001000000000000000000000000000000000000000000000000000000000000000000000000000000000000000000000000000000000000000000000000000000000000000000110010001010000000000000001
001000000000000000000000000000000000000000000000000000000000000000000000000000000000000000000000000000000000000000000000000000000000000000000000000000000000000000000001
011001000100010001000100010001000100010001000100010001000100010001000100010001000100010001000100010001000100010001000100010001000100010001000100010001000100010001000101
