1010100010001000100010001000100010001000100010001000100010001000100010001000100010001000100010001000100010001000100010001000100010001000100010001001
0010000000000000001000000001000000000000000000000000000000000000000000000000000000000000000000000000000000000010000000000000000000000000000000000001
0010000000000000001000000001000000000000000000000000000000000000000000000000000000000000000000000000000000000010000000000000000000000000000000000001
0010000000000000001000000001000000001001000000000000000000000000000000000000000000000000000000001010100010010010000000000000000000000000101000000001
0010000000000000001000000001000010101000100100000000000000000000000000000000000000000000000000000010000000010010000000000000000000000000001000000001
0010000000000000001000000001000000100001000100000000000000000000000000000000000000000000000000000010000000010010000000000000000000000000001000000001
0010000000000000011001000001000000100001000100000000000000000000000000000000000000000000000000000010000000010010000000000000000000000000001000000001
0010000000000000000000000001000000100001000100000000000000000000000000000000000000000000000000000010000000010010000000000000000000000000001000000001
0010000000000000000000000001000000100001000100000000000000000000000000000000000000000000000000000010000000010010000000000000000000000000001000000001
0010000000000000000000000001000010101000100100000000000000000000000000000000000000000000000000000110010001010010000000000000000000000000001000000001
0010000000000000000000000001000000100100000100000000000000000000000000000000000000000000000000000000000000000010000000000000000000000000001000000001
0010000000000000000000000001000000100001000100000000000000000000000000000000000000000000000000000000000000000010000000000000000000000000001000000001
0010000000000000000000000001000000100001000100000000000000000000000000000000000000000000000000000000000000000010000000000000000000000000001000000001
0010000000000000000000000001000000100001000100000000000000000000000000000000000000000000000000000000000000000010000000000000000000000000001000000001
0010000000000000000000000001000000100001000100000110010001000100010001000100010001000101000000000000000000000010000000000000000000000000001000000001
0010000000000000000000000001000001100100010100001010100010001000100010001000100010001001000000000000000000000010000000000000000000000000001000000001
0010000000000000000000000001000000000001000000000000000000000000000000000000000000000000000000000000000000000010000000000000000000000000001000000001
0010000000000000000000000001000000000001000000000000000000000000000000000000000000000000000000000000000000000010000000000000000000000000001000000001
0010000000000000000000000001000000000001000000000000000000000000000000000000000000000000000000000000000000000010000000000000000000000000001000000001
0010000000000000000000000001000000000001000000000000000000000000000000000000000000000000000000000000000000000010000000000000000000000000001000000001
0010000000000000000000000001000000000001000000000000000000000000000000000000000000000000000000000000000000000010000000000000000000000000001000000001
0010000000000000000000000001000000000001000000000000000000000000000000000000000000000000000000000000000000000010000000000000000000000000001000000001
0010000000000000000000000001000000000001000000000000000000000000000000000000000000000000000000000000000000000010000000000000000000000000001000000001
0010000000000000000000000001000000000001000000000000000000000000000000000000000000000000000000000000000000000010000000000000000000000000001000000001
0010000000000000000000000001000000000001000000000000000000000000000000000000000000000000000000000000000000000010000000000000000000000000001000000001
0010000000000000000000000001000000000001000000000000000000000000000000000000000000000000000000000000000000000010000000000000100110100000001000000001
0010000000000000000000000001000000000001000000000000000000000000000000000000000000000000000000000000000000000010000000000000000100100000001000000001
0010000000000000000000000001000000000001000000000000000000000000000000000000000000000000000000000000000000000010000000000000000100100000001000000001
0010000000000000000000000001000000000001000000000000000000000000000000000000000000000000000000000000000000000010000000000000000100100000001000000001
0010000000000000000000000101000000000001000000000000000000000000000000000000101010001001000000000000000000000110000000000000000100100000001000000001
0010000000000000000000000000000000000001000000000000000000000000000000000000001000000001000000000000000000000000000000000000000100100000001000000001
0010000000000000000000000000000000000001000000000000000000000000000000000000001000000001000000000000000000000000000000000000000100100000001000000001
0010000000000000000000000000000000000001000000000000000000000000000000000000001000000001000000000000000000000000000000000000000100100000001000000001
0010000000000000000000000000000000000001000000000000000000000000000000000000001000000001000000000000000000000000000000000000000100100000001000000001
0010000000000000000000000000000000000001000000000000000000000000000000000000001000000001000000000000000000000000000000000000010101100000001000000001
0010000000000000000000000000000000000001000000000000000000000000000000000000011001000101000000000000000000000000000000000000000000000000001000000001
0010000000000000000000000000000000000101000000000000000000000000000000000000000000000000000000000000000000000000000000000000000000000000011000000001
0010000000000000000000000000000000000000000000000000000000000000000000000000000000000000000000000000000000000000000000000000000000000000000000000001
0010000000000000000000000000000000000000000000000000000000000000000000000000000000000000000000000000000000000000000000000000000000000000000000000001
0010000000000000000000000000000000000000000000000000000000000000000000000000000000000000000000000000000000000000000000000000000000000000000000000001
0010000000000000000000000000000000000000000000000000000000000000000000000000000000000000000000000000000000000000000000000000000000000000000000000001
0010000000000000000000000000000000000000000000000000000000000000000000000000000000000000000000000000000000000000000000000000000000000000000000000001
0010000000000000000000000000000000000000000000000000000000000000000000000000000000000000000000000000000000000000000000000000000000000000000000000001
0010000000000000000000000000000000000000000000000000000000000000000000000000000000000000000000000000000000000000000000000000000000000000000000000001
0010000000000000000000000000000000000000000000000000000000000000000000000000000000000000000000000000000000000000000000000000000000000000000000000001
0010000000000000000000000000000000000000000000000000000000000000000000000000000000000000000000000000000000000000000000000000000010101000100100000001
0010000000000000000000000000000000000000000000000000000000000000000000000000000000000000000000000000000000000000000000000000000000100000000100000001
0010000000000000000000000000000000000000000000000000000000000000000000000000000000000000000000000000000000000000000000000000000000100000000100000001
0010000000000000000000000000000000000000000000000000000000000000000000000000000000000000000000000000000000000000000000000000000000100000000100000001
0010000000000000000000000000000000000000000000000000000000000000000000000000000000000000000000000000000000000000000000000000000000100000000100000001
0010000000000000000000000000000000000000000000000000000000000000000000000000000000000000000000000000000000000000000000000000000000100000000100000001
0010000000000000000000000000000000000000000000000000000000000000000000000000000000000000000000000000000000000000000000000000000001100100010100000001
0110010001000100010001000100010001000100010001000100010001000100010001000100010001000100010001000100010001000100010001000100010001000100010001000101
