101010001000100010001000100010001000100010001000100010001000100010001000100010001000100010001000100010001000100010001000100010001000100010001000100010001000100010001000100010001000100010001000100010001001
001000000000000000000000000000000000000000000000000000000000000000000000000000000000000000000000000000000000000000000000000000000000000000000000000000000000000000000000000000000000000000000000000000000001
001000000000000000000000000000000000000000000000000000000000000000000000000000000000000000000000000000000000000000000000000000000000000000000000000000000000000000000000000000000000000000000000000000000001
001000000000000000000000000000000000000000000000000000000000000000000000000000000000000000000000000000000000000000000000000000000000000000000000000000000000000000000000000000000000000000000000000000000001
001000000000000000000000000000000000000000000000000000000000000000000000101010001001000000000000000000000000000000000000000000000000000000000000000000000000000000000000000000000000000000000000000000000001
001000000000000000000000000000000000000000000000000000000000000000000000001000000001000000000000000000000000000000000000000000000000000000000000000000000000000000000000000000000000000000000000000000000001
001000000000000000000000000000000000000000000000000000000000000000000000001000000001000000000000000000000000000000000000000000000000000000000000000000000000000000000000000000000000000000000000000000000001
001000000000000000000000000000000000000000000000000000000000000000000000001000000001000000000000000000000000000000000000000000000000000000000000000000000000000000000000000000000000000000000000000000000001
001000000000000000000000000000000000000000000000000000000000000000000000001000000001000000000000000000000000000000000000000000000000000000000000000000000000000000000000000000000000000000000000000000000001
001000000000000000000000000000000000000000000000000000000000000000000000001000000001101010001001000000000000000000000000000000000000000000000000000000000000000000000000000000000000000000000000000000000001
001000000000000000000000000000000000000000000000000000000000000010010000011001000101001000000001000000000000000000000000000000001010000000000000000000000000000000000000000000000000000000000000000000000001
001000000000000000000000000000000000000000000000000000000000000000010000000000000000001000000001000000000000000000000000000000000010000000000000000000000000000000000000000000000000000000000000000000000001
001000000000000000000000000000000000000000000000000000000000000000010000000000000000001000000001000000000000000000000000000000000010000000000000000000000000000000000000000000000000000000000000000000000001
001000000000000000000000000000000000000000000000000000000000000000010000000000000000001000000001000000000000000000000000000000000010000000000000000000000000000000000000000000000000000000000000000000000001
001000000000000000000000000000000000000000000000000000000000000000010000000000000000001000000001000000000000000000000000000000000010000000000000000000000000000000000000000000000000000000000000000000000001
001000000000000000000000000000000000000000000000000000000000000000010000000000000000011001000101000000000000000000000000000000000010000000000000000000000000000000000000000000000000000000000000000000000001
001000000000000000000000000000000000000000000000000000000000000000010000000000001010100010010000000000000000000000000000000000000010000000000000000000000000000000000000000000000000000000000000000000000001
001000000000000000000000000000000000000000000000000000000000000000010000000010101000100010001001000000000000000000000000000000000010000000000000000000000000000000000000000000000000000000000000000000000001
001000000000000000000000000000000000000000000000000000000000000000010000000000100010000000010001000000000000000000000000000000000010000000000000000000000000000000000000000000000000000000000000000000000001
001000000000000000000000000000000000000000000000000000000000000000010000000000100010000000010001000010010000000000000000000000000010000000001010000000000000000000000000000000000000000000000000000000000001
001000000000000000000000000000000000000000000000000000000000000000010000000000100010000000010001000000010000000000000000000000000010000000000010000000000000000000000000000000000000000000000000000000000001
001000000000000000000000000000000000000000000000000000000000000000010000000001100100010001000101000000010000000000000000000000000010000000000010000000000000000000000000000000000000000000000000000000000001
001000000000000000000000000000000000000000000000000000000000000000010000000000000110010001010000000000010000000000000000000000000010000000000010000000000000000000000000000000000000000000000000000000000001
001000000000000000000000000000000000000000000000000000000000000000010000000000000000000000000000000000010000000000000000000000000010000000000010000000000000000000000000000000000000000000000000000000000001
001000000000000000000000000000000000000000000000000000000000000000010000000000000000000000000000000000010000000000000000000000000010000000000010000000000000000000000000000000000000000000000000000000000001
001000000000000000000000000000000000000000000000000000000000000000010000000000000000000000000000000000010000000000000000000000000010000000000010000000000000000000000000000000000000000000000000000000000001
001000000000000000000000000000000000000000000000000000000000000000010000000000000000000000000000000000010000000000000000000010101001000000000010000000000000000000000000000000000000000000000000000000000001
001000000000000000000000000000000000000000000000000000000000000000010000000000000000000000000000000000010000000000000000000000100001000000000010000000000000000000000000000000000000000000000000000000000001
001000000000000000000000000000000000000000000000000000000000000000010000000000000000000000000000000000010000000000000000000000100001000000000010000000000000000000000000000000000000000000000000000000000001
001000000000000000000000000000000000000000000000000000000000000000010000000000000000000000000000000000010000000000000000000000100001000000000010000000000000000000000000000000000000000000000000000000000001
001000000000000000000000000000000000000000000000000000000000000000010000000000000000000000000000000000010000000000000000000000100001000000000010000000000000000000000000000000000000000000000000000000000001
001000000000000000000000000000000000000000000000000000000000000000010000000000000000000000000000000000010000000000000000000000100001000000000010000000000000000000000000000000000000000000000000000000000001
001000000000000000000000000000000000000000000000000000000000000000010000000000000000000000000000000000010000000000000000000000100001000000000010000000000000000000000000000000000000000000000000000000000001
001000000000000000000000000000000000000000000000000000000000000000010000000000000000000000000000000000010000000000000000000001100101000000000010000000000000000000000000000000000000000000000000000000000001
001000000000000000000000000000000000000000000000000000000000000001010000000000000000000000000000000000010000000000000000000000000110000000000010000000000000000000000000000000000000000000000000000000000001
001000000000000000000000000000000000000000000000000000000000000000000000000000000000000000000000000000010000000000000000000000000000000000000010000000000000000000000000000000000000000000000000000000000001
001000000000000000000000000000000000000000000000000000000000000000000000000000000000000000000000000000010000000000000000000000000000000000000010000000000000000000000000000000000000000000000000000000000001
001000000000000000000000000000000000000000000000000000000000000000000000000000000000000000000000000001010000000000000000000000000000000000000110000000000000000000000000000000000000000000000000000000000001
011001000100010001000100010001000100010001000100010001000100010001000100010001000100010001000100010001000100010001000100010001000100010001000100010001000100010001000100010001000100010001000100010001000101
