1010100010001000100010001000100010001000100010001000100010001000100010001000100010001000100010001000100010001000100010001000100010001000100010001000100010001000100010001000100010001001
0010000000000000000000000000000000000000000000000000000000000000000000000000000000000000000000000000000000000000000000000000000000000000000000000000000000000000000000000000000000000001
0010000000000000000000000000000000000000000000000000000000000000000000000000000000000000000000000000000000000000000000000000000000000000000000000000000000000000000000000000000000000001
0010000000000000000000000000000000000000000000000000000000000000000000000000000000000000000000000000000000000000000000000000000000000000000000000000000000000000000000000000000000000001
0010000000000000000000000000000000000000000000000000000000000000000000000000000000000000000000000000000000000000000000000000000000000000000000000000000000000000000000000000000000000001
0010000000000000000000000000000000000000000000000000000000000000000000000000000000000000000000000000000000000000000000000000000000000000000000000000000000000000000000000000000000000001
0010000000000000000000000000000000000000000000000000000000000000000000000000000000000000000000000000000000000000000000000000000000000000000000000000000000000000000000000000000000000001
0010000000000000000000000000000000000000000000000000100100000000000000000000000000000000000000000000000000000000000000000000000000000000000000000000000010100000000000000000000000000001
0010000000000000000000000000000000000000000000000000000100000000000000000000000000000000000000000000000000000000000000000000000000000000000000000000000000100000000000000000000000000001
0010000000000000000000000000000000000000000000000000000100001001000000000000000000000000000000000000000000000000000010100000000000000000000000000000000000100000000000000000000000000001
0010000000000000000000000000000000000000000000000000000100000001000000000000000000000000000000000000000000000000000000100000000000000000000000000000000000100000000000000000000000000001
0010000000000000000000000000000000000000000000000000000100000001000000000000000000000000000000000000000000000000000000100000000000000000000000000000000000100000000000000000000000000001
0010000000000000000000000000000000000000000000001010100010010001000000000000000000000000000000000000000000000000000000100000000000000000000000000000000000100000000000000000000000000001
0010000000000000000000000000000000000000000000000010000100010001000000000000000000000000000000000000000000000000000000100000000000000000000000000000000000100000000000000000000000000001
0010000000000000000000000000000000000000000000000010000100010001000000000000000000000000000000000000000000000000000000100000000000000000000000000000000000100000000000000000000000000001
0010000000000000000000000000000000000000000000000010000100010001000000000000000000000000000000000000000000000000000000100000000000000000000000000000000000100000000000000000000000000001
0010000000000000000000000000000000000000000000000010000100010001000000000000000000000000000000000000000000000000000000100000000000000000000000000000000000100000000000000000000000000001
0010000000000000000000000000000000000000000000000010000100010001000000000000000000000000000000000000000000000000000000100000000000000000000000000000000000100000000000000000000000000001
0010000000000000000000000000000000000000000000000110010001010001000000000000000000000000000000000000000000000000000000100000000000000000000000000000000000100000000000000000000000000001
0010000000000000000000000000000000000000000000000000000100000001000000000000000000000000000000000000000000000000000000100000000000000000000000000000000000100000000000000000000000000001
0010000000000000000000000000000000000000000000000000000100000001000000000000000000000000000000000000000000000000000000100000000000000000000000000000000000100000000000000000000000000001
0010000000000000000000000000000000000000000000000000000100000001000000000000000000000000000000000000000000000000000000100000000000000000000000000000000000100000000000000000000000000001
0010000000000000000000000000000000000000000000000000000100000001000000000000000000000000000000000000000000000000000000100000000000000000000000000000000000100000000000000000000000000001
0010000000000000000000000000000000000000000000000000000100000001000000000000000000000000000000000000000000000000000000100000000000000000000000000000000000100000000000000000000000000001
0010000000000000000000000000000000000000000000000000000100000001000000000000000000000000000000000000000000000000000000100000000000000000000000000000000000100000000000000000000000000001
0010000000000000000000000000000000000000000000000000000100000001000000000000000000000000000000000000000000000000000000100000000000000000000000000000000000100000000000000000000000000001
0010000000000000000000000000000000000000000000000000000100000001000000000000000000000000000000000000000000000000000000100000000000000000000000000000000000100000000000000000000000000001
0010000000000000000000000000000000000000000000000000000100000001000000000000000000000000000000000000000000000000000000100000000000000000000000000000000000100000000000000000000000000001
0010000000000000000000000000000000000000000000000000000100000001000000000000000000000000000000000000000000000000000000100000000000000000000000000000000000100000000000000000000000000001
0010000000000000000000000000000000000000000000000000000100000001000000000000000000000000000000000000000000000000000000100000000000000000000000000000000000100000000000000000000000000001
0010000000000000000000000000000000000000000000000000000100000001000000000000000000000000000000000000000000000000000000100000000000000000000000000000000000100000000000000000000000000001
0010000000000000000000000000000000000000000000000000000100000101000000000000000000000000000000000000000000000000000010101000100100000000000000000000000000100000000000000000000000000001
0010000000000000000000000000000000000000000000000000000100000000000000000000000000000000000000000000000000000000000000100000000100000000000000000000000000100000000000000000000000000001
0010000000000000000000000000000000000000000000000000000100000000000000000000000000000000000000000000000000000000000000100000000100000000000000000000000000100000000000000000000000000001
0010000000000000000000000000000000000000000000000000000100000000000000000000000000000000000000000000000000000000000000100000000100000000000000000000000000100000000000000000000000000001
0010000000000000000000000000000000000000000000000000000100000000000000000000000000000000000000000000000000000000000000100000000100000000000000000000000000100000000000000000000000000001
0010000000000000000000000000000000000000000000000000000100000000000000000000000000000000000000000000000000000000000000100000000100000000000000000000000000100000000000000000000000000001
0010000000000000000000000000000000000000000000000000000100000000000000000000000000000000000000000000000000000000000001100100010100000000000000000000000000100000000000000000000000000001
0010000000000000000000000000000000000000000000000000000100000000000000000000000000000000000000000000000000000000000000000000000000000000000000000000000000100000000000000000000000000001
0010000000000000000000000000000000000000000000000000000100000000000000000000000000000000000000000000000000000000000000000000000000000000000000000000000000100000000000000000000000000001
0010000000000000000000000000000000000000000000000000010100000000000000000000000000000000000000000000000000000000000000000000000000000000000000000000000001100000000000000000000000000001
0010000000000000000000000000000000000000000000000000000000000000000000000000000000000000000000000000000000000000000000000000000000000000000000000000000000000000000000000000000000000001
0110010001000100010001000100010001000100010001000100010001000100010001000100010001000100010001000100010001000100010001000100010001000100010001000100010001000100010001000100010001000101
