101010001000100010001000100010001000100010001000100010001000100010001000100010001000100010001000100010001000100010001000100010001000100010001001
001000000000000000000000000000000000000000000000000000000000000000000000000000000000000000000000000000000000000000000000000000000000000000000001
001000000000000000000000000000001001000000000000000000000000000000000000000000000000000000000000000000000000000000000000000000000000000000000001
001000000000000000000000000000000001000000000000000000000000000000000000000000000000000000000000000000000000000000000000000000000000000000000001
001000000000000000000000000000000001000000000000000000000000000000000000000000000000000000000000000000000000000000000000000000000000000000000001
001000000000000000000000000000000001000000000000000000000000000000000000000000000000000000000000000000000000000000000000000000000000000000000001
001000000000000000000000000000000001000000000000000000000000000000000000000000000000000000000000000000000000000000000000000000000000000000000001
001000000000000000000000000000000001000000000000000000000000000000000000000000000000000000000000000000000000000000000000000000000000000000000001
001000000000000000000000000000000001000000000000000000001001000000000000000000000000000000000000000000000000101000000000000000000000000000000001
001000000000000000000000000000000001000000000000000000000001000000000000000000000000000000000000000000000000001000000000000000000000000000000001
001000000000000000000000000000000101000000000000000000000001000010010000101000000000000000000000101000000000001000000000000000000000000000000001
001000000000000000000000000000000000000000000000000000000001000000011001001000000000000000000000001000001010001000000000000000000000000000000001
001000000000000000000000000000000000000000000000000000000001000000010001001000000000000000000000001000000010001000000000000000000000000000000001
001000000000000000000000000000000000000000000000000000000001000000010001001000000000000000001010100010010010001000000000000000000000000000000001
001000000000000000000000000000000000000000000000000000000001000000010001001000000000000000000010001000010010001000000000000000000000000000000001
001000000000000000000000000000000000000000000000000000000001000000010001001000000000000000000010001000010010001000000000000000000000000000000001
001000000000000000000000000000000000000000000000000000000001000000010001001000000000000000000010001000010010001000000000000000000000000000000001
001000000000000000000000000000000000000000000000000000000001000000010001001000000000000000000010001000010010001000000000000000000000000000000001
001000000000000000000000000000000000000000000000000000000001000000010001001000000000000000000010001000010010001000000000000000000000000000000001
001000000000000000000000000000000000000000000000000000000001000000010001001000000000000000000110010001010010001000000000000000000000000000000001
001000000000000000000000000000000000000000000000000000000001000000010001011000000000000000000000001000000010001000000000000000000000000000000001
001000000000000000000000000000000000000000000000000000000001000000010001000000000000000000000000001000000010001000000000000000000000000000000001
001000000000000000000000000000000000000000000000000000000001000000010001000000000000000000000000001000000010001000000000000000000000000000000001
001000000000000000000000000000000000000000000000000000000001000000010001000000000000000000000000001000000010001000000000000000000000000000000001
001000000000000000000000000000000000000000000000000000000001000000010001000000000000000000000000001000000010001000000000000000000000000000000001
001000000000000000000000000000000000000000000000000000000001000000010001000000000000000000000000001000000010001000000000000000000000000000000001
001000000000000000000000000000000000000000000000000000000001000001010001000000000000000000000000011000001010100010010000000000000000000000000001
001000000000000000000000000000000000000000000000000000000001000000000001000000000000000000000000000000000010001000010000000000000000000000000001
001000000000000000000000000000000000000000000000000000000001000000000101000000000000000000000000000000000010001000010000000000000000000000000001
001000000000000000000000000000000000000000000000000000000101000000000000000000000000000000000000000000000010011000010000000000000000000000000001
001000000000000000000000000000000000000000000000000000000000000000000000000000000000000000000000000000000010000000010000000000000000000000000001
001000000000000000000000000000000000000000000000000000000000000000000000000000000000000000000000000000000010000000010000000000000000000000000001
001000000000000000000000000000000000000000000000000000000000000000000000101010001001000000000000000000000110010001010000000000000000000000000001
001000000000000000000000000000000000000000000000000000000000000000000000001000000001000000000000000000000000000000000000000000000000000000000001
001000000000000000000000000000000000000000000000000000000000000000000000001000000001000000000000000000000000000000000000000000000000000000000001
001000000000000000000000000000000000000000000000000000000000000000000000001000000001000000000000000000000000000000000000000000000000000000000001
001000000000000000000000000000000000000000000000000000000000000000000000001000000001000000000000000000000000000000000000000000000000000000000001
001000000000000000000000000000000000000000000000000000000000000000000000001000000001000000000000000000000000000000000000000000000000000000000001
001000000000000000000000000000000000000000000000000000000000000000000000011001000101000000000000000000000000000000000000000000000000000000000001
001000000000000000000000000000000000000000000000000000000000000000000000000000000000000000000000000000000000000000000000000000000000000000000001
001000000000000000000000000000000000000000000000000000000000000000000000000000000000000000000000000000000000000000000000000000000000000000000001
001000000000000000000000000000000000000000000000000000000000000000000000000000000000000000000000000000000000000000000000000000000000000000000001
001000000000000000000000000000000000000000000000000000000000000000000000000000000000000000000000000000000000000000000000000000000000000000000001
001000000000000000000000000000000000000000000000000000000000000000000000000000000000000000000000000000000000000000000000000000000000000000000001
001000000000000000000000000000000000000000000000000000000000000000000000000000000000000000000000000000000000000000000000000000000000000000000001
001000000000000000000000000000000000000000000000000000000000000000000000000000000000000000000000000010101000100100000000000000000000000000000001
001000000000000000000000000000000000000000000000000000000000000000000000000000000000000000000000000000100000000100000000000000000000000000000001
001000000000000000000000000000000000000000000000000000000000000000000000000000000000000000000000000000100000000100000000000000000000000000000001
001000000000000000000000000000000000000000000000000000000000000000000000000000000000000000000000000000100000000100000000000000000000000000000001
001000000000000000000000000000000000000000000000000000000000000000000000000000000000000000000000000000100000000100000000000000000000000000000001
001000000000000000000000000000000000000000000000000000000000000000000000000000000000000000000000000000100000000100000000000000000000000000000001
001000000000000000000000000000000000000000000000000000000000000000000000000000000000000000000000000001100100010100000000000000000000000000000001
001000000000000000000000000000000000000000000000000000000000000000000000000000000000000000000000000000000000000000000000000000000000000000000001
001000000000000000000000000000000000000000000000000000000000000000000000000000000000000000000000000000000000000000000000000000000000000000000001
011001000100010001000100010001000100010001000100010001000100010001000100010001000100010001000100010001000100010001000100010001000100010001000101
