1010100010001000100010001000100010001000100010001000100010001000100010001000100010001000100010001000100010001000100010001000100010001000100010001000100010001000100010001001
0010000000000000000000000000000000000000000000000000000000000000000000000000000000000000000000000000000000000000000000000000000000000000000000000000000000000000000000000001
0010000000000000000000000000000000000000000000000000000000000000000000000000000000000000000000000000000000000000000000000000000000000000000000000000000000000000000000000001
0010000000000000000000001010100010001001000000000000000000000000000000000000000000000000000000000000000000000000000000000000000000000000000000000000000000000000000000000001
0010000000000000000000000010000000000001000000000000000000000000000000000000000000000000000000000000000000000000000000000000000000000000000000000000000000000000000000000001
0010000000000000000000000010000000000001000010010000000000000000000000000000000000000000000000000000000000000000101000000000000000000000000000000000000000000000000000000001
0010000000000000000000000010000000000001000000010000000000000000000000000000000000000000000000000000000000000000001000000000000000000000000000000000000000000000000000000001
0010000000000000000000000010000000000001000000010000000000000000000000000000000000000000000000000000000000000000001000000000000000000000000000000000000000000000000000000001
0010000000000000000000000110010001000101000000010000000000000000000000000000000000000000000000000000000000000000001000000000000000000000000000000000000000000000000000000001
0010000000000000000000000000011001000100010001000100010001000100010001000100010001000100010001000100010001000100010001000100010001000100010001000100010001010000000000000001
0010000000000000000000000000000000000000000000010000000000000000000010101000100100000000000000000000000000000000001000000000000000000000000000000000000000000000000000000001
0010000000000000000000000000000000000000000000010000000000000000000000100000000100000000000000000000000000000000001000000000000000000000000000000000000000000000000000000001
0010000000000000000000000000000000000000000000010000000000000000000000100000000100000000000000000000000000000000001000000000000000000000000000000000000000000000000000000001
0010000000000000000000000000000000000000000000010000000000000000000000100000100100000000000000000000000000000000001000000000000000000000000000000000101000000000000000000001
0010000000000000000000000000000000000000000000010000000000000000000000100000000100000000000000000000000000000000001000000000000000000000000000000000001000000000000000000001
0010000000000000000000000000000000000000000000010000000000000000000000100000000100000000000000000000000000000000001000000000000000000000000000000000001000000000000000000001
0010000000000000000000000000000000000000000000010000000000000000000001100100000100000000000000000000000000000000001000000000000000000000000000000000001000000000000000000001
0010000000000000000000000000000000000000000000010000000000000110010001000100010001000100010001000100010001000100010001000100010001000100010001000100010100000000000000000001
0010000000000000000000000000000000000000000000010000000000000000000000000000000100000000000000000000000000000000001000000000000000000000000000000000001000000000000000000001
0010000000000000000000000000000000000000000000010000000000000000000000000000000100000000000000000000000000000000001000000000000000000000000000000000001000000000000000000001
0010000000000000000000000000000000000000000000010000000000000000000000000000000100000000000000000000000000000000001000000000000000000000000000000000001000000000000000000001
0010000000000000000000000000000000000000000000010000000000000000000000000000000100000000000000000000000000000000001000000000000000000000000000000000001000000000000000000001
0010000000000000000000000000000000000000000000010000000000000000000000000000000100000000000000000000000000000000001000000000000000000000000000000000001000000000000000000001
0010000000000000000000000000000000000000000000010000000000000000000000000000000100000000000000000000000000000000001010010000000000001010000000000000001000000000000000000001
0010000000000000000000000000000000000000000000010000000000000000000000000000000100000000000000000000000000000000001000010000000000000010000000000000001000000000000000000001
0010000000000000000000000000000000000000000000010000000000000000000000000000000100000000000000000000000000000000001000010000000000000010000000000000001000000000000000000001
0010000000000000000000000000000000000000000000010000000000000000000000000000000100000000000000000000000000000000001000010000000000000010000000000000001000000000000000000001
0010000000000000000000000000000000000000000000010000000000000000000000000000000100000000000000000000000000000000001000010000000000000010000000000000001000000000000000000001
0010000000000000000000000000000000000000000000010000000000000000000000000000000100000000000000000000000000000000001000010000000000000010000000000000001000000000000000000001
0010000000000000000000000000000000000000000000010000000000000000000000000000000100000000000000000000000000000000001000011010100010001000100010010000001000000000000000000001
0010000000000000000000000000000000000000000001010000000000000000000000000000000100000000000000000000000000000000011000010010000000000010000000010000001000000000000000000001
0010000000000000000000000000000000000000000000000000000000001010100010001000100010001000100010001000100010001000100010001000100010001000100010001000100100000000000000000001
0010000000000000000000000000101010001000100010001000100010001000100010001000100010001000100010001000100010001000100010001000100010001000101010001001100010010000000000000001
0010000000000000000000000000000000000000000000000000000000000000000000000000000100000000000000000000000000000000000000010000000000000010001000000001001000000000000000000001
0010000000000000000000000000000000000000000000000000000000000000000000000000000100000000000000000000000000000000000000010000000000000010001000000001001000000000000000000001
0010000000000000000000000000000000000000000000000000000000000000000000000000000100000000000000000000000000000000000001010000000000000110001000000001001000000000000000000001
0010000000000000000000000000000000000000000000000000000000000000000000000000000100000000000000000000000000000000000000000000000000000000001000000001001000000000000000000001
0010000000000000000000000000000000000000000000000000000000000000000000000000000100000000000000000000000000000000000000000000000000000000001000000001001000000000000000000001
0010000000000000000000000000000000000000000000000000000000000000000000000000000100000000000000000000000000000000000000000000000000000000011001000101001000000000000000000001
0010000000000000000000000000000000000000000000000000000000000000000000000000010100000000000000000000000000000000000000000000000000000000000000000000011000000000000000000001
0010000000000000000000000000000000000000000000000000000000000000000000000000000000000000000000000000000000000000000000000000000000000000000000000000000000000000000000000001
0010000000000000000000000000000000000000000000000000000000000000000000000000000000000000000000000000000000000000000000000000000000000000000000000000000000000000000000000001
0010000000000000000000000000000000000000000000000000000000000000000000000000000000000000000000000000000000000000000000000000000000000000000000000000000000000000000000000001
0010000000000000000000000000000000000000000000000000000000000000000000000000000000000000000000000000000000000000000000000000000000000000000000000000000000000000000000000001
0010000000000000000000000000000000000000000000000000000000000000000000000000000000000000000000000000000000000000000000000000000000000000000000000000000000000000000000000001
0110010001000100010001000100010001000100010001000100010001000100010001000100010001000100010001000100010001000100010001000100010001000100010001000100010001000100010001000101
