101010001000100010001000100010001000100010001000100010001000100010001000100010001000100010001000100010001000100010001000100010001000100010001000100010001000100010001000100010001001
001000000000000000000000000100000000000000000000000000000000000000000000000000000000000000000010000000000000000000000000000000000000000000000000000000000000000000000000000000000001
001000000000000000000000000100001001000000000000000000000000000000000000000000000000000000000010101000000000000000000000000000000000000000000000000000000000000000000000000000000001
001000000000000000000000000100000001000000000000000000000000000000000000000000000000000000000010001000000000000000000000000000000000000000000000000000000000000000000000000000000001
001000000000000000000000000100000001000000000000000000000000000000000000000000000000000000000010001000000000000000000000000000000000000000000000000000000000000000000000000000000001
001000000000011001000100010001000100010001000100010001000100010001000100010001000100010001000100010001000100010001000100010001000100010001010000000000000000000000000000000000000001
001000000000000000000000000100000001000000000000000000000000000000000000000000000000000000000010001000000000000000000000000000000000000000000000000000000000000000000000000000000001
001000000000000000000000000100000001000000000000000000000000000000000000000000000000000000000010001000000000000000000000000000000000000000000000000000000000000000000000000000000001
001000000000000000000000000100000001000000000000000000000000000000000000000000000000000000000010001000000000000000000000000000000000000000000000000000000000000000000000000000000001
001000000000000000000000000100000001000000000000000000000000000000000000000000000000000000000010001000000000000000000000000000000000000000000000000000000000000000000000000000000001
001000000000000000000000000100000001000000000000000000000000000000000000000000000000000000000010001000000000000000000000000000000000000000000000000000000000000000000000000000000001
001000000000000000000000000100000001000000000000000000000000000000000000000000000000000000000010001000000000000000000000000000000000000000000000000000000000000000000000000000000001
001000000000000000000000000100000001000000000000000000000000000000000000000000000000000000000010001000000000000000000000000000000000000000000000000000000000000000000000000000000001
001000000000000000000000000100000001000000000000000000000000000000000000000000000000000000000010001000000000000000000000000000000000000000000000000000000000000000000000000000000001
001000000000000000000000000100000001000000000000000000000000000000000000000000000000000000000010001000000000000000000000000000000000000000000000000000000000000000000000000000000001
001000000000000000000000000100000001000000000000000000000000000000000000000000000000000000000010001000000000000000000000000000000000000000000000000000000000000000000000000000000001
001000000000000000000000000100000001000000000000000000000000000000000000000000001010100010010010001000000000000000000000000000000000000000000000000000000000000000000000000000000001
001000000000000000000000000100000001000000000000000000000000000000000000000000000010000000010010001000000000000000000000000000000000000000000000000000000000000000000000000000000001
001000000000000000000000000100000001000000000000000000000000000000000000000000000010000000010010001000000000000000000000000000000000000000000000000000000000000000000000000000000001
001000000000000000000000000100000001000000000000000000000000000000000000000000000010000000010010001000000000000000000000000000000000000000000000000000000000000000000000000000000001
001000000000000000000000000100000001000000000000000000000000000000000000000000000010000000010010001000001001000000000000000000000000000000000000000000001010000000000000000000000001
001000000000000000000000000100000001000000000000000000000000000000000000000000000010000000010010001000000001000000000000000000000000000000000000000000000010000000000000000000000001
001000000000000000000000000100000001000000000000000000000000000000000000000000000110010001010010001000000001000000000000000000000000000000000000000000000010000000000000000000000001
001000000000000000000000000100000001000000000000000000000000000000000000000000000000000000000010001000000001000000000000000000000000000000000000000000000010000000000000000000000001
001000000000000000000000000100000001000000000000000000000000000000000000000000000000000000000010001000000001000000000000000000000000000000000000000000000010000000000000000000000001
001000000000000000000000010100000001000000000000000000000000000000000000000000000000000000000110001000000001000000000000000000000000000000000000000000000010000000000000000000000001
001000000000000000000000000000000101000000000000000000000000000000000000000000000000000000000000011000000001000000000000000000000000000000000000000000000010000000000000000000000001
001000000000000000000000000000000000000000000000000000000000000000000000000000000000000000000000000000000001000000000000000000000000000000000000000000000010000000000000000000000001
001000000000101010001000100010001000100010001000100010001000100010001000100010001000100010001010100010011000100010001000100010001000100010010000000000000010000000000000000000000001
001000000000000000000000000000000000000000000000000000000000101010001001000000000000000000000010000000010001000000000000000000000000000000000000000000000010000000000000000000000001
001000000000000000000000000000000000000000000000000000000000001000000001000000000000000000000010000000010001000000000000000000000000000000000000000000000010000000000000000000000001
001000000000000000000000000000000000000000000000000000000000001000000001000000000000000000000010000000010001000000000000000000000000000000000000000010010010000000000000000000000001
001000000000000000000000000000000000000000000000000000000000001000000001000000000000000000000010000000010001000000000000000000000000000000000000000000010010000000000000000000000001
001000000000000000000000000000000000000000000000000000000000001000000001000010101000100100000010000000010001000000000000000000000000000000000000000000010010000000000000000000000001
001000000000000000000000000000000000000000000000000000000000001000000001000000100000000100000110010001010001000000000000000000000000000000000000000000010010000000000000000000000001
001000000000000000000000000000000000000000000000000000000000011001000101000000100000000100000000000000000001000000000000000000000000000000000000000000010010000000000000000000000001
001000000000000000000000000000000000000000000000000000000000000000000000000000100000000100000000000000000001000000000000000000000000000000000000000000010010000000000000000000000001
001000000000000000000000000000000000000000000000000000000000000000000000000000100000000100000000000000000001000000000000000000000000000000000000000000010010000000000000000000000001
001000000000000000000000000000000000000000000000000000000000000000000000000000100000000100000000000000000001000000000000000000000000000000000000000000010010000000000000000000000001
001000000000000000000000000000000000000000000000000000000000000000000000000001100100010100000000000000000001000000000000000000000000000000000000000001010010000000000000000000000001
001000000000000000000000000000000000000000000000000000000000000000000000000000000000000000000000000000000101000000000000000000000000000000000000000000000110000000000000000000000001
001000000000000000000000000000000000000000000000000000000000000000000000000000000000000000000000000000000000000000000000000000000000000000000000000000000000000000000000000000000001
001000000000000000000000000000000000000000000000000000000000000000000000000000000000000000000000000000000000000000000000000000000000000000000000000000000000000000000000000000000001
011001000100010001000100010001000100010001000100010001000100010001000100010001000100010001000100010001000100010001000100010001000100010001000100010001000100010001000100010001000101
