1010100010001000100010001000100010001000100010001000100010001000100010001000100010001000100010001000100010001000100010001000100010001000100010001000100010001001
0010000000000000000000000000100100000000000000000000000000000000000000000000000000000000000000000000000000000000000000000000101000000000000000000000000000000001
0010000000000000000000000000000100000000000000000000000000000000000000000000000000000000000000000000000000000000000000000000001000000000000000000000000000000001
0010000000000000000000000000000100000000000000000000000000000000000000000000000000000000000000000000000000000000000000000000001000000000000000000000000000000001
0010000000000000000000000000000100000000000000000000000000000000000000000000000000000000000000000000000000000000000000000000001000000000000000000000000000000001
0010000000000000000000000000000100000000000000000000000000000000000000000000000000000000000000000000000000000000000000000000001000000000000000000000000000000001
0010000000000000000000000000000100000000000000000000000000000000000000000000000000000000000000000000000000000000000000000000001000000000000000000000000000000001
0010000000000000000000000000000100000000000000000000000000000000000000000000000000000000000000000000000000000000000000000000001000000000000000000000000000000001
0010000000000000000000000000000100000000000000000000000000000000000000000000000000000000000000000000000000000000000000000000001000000000000000000000000000000001
0010000000000000000000000000000100000000000000000000000000000000000000000000000000000000000000000000000000000000000000000000001000000000000000000000000000000001
0010000000000000000000000000000100000000000000000000000000000000100100000000000000000000000000000000000000000000000000000000001000001010000000000000000000000001
0010000000000000000000000000000100000000000000000000000000000000000100000000000000000000000000000000000000000000000000000000001000000010000000000000000000000001
0010000000000000000000000000000100000000000000000000000000000000000110101001000000000000000000000000000000000000000000000000001000000010000000000000000000000001
0010000000000000000000000000000100000000000000000000000000000000000100100001000000000000000000000000000000000000000000000000001000000010000000000000000000000001
0010000000000000000000000000000100000000000000000110010001000100010001000100010001000100010001000100010001000100010001000100010001000100010001000100010001010001
0010000000000000000000000000000100000000000000000000000000000000000100100001000000010000000000100000000000000000000000100000001000000010000000000000000000000001
0010000000000000000000000000000100000000000010101000100100000000000100100001000000010000000000100000000000000000000000100000001000000010000000000000000000000001
0010000000000000000000000000000100000000000000100000000100000000000100100001000000010000000000100000000000000000000000100000001000000010000000000000000000000001
0010000000000000000000000000000100000000000000100000000100000000000100100001000000010000000000100000000000000000000000100000001000000010000000000000000000000001
0010000000000000000000000000000100000000000000100000000100000000000101100101000000010000000000100000000000000000000000100000001000000010000000000000000000000001
0010000000000000000000000000000100000000000000100000000100000000000100000000000000010000000000100000000010010000000000100000001000000010000000000000000000000001
0010000000000000000000000000000100000000000000100000000100000000000100000000000000010000000000100000000000011001000000100000001000001010000000000000000000000001
0010000000000000000000000000000100000000000001100100010100000000000100000000000000010000000000100000000000010001000000100000001000000010000000000000000000000001
0010000000000000000000000000000100000000000000000000000000000000000100000000000000010000000000100000000000010001000000100000001000000010000000000000000000000001
0010000000000000000000000000000100000000000000000000000000000000000100000000000000010000000000100000000000010001000000100000001000000010000000000000000000000001
0010000000000000000000000000000100000000000000000000000000000000000100000000000000010000000001100000000000010001000000100000001000000010000000000000000000000001
0010000000000000000000000000000100000000000000000000000000000000000100000000000000010000000000000000000000010001000000100000001000000010000000000000000000000001
0010000000000000000000000000000100000000000000000000000000000000000100000000000000010000000000000000000000010001000000100000001000000010000000000000000000000001
0010000000000000000000000000000100000000000000000000000000000000000100000000000000010000000000000000000001010001000000100000001000000010000000000000000000000001
0010000000000000000000000000000100000000000000000000000000000000000100000000000000010000000000000000000000000001000000100000001000000010000000000000000000000001
0010000000000000000000000000000100000000000000000000000000000000000100000000000000010000000000000000000000000001000000100000001000000010000000000000000000000001
0010000000000000000000000000000100000000000000000000000000000000000100000000000001010000000000000000000000000001000001100000001000000010000000000000000000000001
0010000000000000000000000000000100000000000000001010100010001000100010001000100010001000100010001000100010001000100010001000100010001000100010001000100010010001
0010000000000000000000000000010100000000000000000000000000000000000100000000000000000000000000000000000000000001000000000000011000000010000000000000000000000001
0010000000000000000000000000000000000000000000000000000000000000000100000000000000000000000000000000000000000001000000000000000000000010000000000000000000000001
0010000000000000000000000000000000000000000000000000000000000000010100000000000000000000000000000000000000000101000000000000000000000110000000000000000000000001
0010000000000000000000000000000000000000000000000000000000000000000000000000000000000000000000000000000000000000000000000000000000000000000000000000000000000001
0010000000000000000000000000000000000000000000000000000000000000000000000000000000000000000000000000000000000000000000000000000000000000000000000000000000000001
0010000000000000000000000000000000000000000000000000000000000000000000000000000000000000000000000000000000000000000000000000000000000000000000000000000000000001
0010000000000000000000000000000000000000000000000000000000000000000000000000000000000000000000000000000000000000000000000000000000000000000000000000000000000001
0010000000000000000000000000000000000000000000000000000000000000000000000000000000000000000000000000000000000000000000000000000000000000000000000000000000000001
0010000000000000000000000000000000000000000000000000000000000000000000000000000000000000000000000000000000000000101010001001101010001001000000000000000000000001
0010000000000000000000000000000000000000000000000000000000000000000000000000000000000000000000000000000000000000001000000001001000000001000000000000000000000001
0010000000000000000000000000000000000000000000000000000000000000000000000000000000000000000000000000000000000000001000000001001000000001000000000000000000000001
0010000000000000000000000000000000000000000000000000000000000000000000000000000000000000000000000000000000000000001000000001001000000001000000000000000000000001
0010000000000000000000000000000000000000000000000000000000000000000000000000000000000000000000000000000000000000001000000001001000000001000000000000000000000001
0010000000000000000000000000000000000000000000000000000000000000000000000000000000000000000000000000000000000000001000000001001000000001000000000000000000000001
0010000000000000000000000000000000000000000000000000000000000000000000000000000000000000000000000000000000000000011001000101011001000101000000000000000000000001
0010000000000000000000000000000000000000000000000000000000000000000000000000000000000000000000000000000000000000000000000000000000000000000000000000000000000001
0110010001000100010001000100010001000100010001000100010001000100010001000100010001000100010001000100010001000100010001000100010001000100010001000100010001000101
