101010001000100010001000100010001000100010001000100010001000100010001000100010001000100010001000100010001000100010001000100010001000100010001000100010001000100010001000100010001000100010001001
001000000000000000000000000110010000000000000000000000000000000000100000000000000000000000000000000000000000000000001010000000000000000000000000000000000000000000000000000000000000000000000001
001000000000000000000000000100010000000000000000000000000000000000100000000000000000000000000000000000000000000000000010000000000000000000000000000000000000000000000000000000000000000000000001
001000000000000000000000000100010000000000000000000000000000000000100000000000000000000000000000000000000000000000000010000000000000000000000000000000000000000000000000000000000000000000000001
001000000000000000000000000100010000000000000000000000000000000000100000000000000000000000000000000000000000000000000010000000000000000000000000000000000000000000000000000000000000000000000001
001000000000000000000000000100010000000000001001000000000000000000100000000000000000000000001010000000000000000000000010000000000000000010101000100100000000000000000000000000000000000000000001
001000000000000000000000000100010000000000000001000000000000000000100000000000000000000000000010000000000000000000000010000000000000000000100000000100000000000000000000000000000000000000000001
001000000000000000000000000100010000000000000001000000000000000000100000000000000000000000000010000010101000100100000010000000000000000000100000000100000000000000000000000000000000000000000001
001000000000000000000000000100010000000000000001000000001001000000100000000000000000000000000010000000100000000100000010101010001010000000100000000100000000000000000000000000000000000000000001
001000000000000000000000000100010000000000000001000000000001000000100000000000000000000000000010000000100000000100000010001000000010000000100000000100000000000000000000000000000000000000000001
001000000000000000000000000100010000000000000001000000001010100010010000000000000000000000000010000000100000000100000010001000000010000000100000000100000000000000000000000000000000000000000001
001000000000000000000000000100010000000000000001000000000010000000010000000010101000100100000010000000100000000100000010001000000010000001100100010100000000000000000000000000000000000000000001
001000000000000000000000000100010000000000000001000000000010000000010000000000100000000100000010000000100000000100000010001000000010000000000000000000000000000000000000000000000000000000000001
001000000000000000000000000100010000000000000001000000000010000000010000000000100000000100000010000001100100010100000010001000000010000000000000000000000000000000000000000000000000000000000001
001000000000000000000000000100010000000000000001000000000010000000010000000000100000000100000010000000000000000000000010011001000010000000000000000000000000000000000000000000000000000000000001
001000000000000000000000000100010000000000000001000000000010000000010000000000100000000100000010000000000000000000000010000000000010000000000000000000000000000000000000000000000000000000000001
001000000000000000000000000100010000000000000001000000000110010001010000000000100000000100000010000000000000000000000010000000000010000000000000000000000000000000000000000000000000000000000001
001000000000000000000000000100010000000000000001000000000001000000100000000001100100010100000010000000000000000000000010000000000010000000000000000000000000000000000000000000000000000000000001
001000000000000000000000010100010000000000000001000000000001000001100000000000000000000000000010000000000000000000000010000000000010000000000000000000000000000000001010100010010000000000000001
001000000000000000000000000000010000000000000001000000000001000000000000000000000000000000000010000000000000000000000010000000000010000000000000000000000000000000000010000000010000000000000001
001000000000000000000000000000010000000000000001000000000001000000000000000000000000000000000010000000000000000000000010000000000010000000000000000000000000000000000010000000010000000000000001
001000000000000000000000000000010000000000000001000000000001000000000000000000000000000000000010000000000000000000000010000000000010000000000000000000000000000000000010000000010000000000000001
001000000000000000000000000000010000000000000001000000000001000000000000000000000000000000000010000000000000000000000010000000000010000000000000000000000000000000000010000000010000000000000001
001000000000000000000000000000010000000000000001000000000001000000000000000000000000000000000010000000000000000000000010000000000010000000000000000000000000000000000010000000010000000000000001
001000000000000000000000000000010000000000000001000000000001000000000000000000000000000000000010000000000000000000000010000000000010000000000000000000000000000000000110010001010000000000000001
001000000000000000000000000000010000000000000101000000000001000000000000000000000000000000000110000000000000000000000010000000000010000000000000000000000000000000000000000000000000000000000001
001000000000000000000000000000010000000000000000000000000001000000000000000000000000000000000000000000000000000000000010000000001001000010100000000000000000000000000000000000000000000000000001
001000000000000000000000000000010000000000000000000000000001000000000000000000000000000000000000000001100100010001000100010001000100010001000100010001000100010001000100010001010000000000000001
001000000000000000000000000000010000000000000000000000000001000000000000000000000000000000000000000000000000000000000010000000000001000000100000000000000000000000000000000000000000000000000001
001000000000000000000000000000010000000000000000000000000001000000000000000000000000000000000000000000000000000000000010000000000001000000100000000000000000000000000000000000000000000000000001
001000000000000000000000000000010000000000000000000000000001000000000000000000000000000000000000000000000000000000000010000000000001000000100000000000000000000000000000000000000000000000000001
001000000000000000000000000001011010100010010000000000000001000000000000000000000000000000000000000000000000000000000110010001000100010001000100010001000100010001000100010001010000000000000001
001000000000000000000000000000000010000000010000000000000001000000000000000000000000000000000000000000000000000000000000000000000001000000100000000000000000000000000000000000000000000000000001
001000000000000000000000000000000010000000010000000000000001000000000000000000000000000000000000000000000000000000000000000000000001000000100000000000000000000000000000000000000000000000000001
001000000000000000000000000000000010000000010000000000000101000000000000000000000000000000000000000000000000000000000000000000000001000000100000000000000000000000000000000000000000000000000001
001000000000000000000000000000000010000000010000000000000000000000000000000000000000000000000000000000000000000000000000000000000001000000100000000000000000000000000000000000000000000000000001
001000000000000000000000000000000010000000010000000000000000000000000000000000000000000000000000000000000000000000000000000000000101000001100000000000000000000000000000000000000000000000000001
001000000000000000000000000000000110010001010000000000000000000000000000000000000000000000000000000010101000100010001010100010001000100010001000100010001000100010001000100010010000000000000001
001000000000000000000000000000000000000000000000000000000000000000000000000000000000000000000000000000000000000000000000000000000000000000000000000000000000000000000000000000000000000000000001
001000000000000000000000000000000000000000000000000000000000000000000000000000000000000000000000000000000000000000000000000000000000000000000000000000000000000000000000000000000000000000000001
011001000100010001000100010001000100010001000100010001000100010001000100010001000100010001000100010001000100010001000100010001000100010001000100010001000100010001000100010001000100010001000101
