1010100010001000100010001000100010001000100010001000100010001000100010001000100010001000100010001000100010001000100010001000100010001000100010001000100010001001
0010000000000000000000000001100100000000000000000000000000000000000000000000000000000000000000100000000000000000000000000000101000000000000000000000000000000001
0010000000000000000000000001000100000000000000000000000000000000000000000000000000000000000000100000000000000000000000000000001000000000000000000000000000000001
0010000000000000000000000001000100000000000000000000000000000000000000000000000000000000000000100000000000000000000000000000001000000000000000000000000000000001
0010000000000000000000000001000100000000000000000000000000000000000000000000000000000000000000100000000000000000000000000000001000000000000000000000000000000001
0010000000000000000000000001000100000000000000000000000000000000000000000000000000000000000000100000000000000000000000000000001000000000000000000000000000000001
0010000000000000000000000001000100000000000000000000000000000000000000000000000000000000000000100000000000000000000000000000001000000000000000000000000000000001
0010000000000000000000000001000100000000000000000000000000000000000000000000000000000000000000100000000000000000000000000000001000000000000000000000000000000001
0010000000000000000000000001000100000000000000000000000000000000000000000000000000000000000000100000000000000000000000000000001000000000000000000000000000000001
0010000000000000000000000001000100000000000000000000000000000000000000000000000000000000000000100000000000000000000000000000001000000000000000000000000000000001
0010000000000000000000000001000100000000000000000000000000000000000000000000000000000000000000100000000000000000000000000000001000000000000000000000000000000001
0010000000000000000000000001000100000000000000000000000000000000000000000000000000000000000000100000000000000000000000000000001000000000000000000000000000000001
0010000000000000000000000001000100000000000000000000000000000000000000000000000000000000000000100000000000000000000000000000001000000000000000000000000000000001
0010000000000000000000000001000100000000000000000000000000000000000000000000000000000000000000100000000000000000000000000000001000000000000000000000000000000001
0010000000000000000000000001000100000000000000000000000000000000000000000000000000000000000000100000000000000000000000000000001000000000000000000000000000000001
0010000000000000000000000001000100000000000000000000000000000000000000000000000000000000000000100000000000000000000000000000101010001001000000000000000000000001
0010000000000000000000000001000100000000000000000000000000000000000000000000000000000000000000100000000000000000000000000000001000000001000000000000000000000001
0010000000000000000000000001000100000000000000000000000000000000000000000000000000000000000000100000000000000000000000000000001000000001000000000000000000000001
0010000000000000000000000001000100000000000000000000000000000000000000000000000000000000000010101001000000000000000000000000001000000001000000000000000000000001
0010000000000000000000000001000100000000000000000000000000000000000000000000000000000000000000100001000000000000000000000000001000000001000000000000000000000001
0010000000000000000000000001000100000000000000000000000000000000000000000000000000000000000000100001000000000000000000000000001000000001000000000000000000000001
0010000000000000000000000001000100000000000000000000000000000000000000000000000000000000000000100001000000000000000000000000011001000101000000000000000000000001
0010000000000000000000000001000100000000000000000000000000000000000000000000000000000000000000100001000000000000000000000000001000000000000000000000000000000001
0010000000000000000000000001000100000000000000000000000000000000000000000000000000000000000000100001000000000000000000000000001000000000000000000000000000000001
0010000000000000000000000001000100000000000000000000000000000000000000000000000000000000000000100001000000000000000000000000001000000000000000000000000000000001
0010000000000000000000000101000100000000000000000000000000000000000000000000000000000000000001100101000000000000000000000000001000000000000000000000000000000001
0010000000000000000000000000000100000000000000000000000000000000000000000000000000000000000000000000000000000000000000000000001000000000000000000000000000000001
0010000000000000000000000000000100000000000000000000000000000000000000000000000000000000000000000000000000000000000000000000001000000000000000000000000000000001
0010000000000000000000000000000100000000000000000000000000000000000000000000000000000000000000000000000000000000000000000000001000000000000000000000000000000001
0010000000000000000000000000000100000000000000000000000000000000000000000000000000000000000000000000000000000000000000000000001000000000000000000000000000000001
0010000000000000000000000000000100000000000000000000000000000000000000000000000000000000000000000000000000000000000000000000001000000000000000000000000000000001
0010000000000000000000000000000100000000000000000000000000000000000000000000000000000000000000000000000000000000000000000000001000000000000000000000000000000001
0010000000000000000000000000000100000000000000000000000000000000000000000000000000000000000000000000000000000000000000000000001000000000000000000000000000000001
0010000000000000000000000000010100000000000000000000000000000000000000000000000000000000000000000000000000000000000000000000011000000000000000000000000000000001
0010000000000000000000000000000000000000000000000000000000000000000000000000000000000000000000000000000000000000000000000000000000000000000000000000000000000001
0010000000000000000000000000000000000000000000000000000000000000000000000000000000000000000000000000000000000000000000000000000000000000000000000000000000000001
0010000000000000000000000000000000000000000000000000000000000000000000000000000000000000000000000000000000000000000000000000000000000000000000000000000000000001
0010000000000000000000000000000000000000000000000000000000000000000000000000000000000000000000000000000000000000000000000000000000000000000000000000000000000001
0010000000000000000000000000000000000000000000000000000000000000000000000000000000000000000000000000000000000000000000000000000000000000000000000000000000000001
0010000000000000000000000000000000000000000000000000000000000000000000000000000000000000000000000000000000000000000000000000000000000000000000000000000000000001
0010000000000000000000000000000000000000000000000000000000000000000000000000000000000000000000000000000000000000000000000000000000000000000000000000000000000001
0010000000000000000000000000000000000000000000000000000000000000000000000000000000000000000000000000000000000000000000000000000000000000000000000000000000000001
0010000000000000000000000000000000000000000000000000000000000000000000000000000000000000000000000000000000000000000000000000000000000000000000000000000000000001
0010000000000000000000000000000000000000000000000000000000000000000000000000000000000000000000000000000000000000000000000000000000000000000000000000000000000001
0010000000000000000000000000000000000000000000000000000000000000000000000000000000000000000000000000000000000000000000000000000000000000000000000000000000000001
0010000000000000000000000000000000000000000000000000000000000000000000000000000000000000000000000000000000000000000000000000000000000000000000000000000000000001
0010000000000000000000000000000000000000000000000000000000000000000000000000000000000000000000000000000000000000000000000000000000000000000000000000000000000001
0010000000000000000000000000000000000000000000000000000000000000000000000000000000000000000000000000000000000000000000000000000000000000000000000000000000000001
0110010001000100010001000100010001000100010001000100010001000100010001000100010001000100010001000100010001000100010001000100010001000100010001000100010001000101
