1010100010001000100010001000100010001000100010001000100010001000100010001000100010001000100010001000100010001000100010001000100010001000100010001000100010001000100010001000100010001001
0010000000000000000000000000000000000000000000000000000000000000000000000000000000000000000000000000000000000000000000000000000000000000000000000000000000000000000000000000000000000001
0010000000000000000000000000000000000000000000000000000000000000000000000000000000000000000000000000000000000000000000000000000000000000000000000000000000000000000000000000000000000001
0010000000000000000000000000000000001001000000000000000000000000000000000000000000000000101000000000000000000000000000000000000000000000000000000000000000000000000000000000000000000001
0010000000000000000000000000000000000001000000000000000000000000000000000000000000000000001000000000000000000000000000000000000000000000000000000000000000000000000000000000000000000001
0010000000000000000000000000000000000001000000000000000000000000000000000000000000000000001000000000000000000000000000000000000000000000000000000000000000000000000000000000000000000001
0010000000000000000000000000000000000001000000000000000000000000000000000000000000000000001000000000000000000000000000000000000000000000000000000000000000000000000000000000000000000001
0010000000000000000000000000000000000001000000000000000000000000000000000000000000000000001000000000000000000000000000000000000000000000000000000000000000000000000000000000000000000001
0010000000000000000000000000000000000001000000000000000000000000000000000000000000000000001000000000000000000000000000000000000000000000000000000000000000000000000000000000000000000001
0010000000000000000000000000000000000001000000000000000000000000000000000000000000000000001000000000000000000000000000000000000000000000000000000000000000000000000000000000000000000001
0010000000000000000000000000000000000001000000000000000000000000000000000000000000000000001000000000000000000000000000000000000000000000000000000000000000000000000000000000000000000001
0010000000000000000000000000000000000001000000000000000000000000000010010000000000000000001000000000000000000000000000000000101000000000000000000000000000000000000000000000000000000001
0010000000000000000000000000000000000001011001000100010001000100010001000100010001000100010001000100010001000100010100000000001000000000000000000000000000000000000000000000000000000001
0010000000000000000000000000000000000001000000000000000000000000000000010000000000000000001000000000000000000000000000000000001000000000000000000000000000000000000000000000000000000001
0010000000000000000000000000000000000001000000000000000000000000000000010000000000000000001000000000000000000000000000000000001000000000000000000000000000000000000000000000000000000001
0010000000000000000000000000000000000001000000000000000000000000000000010000000000000000001000000000000000001010100010010000001000000000000000000000000000000000000000000000000000000001
0010000000000000000000000000000000000001000000000000000000000000000000010000000000000000001000000000000000000010000000010000001000000000000000000000000000000000000000000000000000000001
0010000000000000000000000000000000000001000000000000000000000000000000010000101010001001001000000000000000000010000000010000001000000000000000000000000000000000000000000000000000000001
0010000000000000000000000000000000000001000000000000000000000000000000010000001000000001001000001001000000000010000000010000001000000000000000000000101000000000000000000000000000000001
0010000000000000000000000000000000000001000000000000000000000000000000010000001000000001001000000001000000001010100010010000001000000000000000000000001000000000000000000000000000000001
0010000000000000000000000000000000000001000000000000000000000000000000010000001000000001001000000001000010010010000000010000001000000000000000000000001010100000000000000000000000000001
0010000000000000000000000000000000000001000000000000000000000000000000010000001000000001001000000001000000010010010000010000001000000000000000000000001000100000000000000000000000000001
0010000000000000000000000000000000000001101010001000100010001000100010001000100010001000100010001000100010001000100100010000001000000000000000000000001000100000000000000000000000000001
0010000000000000000000000000000000000001000000000000000000000000000000010000011001000101001000001010100010010010000100010000001000000000000000000000001000100000000000000000000000000001
0010000000000000000000000000000000000101000000000000000000000000000000010000000000000000011000000010000000010010000100010000001000000000000000000000001000100000000000000000000000000001
0010000000000000000000000000000000000000000000000000000000000000000000010000000000000000000000000010000000010110000101010000001000000000000000000000001000100000000000000000000000000001
0010000000000000000000000000000000000000000000000000000000000000000000010000000000000000000000000010000000011010100010001000100010010000000000000000001000100000000000000000000000000001
0010000000000000000000000000000000000000000000000000000000000000000000010000000000000000000000000010000000010010000100000000001000010000000000000000001000100000000000000000000000000001
0010000000000000000000000000000000000000000000000000000000000000000000010000000000000000000000000010000000010010000100000000001000010000000000000000001000100000000000000000000000000001
0010000000000000000000000000000000000000000000000000000000000000000000010000000000000000000000000110010001010110010001000100010001010000000000000000001000100000000000000000000000000001
0010000000000000000000000000000000000000000000000000000000000000000000010000000000000000000000000001000000010000010100000000001000000000000000000000001000100000000010101000100100000001
0010000000000000000000000000000000000000000000000000000000000000000000010000000000000000000000000001000000010000000000000000001000000000000000000000001000100000000000100000000100000001
0010000000000000000000000000000000000000000000000000000000000000000000010000000000000000000000000001000000010000000000000000001000000000000000000000001000100000000000100000000100000001
0010000000000000000000000000000000000000000000000000000000000000000001010000000000000000000000000001000000010000000000000000011000000000000000000000001000100000000000100000000100000001
0010000000000000000000000000000000000000000000000000000000000000000000000000000000000000000000000001000000010000000000000000000000000000000000000000001000100000000000100000000100000001
0010000000000000000000000000000000000000000000000000000000000000000000000000000000000000000000000001000000010000000000000000000000000000000000000000001000100000000000100000000100000001
0010000000000000000000000000000000000000000000000000000000000000000000000000000000000000000000000001000000010000000000000000000000000000000000000000001000100000000001100100010100000001
0010000000000000000000000000000000000000000000000000000000000000000000000000000000000000000000000001000000010000000000000000000000000000000000000000001000100000000000000000000000000001
0010000000000000000000000000000000000000000000000000000000000000000000000000000000000000000000000001000000010000000000000000000000000000000000000000001000100000000000000000000000000001
0010000000000000000000000000000000000000000000000000000000000000000000000000000000000000000000000101000000010000000000000000000000000000000000000000011000100000000000000000000000000001
0010000000000000000000000000000000000000000000000000000000000000000000000000000000000000000000000000000001010000000000000000000000000000000000000000000001100000000000000000000000000001
0010000000000000000000000000000000000000000000000000000000000000000000000000000000000000000000000000000000000000000000000000000000000000000000000000000000000000000000000000000000000001
0110010001000100010001000100010001000100010001000100010001000100010001000100010001000100010001000100010001000100010001000100010001000100010001000100010001000100010001000100010001000101
