1010100010001000100010001000100010001000100010001000100010001000100010001000100010001000100010001000100010001000100010001000100010001000100010001000100010001000100010001000100010001001
0010000000000000000000000000000000000000000000000000000000000000000000000000000000000000000000000000000000000000000000000000000000000000000000000000000000000000000000000000000000000001
0010000000000000000000000000000000000000000000000000000000000000000000000000000000000000000000000000000000000000000000000000000000000000000000000000000000000000000000000000000000000001
0010011001000100010001000100010001000100010001000100010001000100010001000100010001000100010001000100010001000100010001000100010001000100010001010000000000000000000000000000000000000001
0010000000000000000000000000000000000001000000000000000000000000000000000000000000000000000000000000000000000000000000000000000000100000000000000000000000000000000000000000000000000001
0010000000000000000000000000000000000001000000000000000000000000000000000000000000000000101010001001000000000000000000000000000000100000000000000000000000000000000000000000000000000001
0010000000000000000000000000000000000001000000000000000000000000000000000000000000000000001000000001000000000000000000000000000000100000000000000000000000001010100010010000000000000001
0010000000000000000000000000000000000001000000000000100100000000000000000000000000001010001000000001000000000000000000000000000000101010100010010000000000000010000000010000000000000001
0010000000000000000000000000000000000001000000000000000110010000000010100000000000000010001000000001000000000000000000000000000000100010000000010000000000000010000000010000000000000001
0010000000000000000000000000000000000001000000000000000100010000000000100000101010001001001000000001000000000000000000000000000000100010000000010000000000000010000000010000000000000001
0010000000000000000000000000000000000001000000000000000100010000000000100000001000000001001000000001000000000000000000000000000000100010000000010000000000000010000000010000000000000001
0010000000000000000000000000000000000001000000000000000100010000000000100000001000000001011001000101000000000000000000000000000000100010000000010000000000000010000000010000000000000001
0010000000000000000000000000000000000001000000000000000100010000000000100000001000000001000000000000000000000000000000000000000000100010000000010000000000000110010001010000000000000001
0010000010101000100100000000000000000001000000000000000100010000000000100000001000000001000000000000000000000000000000000000000000100110010001010000000000000000000000000000000000000001
0010000000100000000100000000000000000001000000000000000100010000000000100000001000000001000000000000000000000000000000000000000000100000000000000000000000000000000000000000000000000001
0010000000100000000100000000000000000001000000000000000100010000000000100000011001000101000000000000000000000000000000000000000000100000000000000000000000000000000000000000000000000001
0010000000100000000100000000000000000001000000000000000100010000000000100000000000000010100100000000000000000000000000000000000000100000000000000000000000000000000000000000000000000001
0010000000100000000100000000000000000001000000000000000100010000000000100000000000000010000100000000000000000000000000000000000000100000000000000000000000000000000000000000000000000001
0010000000100000000100000000000000000001000000000000000100010000000000100000000000000010000100000000000000000000000000000000000000100000000000000000000000000000000000000000000000000001
0010000001100100010100000000000000000001000000000000000101010000000001100000000000000010000100000000101010001001000000000000000000100000000000000000000000000000000000000000000000000001
0010000000000000000000000000000000000001000000000000000100000000000000000000000000000010000100000000001000000001000000000000000000100000000000000000000000000000000000000000000000000001
0010000000000000000000000000000000000001000000000000000100000000000000000000000000000010000100000000001000000001000000000000000000100000000000000000000000000000000000000000000000000001
0010000000000000000000000000000000000001000000000000000100000000000000000000000000000010000100000000001000000001000000000000000000100000000000000000000000000000000000000000000000000001
0010000000000000000000000000000000000001000000000000010100000000000000000000000000000110101010001001001000000001000000000000000000100000000000000000000000000000000000000000000000000001
0010000000000000000000000000000000000001000000000000000000000000000000000000000000000000001000000001001000000001000000000000000000100000000000000000000000000000000000000000000000000001
0010000000000000000000000000000000000001000000000000000000000000000000000000000000000000001000000001011001000101000000000000000000100000000000000000000000000000000000000000000000000001
0010000000000000000000000000000000000001000000000000000000000000000000000000000000000000001000000110010001000100010001000100010001000100010100000000000000000000000000000000000000000001
0010000000000000000000000000000000000001000000000000000000000000000000000000000000000000001000000001000000000000000000000000000000100000000000000000000000000000000000000000000000000001
0010000000000000000000000000000000000001000000000000000000000000000000000000000000000000001000001010100010001000100010001000100010001000100100000000000000001010000000000000000000000001
0010101010001000100010001000100010001000100010001000100010001000100010001000100010001000100010001000100010001000100010001000100010001000100010010000000000000010000000000000000000000001
0010000000000000000000000000000000000001000000000000000000000000000000000000000000000000000000000000000000000000000000000000000000100000000100000000000000000010000000000000000000000001
0010000000000000000000000000000000000001000000000000000000000000000000000000000000000000000000000000000000000000000000000000000000100000000100000000000000000010000000000000000000000001
0010000000000000000000000000000000000001000000001010100010010000000000000000000000000000000000000000000000000000000000000000000000100000000100000000000000000010000000000000000000000001
0010000000000000000000000000000000000001000000000010000000010000000000000000000000000000000000000000000000000000000000000000000000100000000100000000000000000010000000000000000000000001
0010000000000000000000000000000000000101000000000010000000010000000000000000000000000000000000000000000000000000000000000000000001100000000100000000000000000010000000000000000000000001
0010000000000000000000000000000000000000000000000010000000010000000000000000000000000000000000000000000000000000000000000000000000000000000100000000000000000010000000000000000000000001
0010000000000000000000000000000000000000000000000010000000010000000000000000000000000000000000000000000000000000000000000000000000000000000100000000000000000010000000000000000000000001
0010000000000000000000000000000000000000000000000010000000010000000000000000000000000000000000000000000000000000000000000000000000000000000100000000000000000010000000000000000000000001
0010000000000000000000000000000000000000000000000110010001010000000000000000000000000000000000000000000000000000000000000000000000000000000100000000000000000010000000000000000000000001
0010000000000000000000000000000000000000000000000000000000000000000000000000000000000000000000000000000000000000000000000000000000000000000100000000000000000010000000000000000000000001
0010000000000000000000000000000000000000000000000000000000000000000000000000000000000000000000000000000000000000000000000000000000000000000100000000000000000010000000000000000000000001
0010000000000000000000000000000000000000000000000000000000000000000000000000000000000000000000000000000000000000000000000000000000000000010100000000000000000110000000000000000000000001
0110010001000100010001000100010001000100010001000100010001000100010001000100010001000100010001000100010001000100010001000100010001000100010001000100010001000100010001000100010001000101
