101010001000100010001000100010001000100010001000100010001000100010001000100010001000100010001000100010001000100010001000100010001000100010001000100010001000100010001000100010001001
001000000000000000000000000100000000000000000000000000000000000000000000000000000000000000000000000000000000000000000000000000000000000000000010000000000000000000000000000000000001
001000000000000000001010100010001001000000000000000000000000000000000000000000000000000000000000000000000000000000000000000000000000000000000010000000000000000000000000000000000001
001000000000000000000010000100000001100100000000000000000000000000000000000000000000000000000000000000000000000000000000000010100000000000000010000000000000000000000000000000000001
001000000110010001000100010001000100010001000100010001000100010001000100010001000100010001000100010001000101000000000000000000100000000000000010000000000000000000000000000000000001
001000000000000000000010000100000001000100000000000000000000000000000000000000000000000000000000000000000000000000000000000000100000000000000010000000000000000000000000000000000001
001000000000000000000010000100000001000100000000000000000000000000000000000000000000000000000000000010101000100100000000000000100000000000000010000000000000000000000000000000000001
001000000000000000000110010001000101000100000000000000000000000000000000000000000000000000000000000000100000000100000000000000100000000000000010000000000000000000000000000000000001
001000000000000000000000000100000000000100000000000000000000000000000000000000000000000000000000000000100000000100000000000000100000000000000010000000000000000000000000000000000001
001000000000000000000000000100000000000100000000000000000000000000000000000000000000000000000000000000100000000100000000000000100000000000000010000000000000000000000000000000000001
001000000000000000000000000100000000000100000000000000000000000000000000000000000000000000000000000000100000000100000000000000100000000000000010000000000000000000000000000000000001
001000000000000000000000000100000000000100000000000000000000000000000000000000000000000000000000000000100000000100000000000000100000000000000010000000000000000000000000000000000001
001000000000000000000000000100000000000100000000000000000000000000000000000000000000000000000000000001100100010100000000000000100000000000000010000000000000000000000000000000000001
001000000000000000000000000100000000000100000000000000000000000000000000000000000000000000000000000000000000000000000000000000100000000000000010000000000000000000000000000000000001
001000000000000000000000000100000000000100000000011001000100010001000100010001000100010001000100010001000100010001000100010001000100010001000100010100000000000000000000000000000001
001000000000000000000000000100000000000100000000000000000000000000000000000000000000000000000000000010101000100100000000000000100000000000000010000000000000000000000000000000000001
001000000000000000000000000100000000000100000000000000000000000000000000000000000000000000000000000000100000000100000000000000100000000000000010000000000000000000000000000000000001
001000000000000000000000000100000000000100000000000000000000000000000000000000000000000000000000000000100000000100000000000000100000000000000010000000000000000000000000000000000001
001000000000000000000000000100000000000100000000000000000000000000000000000000000000000000000000000000100000000100000000000000100000000000000010000000000000000000000000000000000001
001000000000000000000000000100000000000100000000000000000000000000000000000000000000000000000000000000100000000100000000000000100000000000000010000000000000000000000000000000000001
001000001010100010001000100010001000100010001000100010001000100010001000100010001000100010001000100010001001000100000000000000100000000000000010000000000000000000000000000000000001
001000000000000000000000000100000000000100000000000000000000000000000000000000000000000000000000000001100100010100000000000000100000000000000010000000000000000000000000000000000001
001000000000000000000000000100000000000100000000000000000000000000000000000000000000000000000000000000000000000000000000000000100000000000000010000000000000000000000000000000000001
001000000000000000000000000100000000000110101000100100000000000000000000000000000000000000000000000000000000000000000000000000100000000000000010000000000000000000000000000000000001
001000000000000000000000000100000000000100100000000100000000000000000000000000000000000000000000000000000000000000000000000000100000000000000010000000001010100010010000000000000001
001000000000000000000000000100000000000100100000000100000000000000000000000000000000000000000000000000000000000000000000000000100000000000000010000000000010000000010000000000000001
001000000000000000000000000100000000000100100000000100000000000000000000000000000000000000000000000000000000000000000000000000100000000000000010000000000010000000010000000000000001
001000000000000000000000000100000000000100100000000110101000100100000000000000000000000000000000000000000000000000000000000000100000000000000010000000000010000000010000000000000001
001000000000000000000000000100000000000100100000000100100000000100000000000000000000000000000000000000000000000000000000000000100000000000000010000000000010000000010000000000000001
001000000000000000000000000100000000000101100100010100100000000100000000000000000000000000000000000000000000000000000000000000100000000000000010000000000010000000010000000000000001
001000000000000000000000000100000000000100000000101010001000100010001000100010001000100010001000100010001000100010001000100010001000100010001000100100000110010001010000000000000001
001000000000000000000000000100000000000100000000000000100000000100000000000000000000000000000000000000000000000000000000000000100000000000000010000000000000000000000000000000000001
001000000000000000000000000100000000000100000000000000100000000100000000000000000000000000000000000000000000000000000000000000100000000000000010000000000000000000000000000000000001
001000000000000000000000000100000000010100000000000001100100010100000000000000000000000000000000000000000000000000000000000001100000000000000010000000000000000000000000000000000001
001000000000000000000000000100000000000000000000000000000000000000000000000000000000000000000000000000000000000000000000000000000000000000000010000000000000000000000000000000000001
001000000000000000000000000100000000000000000000000000000000000000000000000000000000000000000000000000000000000000000000000000000000000000000010000000000000000000000000000000000001
001000000000000000000000000100000000000000000000000000000000000000000000000000000000000000000000000000000000000000000000000000000000000000000010000000000000000000000000000000000001
001000000000000000000000010100000000000000000000000000000000000000000000000000000000000000000000000000000000000000000000000000000000000000000110000000000000000000000000000000000001
001000000000000000000000000000000000000000000000000000000000000000000000000000000000000000000000000000000000000000000000000000000000000000000000000000000000000000000000000000000001
001000000000000000000000000000000000000000000000000000000000000000000000000000000000000000000000000000000000000000000000000000000000000000000000000000000000000000000000000000000001
001000000000000000000000000000000000000000000000000000000000000000000000000000000000000000000000000000000000000000000000000000000000000000000000000000000000000000000000000000000001
001000000000000000000000000000000000000000000000000000000000000000000000000000000000000000000000000000000000000000000000000000000000000000000000000000000000000000000000000000000001
001000000000000000000000000000000000000000000000000000000000000000000000000000000000000000000000000000000000000000000000000000000000000000000000000000000000000000000000000000000001
011001000100010001000100010001000100010001000100010001000100010001000100010001000100010001000100010001000100010001000100010001000100010001000100010001000100010001000100010001000101
