101010001000100010001000100010001000100010001000100010001000100010001000100010001000100010001000100010001000100010001000100010001000100010001000100010001000100010001001
001000000000000000000000000000000000000000000000000000000000000000000000000000000000000000000000000000000000000000000000000000000000000000000000000000000000000000000001
001000000000000000000000000000001001000000000000000000000000000000000000000000000000000000000000000000000000000000000000000000000000000000000000000000001010000000000001
001000000000000000000000000000000001100100000000000000000000000000000000000000000000000000000000000000000000000000000000000000000000000000000000000010100010000000000001
001000000000000000000000000000000001000100000000000000000000000000000000000000000000000000000000000000000000000000000000000000000000000000000000000000100010000000000001
001000000000000000000000000000000001000100000000101010001001000000000000000000000000000000000000000000000000000000000000000000000000000000000000000000100010000000000001
001000000000000000000000000000000001000100000000001000000001000000000000000000000000000000000000000000000000000000000000000000000000000000000000000000100010000000000001
001000000000000000000000000000000001000100000000001000000001000000000000000000000000000000000000000000000000000000000000000000000000000000000000000000100010000000000001
001000000000000000000000000000000001000100000000001000000001000000000000000000000000000000000000000000000000000000000000000000000000000000000000000000100010000000000001
001000000000000000000000000000000001000100000000001000000001100100000000000000000000000000000000000000000000000010100000000000000000000000000000000000100010000000000001
001000000000000000000000000000000001000100000000001000000001000100000000000000000000000000000000000000000000000000100000000000000000000000000000000000100010000000000001
001000000000000000000000000000000001000100000000011001000101000100000000000000000000000000000000000000000000000000100000000000000000000000000000000000100010000000000001
001000000000000000000000000000000001000100000000000000000000000100000000000000000000000000000000000000000000000000100000000000000000000000000000000000100010000000000001
001000000000000000000000000000000001000100000000000000000000000100000000000000000000000000000000000000000000000000100000000000000000000000000000000000100010000000000001
001000000000000000000000000000000001000100000000000000000000101010001000100010001001000000000000000000000000000000100000000000000000000000000000000000100010000000000001
001000000000000000000000000000000001000100000000000000000000001000000000000000000001000000000000000000000000000000100000000000000000000000000000000000100010000000000001
001000000000000000000000000000000001000100000000000000000000001000000000000000000001000000000000000000000000000000100000000000000000000000000000000000100010000000000001
001000000000000000000000000000000001000100000000000000000000011001000100010001000101000000000000000000000000000000100000000000000000000000000000000000100010000000000001
001000000000000000000000000000000001000100000000000000000000000100000000000000000000000000000000000000000000000000100000000000000000000000000000000000100010000000000001
001000000000000000000000000000000001000100000000000000000000000100000000000000000000000000000000000000000000000000100000000000000000000000000000000000100010000000000001
001000000000000000000000000000000001000100000000000000000000000100000000000000000000000000000000000000000000000000100000000000000000000000000000000000100010000000000001
001000000000000000000000000000000001000100000000000000000000000100000000000000000000000000000000000000000000000000100000000000000000000000000000000000100010000000000001
001000000000000000000000000000000001000100000000000000000000000100000000000000000000000000000000000000000000000000100000000000000000000000000000000000100010000000000001
001000000000000000000000000000000001000100000000000000000000000100000000000000000000000000000000000000000000000000100000000000000000000000000000000000100010000000000001
001000000000000000000000000000000001000100000000000000000000000100000000000000000000000000000000000000000000000000100000100100000000000000000000000000100010000010100001
001000000000000000000000000000000001000100000000000000000000000100000000000000000000000000000000000000000000000000100000000100000000000000000000000000100010000000100001
001000000000000000000000000000000001000100000000000000000000000100000000000000000000000000000000000000000000000000100000000100000000000000000000000000100010000000100001
001000000000000000000000000000000001000100000000000000000000000100000000000000000000000000000000000000000000000000100000000100000000000000000000000000101010100010010001
001000000000000000000000000000000001000100000000000000000000000100000000000000000000000000000000000000000000000000100000000100000000000000000000000000100010000000010001
001000000000000000000000000000000001000100000000000000000000000100000000000000000000000000000000000000000000000000100000000100000000101010001001000000100010000000010001
001000000000000000000000000000000001000100000000000000000000010100000000000000000000000000000000000000000000000001100000000100000000001000000001000000100010000000010001
001000000000000000000000000000000001000100000000000000000000000000000000000000000000000000000000000000000000000000000000000100000000001000000001000000100010000000010001
001000000000000000000000000000000001000100000000000000000000000000000000000000000000000000000000000000000000000000000000000100000000001000000001000000100010000000010001
001000000000000000000000000000000001000100000000000000000000000000000000000000000000000000000000000000000000000000000000000100000000001000000001000000100110010001010001
001000000000000000000000000000000001000100000000000000000000000000000000000000000000000000000000000000000000000000000000000100000000001000000001000000100010000000100001
001000000000000000000000000000000001000100000000000000000000000000000000000000000000000000000000000000000000000000000000000100000000011001000101000000100010000000100001
001000000000000000000000000000000001000100000000000000000000000000000000000000000000000000000000000000000000000000000000000100000000000000000000000000100010000000100001
001000000000000000000000000000000001000100000000000000000000000000000000000000000000000000000000000000000000000000000000000100000000000000000000000000100010000000100001
001000000000000000000000000000000001000100000000000000000000000000000000000000000000000000000000000000000000000000000000000100000000000000000000000000100010000000100001
001000000000000000000000000000000001010100000000000000000000000000000000000000000000000000000000000000000000000000000000000100000000000000000000000001100010000000100001
001000000000000000000000000000000101000000000000000000000000000000000000000000000000000000000000000000000000000000000000000100000000000000000000000000000110000000100001
001000000000000000000000000000000000000000000000000000000000000000000000000000000000000000000000000000000000000000000000000100000000000000000000000000000000000000100001
001000000000000000000000000000000000000000000000000000000000000000000000000000000000000000000000000000000000000000000000010100000000000000000000000000000000000001100001
001000000000000000000000000000000000000000000000000000000000000000000000000000000000000000000000000000000000000000000000000000000000000000000000000000000000000000000001
001000000000000000000000000000000000000000000000000000000000000000000000000000000000000000000000000000000000000000000000000000000000000000000000000000000000000000000001
001000000000000000000000000000000000000000000000000000000000000000000000000000000000000000000000000000000000000000000000000000000000000000000000000000000000000000000001
011001000100010001000100010001000100010001000100010001000100010001000100010001000100010001000100010001000100010001000100010001000100010001000100010001000100010001000101
