10101000100010001000100010001000100010001000100010001000100010001000100010001000100010001000100010001000100010001000100010001000100010001000100010001000100010001000100010001000100010001000100010001001
00100000000000000000000000010000000000000000000000000000000000000000000000000000000000000000000000000000000000000000000000000000000000000000000000100000000000000000000000000000000000000000000000000001
00100000000000000000000000010000000000000000000000000000000000000000000000000000000000000000000000000000000000000000000000000000000000000000000000100000000000000000000000000000000000000000000000000001
00100000000000000000000010101000100010011010000000000000000000000000000000000000000000000000000000000000000000000000000000000000000000000000000000100000000000000000000000000000000000000000000000000001
00100000000000000000000000100000000000010010000000000000000000000000000000000000000000000000000000000000000000000000000000000000000000000000000000100000000000000000000000000000000000000000000000000001
00100000000000000000000000100000000000010010000000000000000000000000000000000000000000000000000000000000000000000000000000000000000000000000000000100000000000000000000000000000000000000000000000000001
00100000000000000000000000100000000000010010000000000000000000000000000000000000000000000000000000000000000000000000000000000000000000000000000000100000000000000000000000000000000000000000000000000001
00100000000000000000000000100000000000010010000000000000000000000000000000000000000000000000000000000000000000000000000000000000000000000000000000100000000000000000000000000000000000000000000000000001
00100000000000000000000001100100010000010010000000000000000000000000000000000000000000000000000000000000000000000000000000000000000000000000000000100000000000000000000000000000000000000000000000000001
00100000000000000000000000010000000000010010000000000000000000000000000000000000000000000000000000000000000000000000000000000000000000000000000000100000000000000000000000000000000000000000000000000001
00100000000000000000000000010000000000010010000000000000000000000000000000000000000000000000000000000000000000000000000000000000000000000000000000100000000000000000000000000000000000000000000000000001
00100000000000000000000000010000000000010010000000000000000000000000000000000000000000000000000000000000000000000000000000000000000000000000000000100000000000000000000000000000000000000000000000000001
00100000000000000000000000010000000001010110000000000000000000000000000000000000000000000000000000000000000000000000000000000000000000000000000000100000000000000000000000000000000000000000000000000001
00100000000010101000100100010000000000000000000000000000000000000000000000000000000000000000000000000000000000000000000000000000000000000000000000100000000000000000000000000000000000000000000000000001
00100000000000100000000100010000000000000000000000000000000000000000000000000000000000000000000000000000000000000000000000000000000000000000000000100000000000000000000000000000000000000000000000000001
00100000000000100000000100010000000000000000000000000000000000000000000000000000000000000000000000000000000000000000000000000000000000000000000000100000000000000000000000000000000000000000000000000001
00100000000000100000000100010000000000000000000000000000000000000000000000000000000000001001000010100000000000000000000000000000000000000000000000100000000000000000000000000000000000000000000000000001
00100000000000100000000100010000000000000000000000000000000000000000000000000000000000000001000000100000000000000000000000000000000000000000000000100000000000000000000000000000000000000000000000000001
00100000000000100000000100010000000000000000000000000000000000000000000000000000000000000001000000100000000000000000000000000000000000000000000000100000000000000000000000000000000000000000000000000001
00100000000001100100010100010000000000000000000000000000000000000000000000000000000000000001000000100000000000000000000000000000000000000000000000100000000000000000000000000000000000000000000000000001
00100000000000000000000000010000000000000000000000000000000000000000000000000000000000000001000000100000000000000000000000000000000000000000000000100000000000000000000000000000000000000000000000000001
00100000000000000000000000010000000000000000000000000000000000000000000000000000000000000001000000100000000010010000000000001010000000000000000000100000000000000000000000000000000000000000000000000001
00100000000000000000000000010000000000000000000000000000000000000000000000000000000000000001000000100000000000010000000000000010000000000000000000100000000000000000000000000000000000000000000000000001
00100000000000000000000000010000000000000000000000000000000000000000000000000000000000000001000000100000000000010000000000000010000000000000000000100000000000000000000000000000000000000000000000000001
00100000000000000000000000010000000000000000000000000000000000000000000000000000000000000001000000100000000000010000000000000010000000000000000000100000000000000000000000000000000000000000000000000001
00100000000000000000000000010000000000000000000000000000000000000000000000000000000000000001000000100000000000010000000010101001000000000000000000100000000000000000000000000000000000000000000000000001
00100000000000000000000000010000000000000000000000000000000000000000000000000000000000000101000001100000000000010000000000100001000000000000000000100000000000000000000000000000000000000000000000000001
00100000000000000000000000010000000000000000000000000000000000000000000000000000000000000000000000000000000000010000000000100001000000000000000000100000000000000000000000000000000000000000000000000001
00100000000000000000000000010000000000000000000000000000000000000000000000000000000000000000000000000000000000010000000000100001000000000000000000100000000000000000000000000000000000000000000000000001
00100000000000000000000000010000000000000000000000000000000000000000000000000000000000000000000000000000000000010000000000100001000000000000000000100000000000000000000000000000000000000000000000000001
00100000000000000000000000010000000010101000100100000000000000000000000000000000000000000000000000000000000000010000000000100001000000000000000000100000000000000000000000000000000000000000000000000001
00100000000000000000000000010000000000100000000100000000000000000000000000000000000000000000000000000000000000010000000000100001000000000000000000100000000000000000000000000000000000000000000000000001
00100000000000000000000000010000000000100000000100000000000000000000000000000000000000000000000000000000000000010000000001100101000000000000000000100000000000000000000000000000000000000000000000000001
00100000000000000000000000010000000000100000000100000000000000000000000000000000000000000000000000000000000001010000000000000110000000000000000000100000000000000000000000000000000000000000000000000001
00100000000000000000000000010000000000100000000100000000000000000000000000000000000000000000000000000000000000000000000000000000000000000000000000100000000000000000000000000000000000000000000000000001
00100000000000000000000000010000000000100000000100000000000000000000000000000000000000000000000000000000000000000000000000000000000000000000000000100000000000000000000000000000000000000000000000000001
00100000000000000000000000010000000001100100010100000000000000000000000000000000000000000000000000000000000000000000000000000000000000000000000000100000000000000000000000000000000000000000000000000001
00100000000000000000000000010000000000000000000000000000000000000000000000000000000000000000000000000000000000000000000000000000000000000000000000100000000000000000000000000000000000000000000000000001
00100000000000000000000001010000000000000000000000000000000000000000000000000000000000000000000000000000000000000000000000000000000000000000000001100000000000000000000000000000000000000000000000000001
01100100010001000100010001000100010001000100010001000100010001000100010001000100010001000100010001000100010001000100010001000100010001000100010001000100010001000100010001000100010001000100010001000101
