10101000100010001000100010001000100010001000100010001000100010001000100010001000100010001000100010001000100010001000100010001000100010001000100010001000100010001000100010001000100010001000100010001001
00100000000000000000000000000000000000000000000000000000000000000000000000000000000000000000000000000000000000000000000000000000000000000000000000000000000000000000000000000000000000000000000000000001
00100000000000000000000000000000000000000000000000000000000000000000000000000000000000000000000000000000000000000000000010101000100100000000000000000000000000000000000000000000000000000000000000000001
00100000000000000000000000000000000000000000000000000000000000000000000000000000000000000000000000000000000000000000000000100000000100000000000000000000000000000000000000000000000000000000000000000001
00100000000000000000000000000000000000000000000000000000000000000000000000000000000000000000000000000000000000000000000000100000000100000000000000000000000000000000000000000000000000000000000000000001
00100000000000000000000000000000000000000000000000000000000000000000000000000000000000000000000000000000000000000000000000100000000100000000000000000000000000000000000000000000000000000000000000000001
00100000000000000000000000000000000000000000000000000000000000000000000000000000000000000000000000000000000000000000000000100000000100000000000000000000000000000000000000000000000000000000000000000001
00100000000000000000000010101000100100000000000000000000000000000000000000000000000000000000000000000000000000000000000000100000000100000000000000000000000000000000000000000000000000000000000000000001
00100000000000000000000000100000000100000000000000000000000000000000000000000000000000000000000000000000000000000000000001100100010100000000000000000000000000000000000000000000000000000000000000000001
00100000000000000000000000100000000100000000000000000000000000000000000000000000000000000000000000000000000000000000000000000000000000000000000000000000000000000000000000000000000000000000000000000001
00100000000000000000000000100000000100000000000000000000000000001001000000000000000000000000000000000000000000000000000000000000000000000000000010100000000000000000000000000000000000000000000000000001
00100000000000000000000000100000000100000000000000000000000000000001000000000000000000000000000000000000000000000000000000000000000000000000000000100000000000000000000000000000000000000000000000000001
00100000000000000000000000100000000100000000000000000000000000000001000000000000000000000000000000000000000000000000000000000000000000000000000000100000000000000000000000000000000000000000000000000001
00100000000000000000000001100100010100000000000000000000000000000001000000000000000000000000000000000000000000000000000000000000000000000000000000100000000000000000000000000000000000000000000000000001
00100000000000000000000000000000000000000000000000000000000010101000100010001000100100000000000000000000000000000000000000000000000000000000000000100000000000000000000000000000000000000000000000000001
00100000000000000000000000000000000000000000000000000000000000100001000000000000000100000000000000000000000000000000000000000000000000000000000000100000000000000000000000000000000000000000000000000001
00100000000000000000000000000000000000000000000000000000000010101000100010001000100010001001000000000000000000000000000000000000000000000000000000100000000000000000000000000000000000000000000000000001
00100000000000000000000000000000000000000000000000000000000001100100010001000100010001000101000000000000000000000000000000000000000000000000000000100000000000000000000000000000000000000000000000000001
00100000000000000000000000000000000000000000000000000000000000000001000000000000000000000000000000000000000000000000000000000000000000000000000000100000000000000000000000000000000000000000000000000001
00100000000000000000000000000000000000000000000000000000000000000001000000000000000000000000000000000000000000000000000000000000000000000000000000100000000000000000000000000000000000000000000000000001
00100000000000000000000000000000000000000000000000000000000000000001000000000000000000000000000000000000000000000000000000000000000000000000000000100000000000000000000000000000000000000000000000000001
00100000000000000000000000000000000000000000000000000000000000000001000000000000000000000000000000000000000000000000000000000000000000000000000000100000000000000000000000000000000000000000000000000001
00100000000000000000000000000000000000000000000000000000000000000001000000000000000000000000000000000000000010101001000000000000000000000000000000100000000000000000000000000000000000000000000000000001
00100000000000000000000000000000000000000000000000000000000000000001000000000000000000000000000000000000000000100001000000000000000000000000000000100000000000000000000000000000000000000000000000000001
00100000000000000000000000000000000000000000000000000000000000000001000000000000000000000000000000000000000000100001000000000000000000000000000000100000000000000000000000000000000000000000000000000001
00100000000000000000000000000000000000000000000000000000000000000001000000000000000000000000000000000000000000100001000000000000000000000000000000100000000000000000000000000000000000000000000000000001
00100000000000000000000000000000000000000000000000000000000000000001000000000000000000000000000000000000000000100001000000000000000000000000000000100000000000000000000000000000000000000000000000000001
00100000000000000000000000001010100010010000000000000000000000000001000000000000000000000000000000000000000000100001000000000000000000000000000000100000000000000000000000000000000000000000000000000001
00100000000000000000000000000010000000010000000000000000000000000001000000000000000000000000000000000000000000100001000000000000000000000000000000100000000000000000000000000000000000000000000000000001
00100000000000000000000000000010000000010000000000000000000000000001000000000000000000000000000000000000000001100101000000000000000000000000000000100000000000000000000000000000000000000000000000000001
00100000000000000000000000000010000000010000000000000000000000000001000000000000000000000000000000000000000000000000000000000000000000000000000000100000000000000000000000000000000000000000000000000001
00100000000000000000000000000010000000010000000000000000000000000001000000000000000000000000000000000000000000000000000000000000000000000000000000100000000000000000000000000000000000000000000000000001
00100000000000000000000000000010000000010000000000000000000000000001000000000000000000000000000000000000000000000000000000000000000000000000000000100000000000000000000000000000000000000000000000000001
00100000000000000000000000000110010001010000000000000000000000000001000000000000000000000000000000000000000000000000000000000000000000000000000000100000000000000000000000000000000000000000000000000001
00100000000000000000000000000000000000000000000000000000000000000001000000000000000000000000000000000000000000000000000000000000000000000000000000100000000000000000000000000000000000000000000000000001
00100000000000000000000000000000000000000000000000000000000000000001000000000000000000000000000000000000000000000000000000000000000000000000000000100000000000000000000000000000000000000000000000000001
00100000000000000000000000000000000000000000000000000000000000000001000000000000000000000000000000000000000000000000000000000000000000000000000000100000000000000000000000000000000000000000000000000001
00100000000000000000000000000000000000000000000000000000000000000001000000000000000000000000000000000000000000000000000000000000000000000000000000100000000000000000000000000000000000000000000000000001
00100000000000000000000000000000000000000000000000000000000000000101000000000000000000000000000000000000000000000000000000000000000000000000000001100000000000000000000000000000000000000000000000000001
01100100010001000100010001000100010001000100010001000100010001000100010001000100010001000100010001000100010001000100010001000100010001000100010001000100010001000100010001000100010001000100010001000101
