10101000100010001000100010001000100010001000100010001000100010001000100010001000100010001000100010001000100010001000100010001000100010001000100010001000100010001000100010001000100010001001
00100000000000000000000000010000000000000000000000000000000000000000101010001001000000000000000000000000000000000000000000000000000000000000001000000000000000000000000000000000000000000001
00100000000000000000000000010000000000000000000000000000000000000000001000000001000000000000000000000000000000000000000000000000000000000000001000000000000000000000000000000000000000000001
00100000000000000000000000010000000000000000000000000000000000000000001000000001000000000000000000000000000000000000000000000000000000000000001000000000000000000000000000000000000000000001
00100000000000000000000000010000000000001001000000000000000000000000001000000001000000000000000000000000000000000000000000000000000010100000001000000000000000000000000000000000000000000001
00100000000000000000000000010000000000000001000000000000000000000000001000000001000000000000000000000000000000000000000000000000000000100000001000000000000000000000000000000000000000000001
00100000000000000000000000010000000000000001000000000000000000000000001000000001000000000000000000000000000000000000000000000000000000100000001000000000000000000000000000000000000000000001
00100000000000000000000000010000000000000001000000000000000000000000011001000101000000000000000000000000000000000000000000000000000000100000001000000000000000000000000000000000000000000001
00100000000000000000000000010000000000000001000000000000100100000000000000000000000000000000000000000000000000000000000000000000000000101010001000000000000000000000000000000000000000000001
00100000000000000000000000010000000000000001000000000000000100000000000000000000000000000000000000000000000000000000000000000000000000100010001000000000000000000000000000000000000000000001
00100000000000000000000000010000000000000001000000000000000100000000000000000000000000000000000000000000000000000000000000000000000000100010001000000000000000000000000000000000000000000001
00100000000000000000000000010000000000000001000000000000000100000000000000000000000000000000000000000000000000000000000000000000000000100010001000000000000000000000000000000000000000000001
00100000000000000000000000010000000000000001000000000000000100000000000000000000000000000000000000000000000000000000000000000000000000100010001000000000000000000000000000000000000000000001
00100000000000000000000000010000000000000001000000000000000100000000000000000000000000000000000000000000000000000000000000000000000000100010001000000000000000000000000000000000000000000001
00100000000000000000000000010000000000000001000000000000000100000000000000000000000000000000000000000000000000000000000000000000000000100010001000000000000000000000000000000000000000000001
00100000000000000000000000010000000000000001000000000000000100000000000000000000000000000000000000000000000000000000000000000000000000100010001000000000000000000000000000000000000000000001
00100000000000000000000000010000000000000001000000000000000100000000000000000000000000000000000000000000000000000000000000000000000000100010001000000000000000000000000000000000000000000001
00100000000000000000000000010000000000000001000000000000000100000000000000000000000000000000000000000000000000000000000000000000000000100010001000000000000000000000000000000000000000000001
00100000000000000000000000010000000000000001000000000000000100000000000000000000000000000000000000000000000000000000000000000000000000100010001000000000000000000000000000000000000000000001
00100000000000000000000000010000000000000001000000000000000100000000000000000000000000000000000000000000000000000000000000000000000000100010001000000000000000000000000000000000000000000001
00100000000000000000000000010000000000000001000000000000000100000000000000000000000000000000000000000000000000000000000000000000000000100010001000000000000000000000000000000000000000000001
00100000000000000000000000010000000000000001000000000000000100000000000000000000000000000000000000000000000000000000000000000000000000100010001000000000000000000000000000000000000000000001
00100000000000000000000000010000000000000001000000000000000100000000000000000000000000000000000000000000000000000000000000000000000000100010001000000000000000000000000000000000000000000001
00100000000000000000000000010000000000000001000000000000000100000000000000000000000000000000000000000000000000000000100100000000101000100010001000000000000000000000000000000000000000000001
00100000000000000000000000010000000000000001000000000000000100000000000000000000000000000000000000000000000000000000000100000000001000100010001000000000000000000000000000000000000000000001
00100000000000000000000000010000000000000001000000000000000100000000000000000000000000000000000000000000000000000000000100000000001000100010001000000000000000000000000000000000000000000001
00100000000000000000000000010000000000000001000000000000000100000000000000000000000000000000000000000000000000000000000100000000100100100010001000000000000000000000000000000000000000000001
00100000000000000000000000010000000000000001000000000000000100000000000000000000000000000000000000000000000000000000000100000000000110010010001000000000101000000000000000000000000000000001
00100000000000000000000000010000000000000001000000000000000100000000000000000000000000000000000000000000000000000000000100000000000100010010001000000000001000000000000000000000000000000001
00100000000000000000000000010000000000000001000000000000000100000000000000000000000000000000000000000000000000000000000100000000000100010010001000000000001000000000000000000000000000000001
00100000000000000000000000010000000000000001000000000000000100000000000000000000000000000000000000000000000000000110010001000100010001000100010001000101001000000000000000000000000000000001
00100000000000000000000000010000000000000001000000000000000100000000000000000000000000000000000000000000000000001010100010001000100010001000100010001001001000000000000000000000000000000001
00100000000000000000000000010000000000000001000000000000000100000000000000000000000000000000000000000000000000000000000100000000000100010010001000000000001000000000000000000000000000000001
00100000000000000000000000010000000000000001000000000000000100000000000000000000000000000000000000000000000010101000100100000000000100010010001000000000001000000000000000000000000000000001
00100000000000000000000000010000000000000001000000000000000100000000000000001010100010010000000000000000000000100000000100000000010100010010001000000000001000000000000000000000000000000001
00100000000000000000000000010000000000000101000000000000000100000000000000000010000000010000000000000000000000100000000100000000000000010010001000000000001000000000000000000000000000000001
00100000000000000000000000010000000000000000000000000000010100000000000000000010000000010000000000000000000000100000000100000000000000010110001000000000001000000000000000000000000000000001
00100000000000000000000001010000000000000000000000000000000000000000000000000010000000010000000000000000000000100000000100000000000000010000011000000000001000000000000000000000000000000001
00100000000000000000000000000000000000000000000000000000000000000000000000000010000000010000000000000000000000100000000100000000000000010000000000000000001000000000000000000000000000000001
00100000000000000000000000000000000000000000000000000000000000000000000000000010000000010000000000000000000001100100010100000000000000010000000000000000001000000000000000000000000000000001
00100000000000000000000000000000000000000000000000000000000000000000000000000110010001010000000000000000000000000000000000000000000001010000000000000000011000000000000000000000000000000001
01100100010001000100010001000100010001000100010001000100010001000100010001000100010001000100010001000100010001000100010001000100010001000100010001000100010001000100010001000100010001000101
