101010001000100010001000100010001000100010001000100010001000100010001000100010001000100010001000100010001000100010001000100010001000100010001000100010001000100010001001
001000000000000000000000000000000000000000000000000000000000000000000000000000000000000000000000000000000000000000000000000000000000000000000000000000000000000000000001
001000000000000000000000000000000000000000000000000000000000000000000000000000000000000000000000000000000000000000000000000000000000000000000000000000000000000000000001
001000000000000000000000000000000000000000000000000000000000000000000000000000000000000000000000000000000000000000000000000000000000000000000000000000000000000000000001
001000000000000000000000000000000000000000000000000000000000000000000000000000000000000000000000000000000000000000000000000000000000000000000000000000000000000000000001
001000000000000000000000000000000000000000000000000000000000000000000000101010001001000000000000000000000000000000000000000000000000000000000000000000000000000000000001
001000000000000000000000000000000000000000000000000000000000000000000000001000000001000000000000000000000000000000000000000000000000000000000000000000000000000000000001
001000000000000000000000000000000000000000000000000000000000000000000000001000000001000000000000000000000000000000000000000000000000000000000000000000000000000000000001
001000000000000000000000000000000000000010101000100100000000000000000000001000000001000000000000000000000000000000000000000000000000000000000000000000000000000000000001
001000000000000000000000000001100100010001000100010001000100010001000100010001000100010001000100010001010000000000000000000000000000000000000000000000000000000000000001
001000000000000000000000000000000000000000100000000100000000000010010000001000000001000000000000000000000000000000000000000000000000000000000000000000000000000010100001
001000000000000000000000000000000000000000100000000100000000000000010000011001000101000000000000000000000000000000000000000000000000000000000000000000000000000000100001
001000000000000000000000000000000000000000100000000100000000000000010000000000000000000000000000000000000000000000000000000000000000000000000000000000000000000000100001
001000000000000000000000000000000000000000100000000100000000000000010000000000000000000000000000000000000000000000000000000000000000000000000000000000000000000000100001
001000000000000000000000000000000000000001100100010100000000000000010000000000000000000000000000000000000000000000000000000000000000000000000000000000000000000000100001
001000000000000000000000000000000000000000000000000000000000000000010000000000000000000000000000000000000000000000000000000000000000000000000000000000000000000000100001
001000000000000000000000000000000000000000000000000000000000000000010000000000000000000000000000000000000000000000000000000000000000000000000000000000000000000000100001
001000000000000000000000000000000000000000000000000000000000000000010000000000000000000000000000000000000000000000000000000000000000000000000000000000000000000000100001
001000000000000000000000000000000000000000000000000000000000000000010000000000000000000000000000000000000000000000000000000000000000000000000000000000000000000000100001
001000000000000000000000000010101000100010001000100010001000100010001000100010001000100010001000100010010000000000000000000000000000000000000000000000000000000000100001
001000000000000000000000000000000000000000000000000000000000000000010000000000000000000000000000000000000000000000000000000000000000000000000000000000000000000000100001
001000000000000000000000000000000000000000000000000000000000000000010000000000000000000000000000000000000000000000000000000000000000000000000000000000000000000000100001
001000000000000000000000000000000000000000000000000000000000000000010000000000000000000000000000000000000000000000000000000000000000000000000000000000000000000000100001
001000000000000000000000000000000000000000000000000000000000000000010000000000000000000000000000000000000000000000000000000000000000000000000000000000000000000000100001
001000000000000000000000000000000000000000000000000000000000000000010000000000000000000000000000000000000000000000000000000000000000000010101000100100000000000000100001
001000000000000000000000000000000000000000000000000000000000000000010000000000000000000000000000000000000000000000000000000000000000000000100000000100000000000000100001
001000000000000000000000000000000000000000000000000000000000000000010000000000000000000000000000000000000000000000000000000000000000000000100000000100000000000000100001
001000000000000000000000000000000000000000000000000000000000000000010000000000000000000000000000000000000000000000000000000000000000000000100000000100000000000000100001
001000000000000000000000000000000000000000000000000000000000000000010000000000000000000000000000000000000000000000000000000000000000000000100000000100000000000000100001
001000000000000000000000000000000000000000000000000000000000000000010000000000000000000000000000000000000000000000000000000000000000000000100000000100000000000000100001
001000000000000000000000000000000000000000000000000000000000000000010000000000000000000000000000000000000000000000000000000000000000000001100100010100000000000000100001
001000000000000000000000000000000000000000000000000000000000000000010000000000000000000000000000000000000000000000000000000000000000000000000000000000000000000000100001
001000000000000000000000000000000000000000000000000000000000000000010000000000000000000000000000000000000000000000000000000000000000000000000000000000000000000000100001
001000000000000000000000000000000000000000000000000000000000000000010000000000000000000000000000000000000000000000000000000000000000000000000000000000000000000000100001
001000000000000000000000000000000000000000000000000000000000000000010000000000000000000000000000000000000000000000000000000000000000000000000000000000000000000000100001
001000000000000000000000000000000000000000000000000000000000000000010000000010101000100100000000000000000000000000000000000000000000000000000000000000000000000000100001
001000000000000000000000000000000000000000000000000000000000000000010000000000100000000100000000000000000000000000000000000000000000000000000000000000000000000000100001
001000000000000000000000000000000000000000000000000000000000000000010000000000100000000100000000000000000000000000000000000000000000000010101000100110101000100100100001
001000000000000000000000000000000000000000000000000000000000000000010000000000100000000100000000000000000000000000000000000000000000000000100000000100100000000100100001
001000000000000000000000000000000000000000000000000000000000000000010000000000100000000100000000000000000000000000000000000000000000000000100000000100100000000100100001
001000000000000000000000000000000000000000000000000000000000000000010000000000100000000100000000000000000000000000000000000000000000000000100000000100100000000100100001
001000000000000000000000000000000000000000000000000000000000000000010000000001100100010100000000000000000000000000000000000000000000000000100000000100100000000100100001
001000000000000000000000000000000000000000000000000000000000000001010000000000000000000000000000000000000000000000000000000000000000000000100000000100100000000101100001
001000000000000000000000000000000000000000000000000000000000000000000000000000000000000000000000000000000000000000000000000000000000000001100100010101100100010100000001
001000000000000000000000000000000000000000000000000000000000000000000000000000000000000000000000000000000000000000000000000000000000000000000000000000000000000000000001
001000000000000000000000000000000000000000000000000000000000000000000000000000000000000000000000000000000000000000000000000000000000000000000000000000000000000000000001
011001000100010001000100010001000100010001000100010001000100010001000100010001000100010001000100010001000100010001000100010001000100010001000100010001000100010001000101
