1010100010001000100010001000100010001000100010001000100010001000100010001000100010001000100010001000100010001000100010001000100010001000100010001001
0010000000000000000000000000100100000000000000000000000000000000000000000000000000000000000000000000000000000000000010100000000000000000000000000001
0010000000000000000000000000000100000000000000000000000000000000000000000000000000000000000000000000000000000000000000100000000000000000000000000001
0010000000000000000000000000000100000000000000000000000000000000000000000000000000000000000000000000000000000000000000100000000000000000000000000001
0010000000000000000000000000000100001010100100000000000000000000000000000000000000000000000000000000000000000000000000100000000000000000000000000001
0010000000000000000000000000000100000010000100000000000000000000000000000000000000000000000000000000000000000000000000100000000000000000000000000001
0010000000000000000000000000000100000010000100000000000000000000000000000000000000000000101010001001000000000000000000100000000000000000000000000001
0010000000000000000000000000000100000010000100000000000000000000000000000000000000000000001000000001000000000000000000100000000000000000000000000001
0010000000000000000000000000000100000010000100000000000000000000000000000000000000000000001000000001000000000000000000100000000000000000000000000001
0010000000000000000000000000000100000010000100000000000000000000000000000000000000000000001000000001000000000000000000100000000000000000000000000001
0010000000000000000000000000000100000010000100000000000000000000000000000000000000000000001000000001000000000000000000100000000000000000000000000001
0010000000000000000000000000000100000110010100000000000000000000000000000000000000000000001000000001000000000000000000100000000000000000000000000001
0010000000000000000000000000000100000000000000000000000000000000000000000000000000000000011001000101000000000000000000100000000000000000000000000001
0010000000000000000000000000000100000000000000000000000000000000000000000000000000000000000000000000000000000000000000100000000000000000000000000001
0010000000000000000000000000000100000000000000000000000000000000000000000000000000000000000000000000000000000000000000100000000000000000000000000001
0010000000000000000000000000000100000000000000000000000000000000000000000000000000000000000000000000000000000000000000100000000000000000000000000001
0010000000000000000000000000000100000000000000000000000000000000000000000000000000000000000000000000000000000000000000100000000000000000000000000001
0010000000000000000000000000000100000000000000000000000000000000000000000000000000000000000000000000000000000000000000100000000000000000000000000001
0010000000000000000000000000000100000000000000000000000000000000000000000000000000000000000000000000000000000000000000100000000000000000000000000001
0010000000000000000000000000000100000000000000000000000000000000000000000000000000000000000000000000000000000000000000100000000000000000000000000001
0010000000000000000000000000000100000000000000000000000000000000000000000000000000000000000000000000000000000000000000100000000000000000000000000001
0010000000000000000000000000000100000000000000000000000000000000000000000000000000000000000000000000000000000000000000100000000000000000000000000001
0010000000000000000000000000000100000000000000000000000000000000000000000000000000001010100010001000100010001000100100100000000000000000000000000001
0010000000000000000000000000000100000000000000000000000000000000000000000000000000000110010001000100010001000100010100100000000000000000000000000001
0010000000000000000000000000000100000000000000000000000000000000000000000000000000000000000000000000000000000000000000100000000000000000000000000001
0010000000000000000000000000000100000000000000000000000000000000000000000000000000000000000000000000000000000000000000100000000000000000000000000001
0010000000000000000000000000000100000000000000000000000000000000000000000000000000000000000000000000000000000000000000100000000000000000000000000001
0010000000000000000000000000000100000000000000000000000000000000000000000000000000000000000000000000000000000000000000100000000000000000000000000001
0010000000000000000000000000000100000000000000000000000000000000000000000000000000000000000000000000000000000000000000100000000000000000000000000001
0010000000000000000000000000000100000000000000000000000000000000000000000000000000000000000000000000000000000000000000100000000000000000000000000001
0010000000000000000000000000000100000000000000000000000000000000000000000000000000000000000000000000000000001010100010010000000000000000000000000001
0010000000000000000000000000010100000000000000000000000000000000000000000000000000000000000000000000000000000010000000010000000000000000000000000001
0010000000000000000000000000000000001010100010010000000000000000000000000000000000001010100010010000000000001010100010101000100100000000000000000001
0010000000000000000000000000000000000010000000010000000000000000000000000000000000000010000000010000000000000010000000100000000100000000000000000001
0010000000000000000000000000000000000010000000010000000000000000000000000000000000000010000000010000000000000010000000100000000100000000000000000001
0010000000000000000000000000000000000010000000010000000000000000000000000000000000000010000000010000000000000010000000100000000100000000000000000001
0010000000000000000000000000000000000010000000010000000000000000000000000000000000000010000000010000000000000010010000100000000100000000000000000001
0010000000000000000000000000000000000010000000010000000000000000000000000000000000000010000000010000000000000010000000100000000100000000000000000001
0010000000000000000000000000000000000110010001010000000000000000000000000000000000000110010001010000000000000110010001100100010100000000000000000001
0010000000000000000000000000000000000000000000000000000000000000000000000000000000000000000000000000000000000000000000000000000000000000000000000001
0010000000000000000000000000000000000000000000000000000000000000000000000000000000000000000000000000000000000000000000000000000000000000000000000001
0010000000000000000000000000000000000000000000000000000000000000000000000000000000000000000000000000000000000000000000000000000000000000000000000001
0010000000000000000000000000000000000000000000000000000000000000000000000000000000000000000000000000000000000000000000000000000000000000000000000001
0010000000000000000000000000000000000000000000000000000000000000000000000000000000000000000000000000000000000000000000000000000000000000000000000001
0010000000000000000000000000000000000000000000000000000000000000000000000000000000000000000000000000000000000000000000000000000000000000000000000001
0010000000000000000000000000000000000000000000000000000000000000000000000000000000000000000000000000000000000000000000000000000000000000000000000001
0010000000000000000000000000000000000000000000000000000000000000000000000000000000000000000000000000000000000000000000000000000000000000000000000001
0010000000000000000000000000000000000000000000000000000000000000000000000000000000000000000000000000000000000000000000000000000000000000000000000001
0010000000000000000000000000000000000000000000000000000000000000000000000000000000000000000000000000000000000000000000000000000000000000000000000001
0010000000000000000000000000000000000000000000000000000000000000000000000000000000000000000000000000000000000000000000000000000000000000000000000001
0010000000000000000000000000000000000000000000000000000000000000000000000000000000000000000000000000000000000000000000000000000000000000000000000001
0010000000000000000000000000000000000000000000000000000000000000000000000000000000000000000000000000000000000000000000000000000000000000000000000001
0110010001000100010001000100010001000100010001000100010001000100010001000100010001000100010001000100010001000100010001000100010001000100010001000101
