10101000100010001000100010001000100010001000100010001000100010001000100010001000100010001000100010001000100010001000100010001000100010001000100010001000100010001000100010001001
00100000000000000000000000000000000000000000000000000000000000000000000000000000000000000000000000000000000000000000000000000000000000000000000000000000000000000000000000000001
00100000000000000000000000000000000000000000000000000000000000000000000000000000000000000000000000000000000000000000000000000000000000000000000000000000000000000000000000000001
00100000000000000000000000000000000000000000000000000000000000000000000000000000000000000000000000000000000000000000000000000000000000000000000000000000000000000000000000000001
00100000011001000100010001000100010001000100010001000100010001000100010001000100010001000100010100000000000000000000000000000000000000000000000000000000000010101000100100000001
00100000000000000000000000000000000000000000000000000000000000000000000000000000000000000000000000000000000000000000000000000000000000000000000000000000000000100000000100000001
00101000101010101000100100000000000000000000000000000000000000000000000000000000000000000000000000000000000000000000000000000000000000000000000000000000000000100000000100000001
00100000001000100001000100000000000000000000000000001001000000000000000000000000000000000000000000000000000000000000101000000000000000000000000000000000000000100000000100000001
00100000001000100001000100000000000000000000000000000001000000000000000000000000000000000000000000000000000000000000001000000000000000000000000000000000000000100000000100000001
00100000001000100001000100000000000000000000000000000001000010010000000000000000000000000000000000000000000000001010101000000000000000000000000000000000000000100000000100000001
00100000001000100001000100000000000000000000000000000001000000010000000000000000000000000000000000000000000000000010001000000000000000000000000000000000000001100100010100000001
00100000001000100001000100000000000000000000000000000001000000010000000000000000000000000000000000000000000000000010001000000000000000000000000000000000000000000000000000000001
00100100011001100100010100000000000000000000000000000001000000010000000000000000000000000000000000000000000000000010001000000000000000000000000000000000000000000000000000000001
00100000000000000000000000000000000000000000000000000001000000010000000000000000000000000000000000000000000000000010001000000000000000000000000000000000000000000000000000000001
00100000000000000000000000000000000000000000000000000001000000010000000000000000000000000000000000000000000000000010001010101000100100000000000000000000000000000000000000000001
00100000000000000000000000000000000000000000000000000110010001000100010001000100010001010000000000000000000000000010001000100000000100000000000000000000000000000000000000000001
00100000000000000000000000000000000000000000000000000001000000010000000000000000000000000000000000000000000000000010001000100000000100000000000000000000000000000000000000000001
00100000101010001000100010001000100010001000100010001000100010001000100010001000100010001000100100000000000000000010001000100000000100000000000000000000000000000000000000000001
00100000000000000000000000000000000000000000000000000001000000010000000000000000000000000000000000000000000000000010001000100000000100000000000000000000000000000000000000000001
00100000000000000000000000000000000000000000000000000001000000010000000000000000000000000000000000000000000000000010001000100000000100000000000000000000000000000000000000000001
00100000000000000000000000000000000000000000000000000001000000010000000000000000000000000000000000000000100110100010001001100100010100000000000000000000000000000000000000000001
00100000000000000000000000000000000000000000000000000001000000010000000000000000000000000000000000000000000100100010001000000000000000000000000000000000000000000000000000000001
00100000000000000000000000000000000000000000000000000001000000010000000000000000000000000000000000000000000100100010001000000000000000000000000000000000000000000000000000000001
00100000000000000000000000000000000000000000000000000001000000010000000000000000000000000000000000000000000100100010001000000000000000000000000000000000000000000000000000000001
00100000000000000000000000000000000000000000000000000001000000010000000000000000000000000000000000000000000100100010001000000000000000000000000000000000000000000000000000000001
00100000000000000000000000000000000000000000000000000001000000010000000000000000000000000000000000000000000100100010001000000000000000000000000000000000000000000000000000000001
00100000000000000000000000000000000000000000000000000001000000010000000000000000000000000000000000000000000100100010001000000000000000000000000000000000000000000000000000000001
00100000000000000000000000000000000000000000000000000001000000010000000000000000000000000000000000000000000100100010001000000000000000000000000000000000000000000000000000000001
00100000000000000000000000000000000000000000000000000001000000010000000000000000000000000000000000000000000100100010001000000000000000000000000000000000000000000000000000000001
00100000000000000000000000000000000000000000000000000001000000010000000000000000000000000000000000000000010101100100010001000100010001000100010001000101000000000000000000000001
00100000000000000000000000000000000000000000000000000001000000010000000000000000000000000000000000000000000000000110001000000000000000000000000000000000000000000000000000000001
00100000000000000000000000000000000000000000000000000101000001010000000000000000000000000000000000000000000010101000100010001000100010001000100010001001000000000000000000000001
00100000000000000000000000000000000000000000000000000000000000000000000000000000000000000000000000000000000000000000000000000000000000000000000000000000000000000000000000000001
00100000000000000000000000000000000000000000000000000000000000000000000000000000000000000000000000000000000000000000000000000000000000000000000000001010100010010000000000000001
00100000000000000000000000000000000000000000000000000000000000000000000000000000000000000000000000000000000000000000000000000000000000000000000000000010000000010000000000000001
00100000000000000000000000000000000000000000000000000000000000000000000000000000000000000000000000000000000000000000000000000000000000000000000000000010000000010000000000000001
00100000000000000000000000000000000000000000000000000000000000000000000000000000000000000000000000000000000000000000000000000000000000000000000000000010000000010000000000000001
00100000000000000000000000000000000000000000000000000000000000000000000000000000000000000000000000000000000000000000000000000000000000000000000000000010000000010000000000000001
00100000000000000000000000000000000000000000000000000000000000000000000000000000000000000000000000000000000000000000000000000000000000000000000000000010000000010000000000000001
00100000000000000000000000000000000000000000000000000000000000000000000000000000000000000000000000000000000000000000000000000000000000000000000000000110010001010000000000000001
00100000000000000000000000000000000000000000000000000000000000000000000000000000000000000000000000000000000000000000000000000000000000000000000000000000000000000000000000000001
00100000000000000000000000000000000000000000000000000000000000000000000000000000000000000000000000000000000000000000000000000000000000000000000000000000000000000000000000000001
00100000000000000000000000000000000000000000000000000000000000000000000000000000000000000000000000000000000000000000000000000000000000000000000000000000000000000000000000000001
00100000000000000000000000000000000000000000000000000000000000000000000000000000000000000000000000000000000000000000000000000000000000000000000000000000000000000000000000000001
01100100010001000100010001000100010001000100010001000100010001000100010001000100010001000100010001000100010001000100010001000100010001000100010001000100010001000100010001000101
