1010100010001000100010001000100010001000100010001000100010001000100010001000100010001000100010001000100010001000100010001000100010001000100010001000100010001000100010001001
0010000000000000000000000000000000000000000000000000000000000000000000000000000000000000000000000000000000000000000000000000000000000000000000000000000000000000000000000001
0010000000000000000000000000000000000000000000000000000000000000000000000000000000000000000000000000000000000000000000000000000000000000000000000000000000000000000000000001
0010000000000000000000000000000000000000000010101000100100000000000000000000000000000000000000000000000000000000000000000000000000000000000000000000000000000000000000000001
0010000000000000000000000000000000000000000000100000000100000000000000000000000000000000000000000000000000000000000000000000000000000000000000000000000000000000000000000001
0010000000000000000000000000000000000000000010010000000100000000000000000000000000000000000000000000000000000000000000000000000000000000000000000000101000000000000000000001
0010000000000000000000000000000000000000000000011001000100000000000010101000100100000000000000000000000000000000000000000000000000000000000000000000001000000000101000000001
0010000000000000000000000000000000000000000000010001000100000000000000100000000100000000000000000000000000000000000000000000000000000000000000000000001000000000001000000001
0010000000000000000000000000000000000000000000010001000100000000000000100000000100000000000000000000000000000000000000000000000000000000000000000000001000000000001000000001
0010000000000000000000000000000000000000000000010001010100000000000000100000000100000000000000000000000000000000000000000000000000000000000000000000001000000000001000000001
0010000000000000000000000000000000000000000000010001000000000000000000100000000100000000000000000000000000000000000000000000000000000000000000000000001000000000001000000001
0010000000000000000000000000000000000000000000010001000000000000000000100000000100000000000000000000000000000000000000000000000000000000000000000000001000000000001000000001
0010000000000000000000000000000000000000000000010001000000000000000001100100010100000000000000000000000000000000000000000000000000000000000000000000001000000000001000000001
0010000000000000000000000000000000000000000000010001000000000000000000000000100100000000000000000000000000000000000000000000000000000000000000000000001000001010001000000001
0010000000000000000000000000000000000000000000010001000000000000000000000000000100000000000000000000000000000000000000000000000000000000000000000000001000000010001000000001
0010000000000000000000000000000000000000000000010001000000000000000000000000000100000000000000000000000000000000000000000000000000000000000000000000001000000010001000000001
0010000000000000000000000000000000000000000000010001000000001010100010010000000100000000100100000000000000000000000000000000000000000000000000000000001000000010101000000001
0010000000000000000000000000000000000000000000010001000000000010000000010000000100000000000100000000000000000000000000000000000000000000000000000000001000000010001000000001
0010000000000000000000000000000000000000000000010001000000000010000000010000000100000000000100000000000000000000000000000000000000000000000000000000001000000010001000000001
0010000000000000000000000000000000000000000000010001000000000010000000010000000100000000000100000000000000000000000000000000000000000000000000000000001000000010001000000001
0010000000000000000000000000000000000000000000010001000000000010000000010000000100000000000100000000000000000000000000000000000000000000000000000000001000000010001000000001
0010000000000000000000000000000000000000000000010001000000000010000000010000000100000000000100000000000000000000000000000000000000000000000000000000001000000010001000000001
0010000000000000000000000000000000000000000000010001000000000110010001010000000100000000000100000000000000000000000000000000000000000000000000000000001000000010001000000001
0010000000000000000000000000000000000000000000010001000000000000000000000000000100000000000100000000000000000000000000000000000000000000000000000000001000000010001000000001
0010000000000000000000000000000000000000000000010001000000000000000000000000000100000000000100000000000000000000000000000000000000000000000000000000001000000010001000000001
0010000000000000000000000000000000000000000000010001000000000000000000000000000100000000000100000000000000000000000000000000000000000000000000000000001000000010001000000001
0010000000000000000000000000000000000000000000010001000000000000000000000000000100000000000100000000000000000000000000000000000000000000000000000000001000000010001000000001
0010000000000000000000000000000000000000000000010001000000000000000000000000000100000000000100000000000000000000000000000000000000000000000000000000001000000010001000000001
0010000000000000000000000000000000000000000000010001000000000000000000000000000100000000000100000000000000000000000000000000000000000000000000000000001000000010001000000001
0010000000000000000000000000000000000000000000010001000000000000000000000000000100000000000100000000000000000000000000000000000000000000000010011010001000000010001000000001
0010000000000000000000000000000000000000000000010001000000000000000000000000000100000000000100000000000000000000000000000000000000000000000000010010001000000010001000000001
0010000000000000000000000000000000000000000000010001000000000000000000000000000100000000000100000000000000000000000000000000000000000000000000010010001000000010001000000001
0010000000000000000000000000000000000000000000010001000000000000000000000000000100000000000100000000000000000000000000000000000000000000000000010010001000000010001000000001
0010000000000000000000000000000000000000000000010001000000000000000000000000000100000000000100000000000000000000000000000000000000000000000000010010001000000010001000000001
0010000000000000000000000000000000000000000000010001000000000000000000000000000100000000000100000000000000000000000000000000000000000000000000010010001000000010001000000001
0010000000000000000000000000000000000000000000010001000000000000000000000000000100000000000100000000000000000000000000000000000000000000000000010010001000000010001000000001
0010000000000000000000000000000000000000000000010001000000000000000000000000000100000000000100000000000000000000000000000000000000000000000000010010001000000010001000000001
0010000000000000000000000000000000000000000000010001000000000000000000000000000100000000000100000000000000000000000000000000000000000000000000010010001000000010001000000001
0010000000000000000000000000000000000000000000010001000000000000000000000000000100000000000100000000000000000000000000000000000000000000000001010110001000000010001000000001
0010000000000000000000000000000000000000000001010001000000000000000000000000000100000000000100000000000000000000000000000000000000000000000000000000011000000010001000000001
0010000000000000000000000000000000000000000000000001000000000000000000000000000100000000000100000000000000000000000000000000000000000000000000000000000000000010001000000001
0010000000000000000000000000000000000000000000000001000000000000000000000000010100000000000100000000000000000000000000000000000000000000000000000000000000000110001000000001
0010000000000000000000000000000000000000000000000101000000000000000000000000000000000000010100000000000000000000000000000000000000000000000000000000000000000000011000000001
0010000000000000000000000000000000000000000000000000000000000000000000000000000000000000000000000000000000000000000000000000000000000000000000000000000000000000000000000001
0010000000000000000000000000000000000000000000000000000000000000000000000000000000000000000000000000000000000000000000000000000000000000000000000000000000000000000000000001
0110010001000100010001000100010001000100010001000100010001000100010001000100010001000100010001000100010001000100010001000100010001000100010001000100010001000100010001000101
