1010100010001000100010001000100010001000100010001000100010001000100010001000100010001000100010001000100010001000100010001000100010001000100010001000100010001000100010001000100010001001
0010000000000000000000000000000000000000000000000000000000000000000000000000000000000000000000000000000000000000000000000000000000000000000000000000000000000000000000000000000000000001
0010000000000000000000000000000000000000000000000000000000000000000000000000000000000000000000000000000000000000000000000000000000000000000000000000000000000000000000000000000000000001
0010000000000000000000000000000000000000000000000000000000000000000000000000000000000000000000000000000000000000000000000000000000000000000000000000000000000000000000000000000000000001
0010000000000000000000000000000000000000000000000000000000000000000000000000000000000000000000000000000000000000000000000000000000000000000000000000000000000000000000000000000000000001
0010000000000000000000000000000000000000000000000000000000000000000000000000000000000000000000000000000000000000000000000000000000000000000000000000000000000000000000000000000000000001
0010000000000000000000000000000000000000000000000000000000000000000000000000000000000000000000000000000000000000000000000000000000000000000000000000000000000000000000000000000000000001
0010000000000000000000000000000000000000000000000000000000000000000000000000000000000000000000000000000000000000000000000000000000000000000000000000000000000000000000000000000000000001
0010000000000000000000000000000000000000000000000000000000001010100010010000000000000000000000000000000000000000000000000000000000000000000000000000000000000000000000000000000000000001
0010000000000000000000000000000000000000000000000000000000000010000000010000000000000000000000000000000000000000000000000000000000000000000000000000000000000000000000000000000000000001
0010000000000000000000000000000000000000000000000000000000000010100100010000000000000000000000000000000000000000000000000000000000001010000000000000000000000000000000000000000000000001
0010000000000000000000000000000000000000000000000000000000000010000100010000000000000000000000000000000000000000000000000000000000000010000000000000000000000000000000000000000000000001
0010000000000000000000000000000000000000000000000000101010001001000100011001000000000000000000000000000010100000000000000000000000000010000000000000000000000000000000000000000000000001
0010000000000000000000000000000000000000000000000000001000000001000100010001000000000000000000000000000000100000000000000000000000000010000000000000000000000000000000000000000000000001
0010000000000000000000000000000000000000000000000000001000000001000101010001000000000000000000000000000000100000000000000000000000000010000000000000000000000000000000000000000000000001
0010000000000000000000000000000000000000000000000000001000000001000100000001000000000000000000000000000010101000100100000000000000000010000000000000000000000000000000000000000000000001
0010000000000000000000000000000000000000000000000000001000000001000100000001000000000000000000000000000000100000000100000000000000000010000000000000000000000000000000000000000000000001
0010000000000000000000000000000000000000000000000000001000000001000100000001000000000000000000000000000000100000000100000000000000000010000000000000000000000000000000000000000000000001
0010000000000000000000000000000000000000000000000000011001000101000100000001000000000000000000000000000000100000000100000000000000000010000000000000000000000000000000000000000000000001
0010000000000000000000000000000000000000000000000000000000000000000100000001000000000000000000000000000000100000000100000000000000000010000000000000000000000000000000000000000000000001
0010000000000000000000000000000000000000000000000000000000000000000100000001000000000000000000000000000000100000000100000000000000000010000000000000000000000000000000000000000000000001
0010000000000000000000000000000000000000000000000000000000000000000100000001000000000000000000001010100010001001010100000000000000000010000000000000000000000000000000000000000000000001
0010000000000000000000000000000000000000000000000000000000000000000100000001000000000000000000000010000000100001000000000000000000000010000000000000000000000000000000000000000000000001
0010000000000000000000000000000000000000000000000000000000000000000100000001000000000000000000000010000000100001000000000000000000000010000000000000000000000000000000000000000000000001
0010000000000000000000000000000000000000000000000000000000000000000100000001000000000000000000000010000000100001000000000000000000000010000000000000000000000000000000000000000000000001
0010000000000000000000000000000000000000000000000000000000000000000100000001000000000000000000000010000000100001000000000000000000000010000000000000000000000000000000000000000000000001
0010000000000000000000000000000000000000000000000000000000000000000100000001000000000000000000000110010001000101000000000000000000000010000000000000000000000000000000000000000000000001
0010000000000000000000000000000000000000000000000000000000000000000100000001000000000000000000000000000000100000000000000000000000000010000000000000000000000000000000000000000000000001
0010000000000000000000000000000000000000000000000000000000000000000100000101000000000000000000000000000001100000000000000000000000000010000000000000000000000000000000000000000000000001
0010000000000000000000000000000000000000000000000000000000000000000100000000000000000000000000000000000000000000000000000000000000000010000000000000000000000000000000000000000000000001
0010000000000000000000000000000000000000000000000000000000000000000100000000000000000000000000000000000000000000000000000000000000000010000000000000000000000000000000000000000000000001
0010000000000000000000000000000000000000000000000000000000000000000100000000000000000000000000000000000000000000000000000000000000000010000000000000000000000000000000000000000000000001
0010000000000000000000000000000000000000000000000000000000000000000100000000000000000000000000000000000000000000000000000000000000000010000000000000000000000000000000000000000000000001
0010000000000000000010101000100100000000000000000000000000000000000100000000000000000000000000000000000000000000000000000000000000000010000000000000000000000000000000000000000000000001
0010000000000000000000100000000100000000000000000000000000000000000100000000000000000000000000000000000000000000000000000000000000000010000000000000000000000000000000000000000000000001
0010000000000000000000100000000100000000000000000000000000000000010100000000000000000000000000000000000000000000000010101000100100000110000000000000000000000000000000000000000000000001
0010000000000000000000100000000100000000000000000000000000000000000000000000000000000000000000000000000000000000000000100000000100000000000000000000000000000000000000000000000000000001
0010000000000000000000100000000100000000000000000000000000000000000000000000000000000000000000000000000000000000000000100000000100000000000000000000000000000000000000000000000000000001
0010000000000000000000100000000100000000000000000000000000000000000000000000000000000000000000000000000000000000000000100000000100000000000000000000000000000000000000000000000000000001
0010000000000000000001100100010100000000000000000000000000000000000000000000000000000000000000000000000000000000000000100000000100000000000000000000000000000000000000000000000000000001
0010000000000000000000000000000000000000000000000000000000000000000000000000000000000000000000000000000000000000000000100000000100000000000000000000000000000000000000000000000000000001
0010000000000000000000000000000000000000000000000000000000000000000000000000000000000000000000000000000000000000000001100100010100000000000000000000000000000000000000000000000000000001
0110010001000100010001000100010001000100010001000100010001000100010001000100010001000100010001000100010001000100010001000100010001000100010001000100010001000100010001000100010001000101
