1010100010001000100010001000100010001000100010001000100010001000100010001000100010001000100010001000100010001000100010001000100010001000100010001000100010001000100010001000100010001001
0010000000000000000000000001000000000000000000000000000000000000000000000000000000000000000000000000000000000000000000000000001000000000000000000000000000000000000000000000000000000001
0010000000000000000000000001000000000000000000000000000000000000000000000000000000000000000000000000000000000000000000000000001000000000000000000000000000000000000000000000000000000001
0010000000000000000000000001000000000000000000000000000000000000000000000000000000000000000000000000000000000000000000000000001000000000000000000000000000000000000000000000000000000001
0010000001100100010001000100010001000100010001000100010001000100010001000100010001000100010001000100010001000100010001000100010001000100010001000100010001000100010001000100010100000001
0010000000000000000000000001000000000000000010010000000000000000000000000000000000000000000000000000000000000000000010100000001000000000000000000000000000000000000000000000000000000001
0010000000000000000000000001000000000000000000010000000000000000000000000000000000000000000000000000000000000000000000100000001000000000000000000000000000000000000000000000000000000001
0010000000000000000000000001000000000000000000010000000000000000000000000000000000000000000000000000000000000000000000100000001000000000000000000000000000000000000000000000000000000001
0010000000000000000000000001000000000000000000010000000000000000000000000000000000000000000000000000000000000000000000100000001000000000000000000000000000000000000000000000000000000001
0010000000000000000000000001000000000000000000010000000000001001000000000000000000000000000000000000000000000000000000100000001000001010000000000000000000000000000000000000000000000001
0010000000000000000000000001000000000000000000010000000000000001000000000000000000000000000000000000000000000000000000100000001000000010000000000000000000000000000000000000000000000001
0010000000000000000000000001000000000000000000010000000000000001000000000000000000000000000000000000000000000000000000100000001000000010000000000000000000000000000000000000000000000001
0010000000000000000000000001000000000000000000010000000000000001000000000000000000000000000000000000000000000000000000100000001000000010000000000000000000000000000000000000000000000001
0010000000000000000000000001000000000000000000010000000000000001000000000000000000000000000000000000000000000000000000100000001000000010000000000000000000000000000000000000000000000001
0010000000000000000000000001000000000000000000010000000000000001000000000000000000000000000000000000000000000000000000100000001000000010000000000000000000000000000000000000000000000001
0010000000000000000000000001000000000000000000010000000000000001000000000000000000000000000000000000000000000000000000100000001000000010000000000000000000000000000000000000000000000001
0010000000000000000000000001000000000000000000010000000000000001000000000000000000000000000000000000000000000000000000100000001000000010000000000000000000000000000000000000000000000001
0010000000000000000000000001000000000000000000010000000000000001000000000000000000000000000000000000000000000000000000100000001000000010000000000000000000000000000000000000000000000001
0010000000000000000000000001000000000000000000010000000000000001000000000000000000000000000000000000000000000000000000100000001000000010000000000000000000000000000000000000000000000001
0010000000000000000000000001000000000000000000010000000000000001000000000000000000000000000000000000000000000000000000100000001000000010000000000000000000000000000000000000000000000001
0010000000000000000000000001000000000000000000010000000000000001000000000000000000000000000000000000000000000000000000100000001000000010000000000000000000000000000000000000000000000001
0010000000000000000000000001000000000000000000010000000000000001000000000000000000000000000000000000000000000000000000100000001000000010000000000000000000000000000000000000000000000001
0010000000000000000000000001000000000000000000010000000000000001000000000000000001100100010001000100010001000100010100100000001000000010000000000000000000000000000000000000000000000001
0010000000000000000000000001000000000000000000010000000000000001000000000000000000000000000000000000000000000000000000100000001000000010000000000000000000000000000000000000000000000001
0010000000000000000000000001000000000000000000010000000000000001000000000000000000000000000000000000000000000000000000100000001000000010000000000000000000000000000000000000000000000001
0010000000000000000000000001000000000000000000010000000000000001000000000000000000000000000000000000000000000000000000100000001000000010000000000000000000000000000000000000000000000001
0010000000000000000000000001000000000000000000010000000000000001000000000000000000000000000000000000000000000000000000100000001000000010000000000000000000000000000000000000000000000001
0010000000000000000000000001000000000000000000010000000000000001000000000000000000000000000000000000000000000000000000100000001000000010000000000000000000000000000000000000000000000001
0010000000000000000000000001000000000000000000010000000000000001000000000000000000000000000000000000000000000000000000100000001000000010000000000000000000000000000000000000000000000001
0010000000000000000000000001000000000000000000010000000000000001000000000000000000000000000000000000000000000000000000100000001000000010000000000000000000000000000000000000000000000001
0010000000000000000000000001000000000000000000010000000000000001000000000000000000000000000000000000000000000000000000100000001000000010000000000000000000000000000000000000000000000001
0010000000000000000000000001000000000000000001010000000000000001000000000000000000000000000000000000000000000000000001100000001000000010000000000000000000000000000000000000000000000001
0010000000000000000000000001000000000000000000000000000000000001000000000000000000000000000000000000000000000000000000000000001000000010000000000000000000000000000000000000000000000001
0010000000000000000000000101000000000000000000000000000000000001000000000000000000000000000000000000000000000000000000000000011000000010000000000000000000000000000000000000000000000001
0010000000000000000000000000000000000000000000000000000000000001000000000000000000000000000000000000000000000000000000000000000000000010000000000000000000000000000000000000000000000001
0010000000000000000000000000000000000000000000000000000000000101000000000000000000000000000000000000000000000000000000000000000000000110000000000000000000000000000000000000000000000001
0010000000000000000000000000000000000000000000000000000000000000000000000000000000000000000000000000000000000000000000000000000000000000000000000000000000000000000000000000000000000001
0010000010101000100010001000100010001000100010001000100010001000100010001000100010001000100010001000100010001000100010001000100010001000100010001000100010001000100010001000100100000001
0010000000000000000000000000000000000000000000000000000000000000000000000000000000000000000000000000000000000000000000000000000000000000000000000000000000000000000000000000000000000001
0010000000000000000000000000000000000000000000000000000000000000000000000000000000000000000000000000000000000000000000000000000000000000000000000000000000000000000000000000000000000001
0010000000000000000000000000000000000000000000000000000000000000000000000000000000000000000000000000000000000000000000000000000000000000000000000000000000000000000000000000000000000001
0010000000000000000000000000000000000000000000000000000000000000000000000000000000000000000000000000000000000000000000000000000000000000000000000000000000000000000000000000000000000001
0110010001000100010001000100010001000100010001000100010001000100010001000100010001000100010001000100010001000100010001000100010001000100010001000100010001000100010001000100010001000101
