101010001000100010001000100010001000100010001000100010001000100010001000100010001000100010001000100010001000100010001000100010001000100010001000100010001000100010001001
001000000000000000000000000000000000000000000000000000000000000000000000000000000000000000000000000000000000000000000000000000000000000000000000000000000000000000000001
001000000000000000000000000000000000000000000000000000000000000000000000000000000000000000000000000000000000000000000000000000000000000000000000000000000000000000000001
001000000000000000000000000000000000000000000000000000000000000000000000000000000000000000000000000000000000000000000000000000000000000000000000000000000000000000000001
001000000000000000000000000000000000000000000000000000000000000000000000000000000000000000000000000000000000000000000000000000000000000000000000000000000000000000000001
001000000000000000000000000000000000000000001001000000000000000000000000000000001010000000000000000000000000000000000000000000000000000000000000000000000000000000000001
001000000000000000000000000000000000000000000001000000000000000000000000000000000010000000000000000000000000000000000000000000000000000000000000000000000000000000000001
001000000000000000000000000000000000000000000001000000000000000000000000000000000010000000000000000000000000000000000000000000000000000000000000000000000000000000000001
001000000000000000000000000000000000000000000001000000000000000000000000000000000010000000000000000000000000000000000000000000000000000000000000000000000000000000000001
001000000000000000000000000000000000000000000001000000000000000000000000000000000010000000000000000000000000000000000000000000000000000000000000000000000000000000000001
001000000000000000000000000000000110010001000100010001000100010001000101000000000010000000000000000000000000000000000000000000000000000000000000000000000000000000000001
001000000000000000000000000000001010100010001000100010001000100010001001000000000010000000000000000000000000000000000000000000000000000000000000000000000000000000000001
001000000000000000000000000000000000000000000001000000000000000000000000100100000010000000000000000000000000000000000000000010100000000000000000000000000000000000000001
001000000000000000000000000000000000000000000001000000000000000000000000000100000010000000000000000000000000000000000000000000100000000000000000000000000000000000000001
001000000000000000000000000000000000000000000001000000000000000000000000000100000010000000000000000000000000000000000000000000100000000000000000000000000000000000000001
001000000000000000000000000000000000000000000001000000000000000000000000000100000010000000000000000000000000000000000000000000100000000000000000000000000000000000000001
001000000000000000000000000000000000000000000001000000000000000000000000000100000010000000000000000000000000000000000000000000100000000000000000000000000000000000000001
001000000000000000000000000000000000000000000001000000000000000000000000000100000010000000000000000000000000000000000000000000100000000000000000000000000000000000000001
001000000000000000000000000000000000000000000001000000000000000000000000000100000010000000000000000000000000000000000000000000100000000000000000000000000000000000000001
001000000000000000000000000000000000000000000001000000000000000000000000000100000010000000000000000000000000000000000000000000100000000000000000000000000000000000000001
001000000000000000000000000000000000000000000001000000000000000000000000000100000010000000000000000000000000000000000000000000100000000000000000000000000000000000000001
001000000000000000000000000000000000000000000001000000000000000000000000000100000010000000000000000000000000000000000000000000100000000000000000000000000000000000000001
001000000000000000000000000000000000000000000101000000000000000000000000000100000110000000000000000000000000000000000000000000100000000000000000000000000000000000000001
001000000000000000000000000000000000000000000000000000000000000000000000000100000000000000000000000000000000000000000000000000100000000000000000000000000000000000000001
001000000000000000000000000000000000000000000000000000000000000000000000000100000000000000000000000000000000000000000000100100100000000010100000000000000000000000000001
001000000000000000000000000000000000000000000000000000000000000000000000000100000000000000000000000000000000000000000000000100100000000000100000000000000000000000000001
001000000000000000000000000000000000000000000000000000000000000000000000000100000000000000000000000000000000000000000000000100100000000000100000000000000000000000000001
001000000000000000000000000000000000000000000000000000000000000000000000000100000000000000000000000000000000000000000000000100100000000000100000000000000000000000000001
001000000000000000000000000000000000000000000000000000000000000000000000000100000000000000000000000000000000000000000000000100100000000000100000000000000000000000000001
001000000000000000000000000000000000000000000000000000000000000000000000000100000000000000000000000000000000000000000000000100100000000000100000000000000000000000000001
001000000000000000000000000000000000000000000000000000000000000000000000000100000000000000000000000000000000000000000000000100100000000000100000100100000000000000000001
001000000000000000000000000000000000000000000000000000000000000000000000000100000000000000000000000000000000000000000000000100100000000000100000000100000000000000000001
001000000000000000000000000000000000000000000000000000000000000000000000000100000000000000000000000000000000000000000000000100100000000000100000000100000000000000000001
001000000000000000000000000000000000000000000000000000000000000000000000010100000000000000000000000000000000000000000000000101100000000000100000000100000000000000000001
001000000000000000000000000000000000000000000000000000000000000000000000000000000000000000000000000000000000000000000000000100000000000000100000000100000000000000000001
001000000000000000000000000000000000000000000000000000000000000000000000000000000000000000000000000000000000000000000000000100000000000000100000000100000000000000000001
001000000000000000000000000000000000000000000000000000000000000000000000000000000000000000000000000000000000000000000000010100000000000001100000000100000000000000000001
001000000000000000000000000000000000000000000000000000000000000000000000000000000000000000000000000000000000000000000000000000000000000000000000000100000000000000000001
001000000000000000000000000000000000000000000000000000000000000000000000000000000000000000000000000000000000000000000000000000000000000000000000000100000000000000000001
001000000000000000000000000000000000000000000000000000000000000000000000000000000000000000000000000000000000000000000000000000000000000000000000000100000000000000000001
001000000000000000000000000000000000000000000000000000000000000000000000000000000000000000000000000000000000000000000000000000000000000000000000000100000000000000000001
001000000000000000000000000000000000000000000000000000000000000000000000000000000000000000000000000000000000000000000000000000000000000000000000000100000000000000000001
001000000000000000000000000000000000000000000000000000000000000000000000000000000000000000000000000000000000000000000000000000000000000000000000000100000000000000000001
001000000000000000000000000000000000000000000000000000000000000000000000000000000000000000000000000000000000000000000000000000000000000000000000010100000000000000000001
001000000000000000000000000000000000000000000000000000000000000000000000000000000000000000000000000000000000000000000000000000000000000000000000000000000000000000000001
001000000000000000000000000000000000000000000000000000000000000000000000000000000000000000000000000000000000000000000000000000000000000000000000000000000000000000000001
011001000100010001000100010001000100010001000100010001000100010001000100010001000100010001000100010001000100010001000100010001000100010001000100010001000100010001000101
