101010001000100010001000100010001000100010001000100010001000100010001000100010001000100010001000100010001000100010001000100010001000100010001000100010001000100010001001
001000000000000000000000000000000000000000000000000000000000000000000000000000000000000000000000000000000000000000000000000000000000000000000000000000000000000000000001
001000000000000000000000000000001001000000000000000000000000000000000000000000000000000000000000000000000000000000000000000000000000000000000000000000000000101000000001
001000000000000000000000000000000001000000000000000000001010100010010000000000000000000000000000000000000000000000000000000000000000000000000000000000000000001000000001
001000000110010001000100010001000100010001000100010001000100010001000100010001000100010001010000000000000000000000000000000000000000000000000000000000000000001000000001
001000000000000000000000000000000001000000001001000000000010000000010000000000000000000000000000000000000000000000000000000000000000000000000000000000001010001000000001
001000000000000000000000000000000001000000000001000000000010000000010000000000000000000000000000000000000000000000000000000000000000000000000000000000000010001000000001
001000000000000000000000000000000001000000000001000000000010000000010000000000000000000000000000000000000000000000000000000000000000000000000000000000000010001000000001
001000000000000000000000000000000001000000000001000000000010000000010000000000000000000000000000000000000000000000000000000000000000000000000000000000000010001000000001
001000000000000000000000000000000001000000000001000000000110010001010000000000000000000000000000000000000000000000000000000000000000000000000000000000000010001000000001
001000000000000000000000000000000001000000000001000000000000000000000000000000000000000000000000000000000000000000000000000000000000000000000000000000000010001000000001
001000000000000000000000000000000001000000000001000000000000000000000000000000000000000000000000000000000000000000000000000000000000000000000000000000000010001000000001
001000000000000000000000000000000001000000000001000000000000000000000000000000000000000000000000000000000000000000000000000000000000000000000000000000000010001000000001
001000000000000000000000000000000001000000000001000000000000000000000000000000000000000000000000000000000000000000000000000000000000000000000000000000000010001000000001
001000000000000000000000000000001010100010010001000000000000000000000000000000000000000000000000000000000000000000000000000000000000000000000000000000000010001000000001
001000000000000000000000000000000010000000010001000000000000000000000000000000000000000000000000000000000000000000000000000000000000000000000000000000000010001000000001
001000001010100010001000100010001000100010001000100010001000100010001000100010001000100010010000000000000000000000000000000000000000000000000000000000000010001000000001
001000000000000000000000000000000010000000010001000000000000000000000000000000000000000000000000000000000000000000000000000000000000000000000000000000000010001000000001
001000000000000000000000000000000010000000010001000000000000000000000000000000000000000000000000000000000000000000000000000000000000000000000000000000000010001000000001
001000000000000000000000000000000010000000010001000000000000000000000000000000000000000000000000000000000000000000000000000000000000000000000000000000000010001000000001
001000000000000000000000000000000110010001010001000000000000000000000000000000000000000000000000000000000000000000000000000000000000000000000000000000000010001000000001
001000000000000000000000000000000001000000000001000000000000000000000000000000000000000000000000000000000000000000000000000000000000000000000000000000000010001000000001
001000000000000000000000000000000001000000000001000000000000000000000000000000000000000000000000000000000000000010010000000000000000000000000000000000001010001000000001
001000000000000000000000000000000001000000000001000000000000000000000000000000000000000000000000000000000000000000010000000000000000000000000000000000000010001000000001
001000000000000000000000000000000001000000000001000000000000000000000000000000000000000000000000000000000000000000010000000000000000000000000000000000000010001000000001
001000000000000000000000000000000001000000000001000000000000000000000000000000000000000000000110010001000100010001000100010001000100010001000101000000000010001000000001
001000000000000000000000000000000001000000000001000000000000000000000000000000000000000000000000000000000000000000011010100010001001001000000000000000000010001000000001
001000000000000000000000000000000001000000000001000000000000000000000000000000000000000000000000000000000000000000010010000000010001001000000000000000000010001000000001
001000000000000000000000000000000001000000000001000000000000000000000000000000000000000000000000000000000000000000010010000000010001001000000000000000000010001000000001
001000000000000000000000000000000001000000000001000000000000000000000000000000000000000000001010100010001000100010001000100010001000100010001001000000000010001000000001
001000000000000000000000000000000001000000000001000000000000000000000000000000000000000000000000000000000000000000010010000000010001001000000000000000000010001000000001
001000000000000000000000000000000001000000000001000000000000000000000000000000000000000000000000000000000000000000010110010001000101001000000000000000000010001000000001
001000000000000000000000000000000001000000000001000000000000000000000000000000000000000000000000000000000000000000010000000000010000001000000000000000000010001000000001
001000000000000000000000000000000001000000000001000000000000000000000000000000000000000000000000000000000000000000010000000000010000001000000000000000000010001000000001
001000000000000000000000000000000001000000000001000000000000000000000000000000000000000000000000000000000000000000010000000000010000001000000000000000000010001000000001
001000000000000000000000000000000001000000000001000000000000000000000000000000000000000000000000000000000000000000010000000001010000011000000000000000000010001000000001
001000000000000000000000000000000001000000000001000000000000000000000000000000000000000000000000000000000000000000010000000000000000000000000000000000000010001000000001
001000000000000000000000000000000001000000000001000000000000000000000000000000000000000000000000000000000000000000010000000000000000000000000000000000000010001000000001
001000000000000000000000000000000001000000000001000000000000000000000000000000000000000000000000000000000000000000010000000000000000000000000000000000000010001000000001
001000000000000000000000000000000001000000000001000000000000000000000000000000000000000000000000000000001010100010010000000000000000000000000000000000000010001000000001
001000000000000000000000000000000001000000000101000000000000000000000000000000000000000000000000000000000010000000010000000000000000000000000000000000000110001000000001
001000000000000000000000000000000101000000000000000000000000000000000000000000000000000000000000000000000010000000010000000000000000000000000000000000000000011000000001
001000000000000000000000000000000000000000000000000000000000000000000000000000000000000000000000000000000010000000010000000000000000000000000000000000000000000000000001
001000000000000000000000000000000000000000000000000000000000000000000000000000000000000000000000000000000010000000010000000000000000000000000000000000000000000000000001
001000000000000000000000000000000000000000000000000000000000000000000000000000000000000000000000000000000010000000010000000000000000000000000000000000000000000000000001
001000000000000000000000000000000000000000000000000000000000000000000000000000000000000000000000000000000110010001010000000000000000000000000000000000000000000000000001
011001000100010001000100010001000100010001000100010001000100010001000100010001000100010001000100010001000100010001000100010001000100010001000100010001000100010001000101
