10101000100010001000100010001000100010001000100010001000100010001000100010001000100010001000100010001000100010001000100010001000100010001000100010001000100010001000100010001001
00100000000000000000000000000000000000000000000000000000000000000000000000000000000000000000000000000000000000000000000000000000000000000000000000000000000000000000000000000001
00100000000000000000000000000000000000000000000000000000000000000000000000000000000000000000000000000000000000000000000000000000000000000000000000000000000000000000000000000001
00100000000000000000000000000000000000000000000000000000000000000000000000000000000000000000000000000000000000000000000000000000000000000000000000000000000000000000000000000001
00100000000000000000000000000000000000000000000000000000000000000000000000000000000000000000000000000000000000000000000000000000000000000000000000000000000000000000000000000001
00100000000000000000000000000000000000000000000000000000000000000000000000000000000000000000000000000000000000000000000000000000000000000000000000000000000000000000000000000001
00100000000000000000000000000000000000000000000000000000000000000000000000000000000000000000000000000000000000000000000000000000000000000000000000000000000000000000000000000001
00100000000000000000000000000000000000000000000000000000000000000000000000000000000000000000000000000000000000000000000000000000000000000000000000000000000000000000000000000001
00100000000000000000000000000000000000000000000000000000000000000000000000000000000000000000000000000000000000000000000000000000000000000000000000000000000000000000000000000001
00100000000000000000000000000000000000000000000000000000000000000000000000000000000000000000000000000000000000000000000000000000000000000000000000000000000000000000000000000001
00100000000000000000000000000000000000000000000000000000000000000000000000000000000000000000000000000000000000000000000000000000000000000000000000000000000000000000000000000001
00100000000000000000000000000000000000000000000000000000000000000000000000000000000000000000000000000000000000000000000000000000000000000000000000000000000000000000000000000001
00100000000000000000000000000000000000000000000000000000000000000000000000000000000000000000000000000000000000000000000000000000000000000000000000000000000000000000000000000001
00100000000000000000000000000000000000000000000000000000000000000000000000000000000000000000000000000000000000000000000000000000000000000000000000000000000000000000000000000001
00100000000000000000000000000000000000000000000000000000000000000000000000000000100100000000000000000000000000000000000000000000000000000000000010100000000000000000000000000001
00100000000000000000000000000000000000000000000000000000000000000000000000000000000100000000000000000000000000000000000000000000000000000000000000100000000000000000000000000001
00100000000000000000000000000000000000000000000000000000000000000000000000000000000100000000000000000000000000000000000000000000000000000000000000100000000000000000000000000001
00100000000000000000000000000000000000000000000000000000000001100100010001000100010001000100010001000100010001000100010001010000000000000000000000100000000000000000101000000001
00100000000000000000000000000000000000000000000000000000000000000000000000000000000100000000000100000000000000000000000000000000000000000000000000100000000000000000001000000001
00100000000000000000000000000000000000000000000000000000000000000000000000000000000100000000000100000000000000000000000000000000000000000000000000100000000000000000001000000001
00100000000000000000000000000000000000000000000000000000000000000000000000000000000100000000000100000000000000000000000000000000000000000000000000100000000000000000001000000001
00100000000000000000000000000000000000000000000000000000000000000000000000000000000100000000000100000000000000000000000000000000000000000000000000100000000000000000001000000001
00100000000000000000000000000000000000000000000000000000000000000000000000000000000100000000000100000000000000000000000000000000000000000000000000100000000000000000001000000001
00100000000000000000000000000000000000000000000000000000000000000000000000000000000100000000000100000000000000000000000000000000000000000000000000100000000000000000001000000001
00100000000000000000000000000000000000000000000000000000000010101000100010001000100010001000100010001000100010101000100110010000000000000000000000100000000000000000001000000001
00100000000000000000000000000000000000000000000000000000000000000000000000000000000100000000000100000000000000100000000100000000000000000000000000100000000000000000001000000001
00100000000000000000000000000000000000000000000000000000000000000000000000000000000100000000000100000000000000100000000100000000000000000000000000100000000000000000001000000001
00100000000000000000000000000000000000000000000000000000000000000000000000000000000100000000000100000000000000101010100010010000000000000000000000100000000000000000001000000001
00100000000000000000000000000000000000000000000000000000000000000000000000000000000100000000000100000000000000100010000100010000000000000000000000100000000000000000001000000001
00100000000000000000000000000000000000000000000000000000000000000000000000000000000100000000000100000000000000100010000100010000000000000000000000100000000000000000001000000001
00100000000000000000000000000000000000000000000000000000000000000000000000000000000100000000000100000000000001100010010100010000000000000000000000100000000000000000001000000001
00100000000000000000000000000000000000000000000000000000000000000000000000000000000100000000000100000000000000000010000000010000000000000000000000100000000000000000001000000001
00100000000000000000000000000000000000000000000000000000000000000000000000000000000100000000000100000000000000000010000000010000000000000000000000100000000000000000001000000001
00100000000000000000000000000000000000000000000000000000000000000000000000000000000100000000000100000000000000000110010001010000000000000000000000100000000000000000001000000001
00100000000000000000000000000000000000000000000000000000000000000000000000000000000100000000000100000000000000000000000000000000000000000000000000100000000000000000001000000001
00100000000000000000000000000000000000000000000000000000000000000000000000000000000100000000000100000000000000000000000000000000000000000000000000100000000000000000001000000001
00100000000000000000000000000000000000000000000000000000000000000000000000000000000100000000000100000000000000000000000000000000000000000000000000100000000000000000001000000001
00100000000000000000000000000000000000000000000000000000000000000000000000000000000100000000000100000000000000000000000000000000000000000000000000100000000000000000001000000001
00100000000000000000000000000000000000000000000000000000000000000000000000000000010100000000000100000000000000000000000000000000000000000000000001100000000000000000001000000001
00100000000000000000000000000000000000000000000000000000000000000000000000000000000000000000000100000000000000000000000000000000000000000000000000000000000000000000001000000001
00100000000000000000000000000000000000000000000000000000000000000000000000000000000000000000000100000000000000000000000000000000000000000000000000000000000000000000001000000001
00100000000000000000000000000000000000000000000000000000000000000000000000000000000000000000000100000000000000000000000000000000000000000000000000000000000000000000001000000001
00100000000000000000000000000000000000000000000000000000000000000000000000000000000000000000000100000000000000000000000000000000000000000000000000000000000000000000001000000001
00100000000000000000000000000000000000000000000000000000000000000000000000000000000000000000010100000000000000000000000000000000000000000000000000000000000000000000011000000001
01100100010001000100010001000100010001000100010001000100010001000100010001000100010001000100010001000100010001000100010001000100010001000100010001000100010001000100010001000101
