10101000100010001000100010001000100010001000100010001000100010001000100010001000100010001000100010001000100010001000100010001000100010001000100010001000100010001000100010001001
00100000000000000000000000010000000000000000000000000000000000000000000000000000000000000000000000000000001000000000000000000000000000000000000000000000000000000000000000000001
00100000000000000000000000010000000000000000000000000000000000000000000000000000000000000000000000000000001000000000000000000000000000000000000000000000000000000000000000000001
00100000000000000000000000010000000000000000000000000000000000000000000000000000000000000000000000000000001000000000000000000000000000000000000000000000000000000000000000000001
00100000000000000000000000010000000000000000000000000000000000000000000000000000000000000000000000000000001000000000000000000000000000000000000000000000000000000000000000000001
00100000000000000000000000010000000000000000100100000000000000000000000000000000000000000000000000000000001000000000000000000000000000000000000010100000000000000000000000000001
00100000000000000000000000010000000000000000000100000000000000000000000000000000000000000000000000000000001000000000000000000000000000000000000000100000000000000000000000000001
00100000000000000000000000010000000000000000000100001001000000000000000000000000000000000000101000000000001000000000000000000000000000000000000000100000000000000000000000000001
00100000000000000000000000010000000000000000000100000001000000000000000000000000000000000000001000000000001000000000000000000000000000000000000000100000000000000000000000000001
00100000000000000000000000010000000000000000000100000001000000000000000000000000000000000000001000000000001000000000000000000000000000000000000000100000000000000000000000000001
00100000000000000000000000010000000000000000000100001010100010001001000000000000000000000000001000000000001000000000000000000000000000000000000000100000000000000000000000000001
00100000000000000000000000010000000000000000000100000010000000000001100100000000000000000000001000000000001010100000000000000000000000000000000000100000000000000000000000000001
00100000000000000000000000010000000000000000000100000010000000000001000100000000000000000000001000000000001000100000000000000000000000000000000000100000000000000000000000000001
00100000000000000000000000010000000000000000000100000010000000000001000100000000000000000000001000000000001000100000000000000000000000000000000000100000000000000000000000000001
00100000000000000000000000010000000000000000000100000010000000000001000100000000100100000000001000000000001010100000000000000000000000000000000000100000000000000000000000000001
00100000000000000000000000010000000000000000000100000110010001000101000100000000000100000000001000000000001000100000000000000000000000000000000010101000100100000000000000000001
00100000000000000000000000010000000000000000000100000001000000000000000100000000000100001001001010100000001000100000000000000000000000000000000000100000000100000000000000000001
00100000000000000000000000010000000000000000000100000001000000000000000100000000000100000001001000100000001000100000000000000000000000000000000000100000000100000000000000000001
00100000000000000000000000010000000000000000000100000001000000000000000100000000000100000001001000100000001000100000000000000000000000000000000000100000000100000000000000000001
00100000000000000000000000010000000000000000000100000001000000000000000100000000000100000001001000100000001000100000000000000000000000000000000000100000000100000000000000000001
00100000000000000000000000010000000000000000000100000001000000000000000100000000000100000001001000101010100100100000000000000000000000000000000000100000000100000000000000000001
00100000000000000000000000010000000000000000000100000001000000000000000100000110010001000100010001000100010001000100010001000100010001000100010001010100010100000000000000000001
00100000000000000000000000010000000000000000000100000001000000000000000100000000000100000001001000100010000100100000000000000000000000000000000000100000000000000000000000000001
00100000000000000000000000010000000000000000000100000001000000000000000100000000000100000001001000100010000100100000000000000000000000000000000000100000000000000000000000000001
00100000000000000000000000010000000000000000000100000001000000000000000100000000000100000001001000100010000100100000000000000000000000000000000000100000000000000000000000000001
00100000000000000000000000010000000000000000000100000101000000000000000100000000000100000001011000100010000100100000000000000000000000000000000000100000000000000000000000000001
00100000000000000000000000010000000000000000000100000000000000000000000100000000000100000101000001100010000100100000000000000000000000000000000000100000000000000000000000000001
00100000000000000000000000010000000000000000000100000000000000000000000100000000000100000000000000000110010100100000000000000000000000000000000000100000000000000000000000000001
00100000000000000000000001010000000000000000000100000000000000000000000100000000000100000000000000000000011000100000000000000000000000000000000000100000000000000000000000000001
00100000000000000000000000000000000000000000000100000000000000000000010100000000010100000000000000000000000001100000000000000000000000000000000000100000000000000000000000000001
00100000000000000000000000000000000000000000000100000000000000000000000000001010100010001000100010001000100010001000100010001000100010001000100010010000000000000000000000000001
00100000000000000000000000000000000000000000000100000000000000000000000000000000000000000000000000000000000000000000000000000000000000000000000000100000000000000000000000000001
00100000000000000000000010101000100100000000000100000000000000000000000000000000000000000000000000000000000000000000000000000000000000000000000000100000000000000000000000000001
00100000000000000000000000100000000100000000000100000000000000000000000000000000000000000000000000000000000000000000000000000000000000000000000000100000000000000000000000000001
00100000000000000000000000100000000100000000000100000000000000000000000000000000000000000000101010001001000000000000000000000000000000000000000000100000000000000000000000000001
00100000000000000000000000100000000100000000000100000000000000000000000000000000000000000000001000000001000000000000000000000000000000000000000000100000000000000000000000000001
00100000000000000000000000100000000100000000000100000000000000000000000000000000000000000000001000000001000000000000000000000000000000000000000000100000000000000000000000000001
00100000000000000000000000100000000100000000000100000000000000000000000000000000000000000000001000000001000000000000000000000000000000000000000000100000000000000000000000000001
00100000000000000000000001100100010100000000010100000000000000000000000000000000000000000000001000000001000000000000000000000000000000000000000001100000000000000000000000000001
00100000000000000000000000000000000000000000000000000000000000000000000000000000000000000000001000000001000000000000000000000000000000000000000000000000000000000000000000000001
00100000000000000000000000000000000000000000000000000000000000000000000000000000000000000000011001000101000000000000000000000000000000000000000000000000000000000000000000000001
00100000000000000000000000000000000000000000000000000000000000000000000000000000000000000000000000000000000000000000000000000000000000000000000000000000000000000000000000000001
00100000000000000000000000000000000000000000000000000000000000000000000000000000000000000000000000000000000000000000000000000000000000000000000000000000000000000000000000000001
00100000000000000000000000000000000000000000000000000000000000000000000000000000000000000000000000000000000000000000000000000000000000000000000000000000000000000000000000000001
01100100010001000100010001000100010001000100010001000100010001000100010001000100010001000100010001000100010001000100010001000100010001000100010001000100010001000100010001000101
