101010001000100010001000100010001000100010001000100010001000100010001000100010001000100010001000100010001000100010001000100010001000100010001001
001000000000000000000000000000000000000000000000000000000000000000000000000000000000000000000000000000000000000000000000000000000000000000000001
001000000000000000000000000000000000000000000000000000000000000000000000000000000000000000000000000000000000000000000000000000000000000000000001
001000000000000000000000000000000000000000000000000000000000000000000000000000000000000000000000000000000000000000000000000000000000000000000001
001000000000000000000000000000000000000000000000000000000000000000000000000000000000000000000000000000000000000000000000000000000000000000000001
001000000000000000000000000000000000000000000000000000000000000000000000000000000000000000000000000000000000000000000000000000000000000000000001
001000000000000000000000000000000000000000000000000000000000000000000000000000000000000000000000000000000000000000000000000000000000000000000001
001000000000000000000000000000000000000000000000000010010000000000000000000000000000000000000000000000000000000000000000000010100000000000000001
001000000000000000000000000000000000000000000000000000010000000000000000000000000000000000000000000000000000000000000000000000100000000000000001
001000000000000000000000000000000000000000000000000000010000000000000000000000000000000000000000000000000000000000000000000000100000000000000001
001000000000000000000000000000000000000000000000000000010000000010010000000000000000000000000000000000000000000000000000000010100000000000000001
001000000000000000000000000000000000000000000000000000010000000000010000000000000000000000000000000000000000000000000000000000100000000000000001
001000000000000000000000000000000000000000000000000000010000000000010000000000000000000000000000000000000000000000000000000000100000000000000001
001000000000000000000000000000000000000000000000000000010000000000010000000000000000000000000000000000000000000000000000000000100000000000000001
001000000000000000000000000000000000000000000000000000010000000000010000000000000000000000000000000000000000000000000000000000100000000000000001
001000000000000000000000000000000000000000000000000000010000000000010000000000000000000000000000000000000000000000000000000000100000000000000001
001000000000000000000000000000000000000000000000000000010000000000010000000000000000000000000000000000000000000000000000000000100000000000000001
001000000000000000000000000000000000000000000000000000010000000000010000000000000000000000000000000000000000000000000000000000100000000000000001
001000000000000000000000000000000000000000000000000000010000000000010000000000000000000000000000100100000000000000000000000000100000000010100001
001000000000000000000000000000000000000000000000000000010000000000010000000000000000000000000000000100000000000000000000000000100000000000100001
001000000000000000000000000000000000000000000000000000010000000000010000000000000000000000000000000100000000000000000000000000100000000000100001
001000000000000000000000000000000000000000000000000000010000000000010000000000000000000000000000000100000000000000000000000000100000000000100001
001000000000000000000000000000000000000000000000000000010000000000010000000000000000000000000000000100000000000000000000000000100000000000100001
001000000000000000000000000000000000000000000000000000010000000000010000000000000000000000000000000100000000000000001010100010010000000000100001
001000000000000000000000000000000000000000000000000000010000000000010000000000000000000000000000000100000000000000000010000000010000000000100001
001000000000000000000000000000000000000000000000000000010000000000010000000000000000000000000000000100000000000000000010000000010000000000100001
001000000000000000000000000000000000000000000000000000010000000000010000000000000000000000000000000100000000000000000010000000010000000000100001
001000000000000000000000000000000000000000000000000000010000000000010000000000000000000000000000000100000000000000000010000000010000000000100001
001000000000000000000000000000000000000000000000000000010000000000010000000000000000000000000000000100000000000000000010000000010000000000100001
001000000000000000000000000000000000000000000000000000010000000000010000000000000000000000000000000100000000000000000110010001010000000000100001
001000000000000000000000000000000000000000000000000000010000000000010000000000000000000000000000000100000000000000000000000000100000000000100001
001000000000000000000000000000000000000000000000000000010000000000010000000000000000000000000000000100000000000000000000000000100000000000100001
001000000000000000000000000000000000000000000000000000010000000000010000000000000000000000000000000100000000000000000000000000100000000000100001
001000000000000000000000000000000000000000000000000001010000000001010000000000000000000000000000000100000000000000000000000001100000000000100001
001000000000000000000000000000000000000000000000000000000000000000000000000000000000000000000000000100000000000000000000000000000000000000100001
001000000000000000000000000000000000000000000000000000000000000000000000000000000000000000000000000100000000000000000000000000000000000000100001
001000000000000000000000000000000000000000000000000000000000000000000000000000000000000000000000010100000000000000000000000000000000000001100001
001000000000000000000000000000000000000000000000000000000000000000000000000000000000000000000000000000000000000000000000000000000000000000000001
001000000000000000000000000000000000000000000000000000000000000000000000000000000000000000000000000000000000000000000000000000000000000000000001
001000000000000000000000000000000000000000000000000000000000000000000000000000000000000000000000000000000000000000000000000000000000000000000001
001000000000000000000000000000000000000000000000000000000000000000000000000000000000000000000000000000000000000000000000000000000000000000000001
001000000000000000000000000000000000000000000000000000000000000000000000000000000000000000000000000000000000000000000000000000000000000000000001
001000000000000000000000000000000000000000000000000000000000000000000000000000000000000000000000000000000000000000000000000000000000000000000001
001000000000000000000000000000000000000000000000000000000000000000000000000000000000000000000000000000000000000000000000000000000000000000000001
001000000000000000000000000000000000000000000000000000000000000000000000000000000000000000000000000000000000000000000000000000000000000000000001
001000000000000000000000000000000000000000000000000000000000000000000000000000000000000000000000000000000000000000000000000000000000000000000001
001000000000000000000000000000000000000000000000000000000000000000000000000000000000000000000000000000000000000000000000000000000000000000000001
001000000000000000000000000000000000000000000000000000000000000000000000000000000000000000000000000000000000000000000000000000000000000000000001
001000000000000000000000000000000000000000000000000000000000000000000000000000000000000000000000000000000000000000000000000000000000000000000001
001000000000000000000000000000000000000000000000000000000000000000000000000000000000000000000000000000000000000000000000000000000000000000000001
001000000000000000000000000000000000000000000000000000000000000000000000000000000000000000000000000000000000000000000000000000000000000000000001
001000000000000000000000000000000000000000000000000000000000000000000000000000000000000000000000000000000000000000000000000000000000000000000001
001000000000000000000000000000000000000000000000000000000000000000000000000000000000000000000000000000000000000000000000000000000000000000000001
001000000000000000000000000000000000000000000000000000000000000000000000000000000000000000000000000000000000000000000000000000000000000000000001
011001000100010001000100010001000100010001000100010001000100010001000100010001000100010001000100010001000100010001000100010001000100010001000101
