10101000100010001000100010001000100010001000100010001000100010001000100010001000100010001000100010001000100010001000100010001000100010001000100010001000100010001000100010001001
00100000000000000000000000000000000000000000000000000000000000000000000000000000000000000000000000000000000000000000000000000000000000000000000000000000000000000000000000000001
00100100010001000100010001000100010001000100010001000100010001000100010001000100010001000100010001000100010001000100010001000100010001000100010001000100010001010000000000000001
00100000000000000000000000000000000100000000001000000000000000000000000000000000000000000000000000000000000000000000000000000000000000000000000000000000000000000000000000000001
00100000011001000100010001000100010001000100010001000100010001000100010001000100010001000100010001000100010001000100010001000101000000000000000000000000000000000000000000000001
00100000000000000000000000001010100010001000100100000000000000000000000000000000000000000000000000000000000000000000000000000000000000000000000000000000000000000000000000000001
00100000000000000000000000000010000100000000000100000000000000000000000000000000000000000000000000000000000000000000000000000000000000000000000000000000000000000000000000000001
00100000000000000000000000000010000100000000000100000000000000000000000000000000000000000000000000000000000000000000000000000000000000000000000000000000000000000000000000000001
00100000000000000000000000000010000100000000000100000000000000000000000000000000000000000000000000000000000000000000000000000000000000000000000000000000000000000000000000000001
00100000000000000000000000000110010001000100010100000000000000000000000000000000000000000000000000000000000000000000000000000000000000000000000000000000000000000000000000000001
00100000000000000000000000000000000100000000001000000000000000000000000000000000000000000000000000000000000000000000000000000000000000000000000000000000000000000000000000000001
00100000000000000000000000000000000101100100010001000100010001000100010001000100010001000100010001000100010001010000000000000000000000000000000000000000000000000000000000000001
00100000000000000000000000000000000100000000001000000000000000000000000000000000000000000000000000000000000000000000000000000000000000000000000000000000000000000000000000000001
00100000000000000000000000000000010100000000011000000000000000000000000000001001000000000000000000000000000000000000000000000000101000000000000000000000000000000000000000000001
00100000000000000000000000000000000000000000000000000000000000000000000000000001000000000000000000000000000000000000000000000000001000000000000000000000000000000000000000000001
00100000000000000000000000000000000000000000000000000000000000000000000000000001000000000000000000000000000000000000000000000000001000000000000000000000000000000000000000000001
00100000000000000000000000000000000000000000000000000000000000000000000000000001000000000000000000000000000000000000000000000000001000000000000000000000000000000000000000000001
00100000000000000000000000000000000000000000000000000000000000000000000000000001000000000000000000000000000000000000000000000000001000000000000000000000000000000000000000000001
00100000000000000000000000000000000000000000000000000000000000000000000000000001000000000000000010010000000000000000000000001010001000000000000000000000000000000000000000000001
00100000000000000000000000000000000000000000000000000000000000000000000000000001000000000000000000010000000000000000000000000010001000000000000000000000000000000000000000000001
00100000000000000000000000000000000000000000000000000000000000000000000000000001000000000000000000010000000000001010100010010010001000000000000000000000000000000000000000000001
00100000000000000000000000000000000010101000100010001000100010001000100010001000100010001000100010001000100010010010000000010010001000000000000000000000000000000000000000000001
00100000000000000000000000000000000000000000000000000000000000000000000000000001000000000000000000010000000000000010000000010010001000000000000000000000000000000000000000000001
00100000000000000000000000000000000000000000000000000000000000000000000000000001000000000000000000010000000000000010100100010010001000000000000010100000101010001001000000000001
00100000000000000000000000000000000000000000000000000000000000000000000000000001000000000000000000010000000000000010000100010010001000000000000000100000001000000001000000000001
00100000101010001000100010001000100010001000100010001000100010001000100010001000100010001000100010001000100010001000100010001001001000000000000000100000001000000001000000000001
00100000000000000000000000000000000000000000000000000000000000000000000000000001000000000000000001100100010001000100010001000100010001000100010001000101001000000001000000000001
00100000000000000000000000000000000000000000000000000000000000000000000000000001000000000000000000010000000000000000000100000010001000000000000000100000001000000001000000000001
00100000000000000000000000000000000000000000000000000000000000000000000000000001000000000000000000010000000000000000000100000010001000000000000000100000001000000001000000000001
00100000000000000000000000000000000000000000000000000000000000000000000000000001000000000000000000010000000000000000000110101000100010001000100100100000011001000101000000000001
00100000000000000000000000001010100010010000000000000000000000000000000000000001000000000000000000010000000000000000000100100010001000000000000100100000000000000000000000000001
00100000000000000000000000000010000000010000000000000000000000000000000000000001000000000000000010101000100010001000100010001000100010001000100010001001000000000000000000000001
00100000000000000000000000000010000000010000000000000000000000000000000000000001000000000000000000010000000000000000000101100100010001000100010100100000000000000000000000000001
00101000100010001000100010001000100010001000100010001000100010001000100010001000100010001000100010001000100010001000100010001000100010001000100010001000100010010000000000000001
00100000000000000000000000000010000000010000000000000000000000000000000000000101000000000000000000000000000000000000000100000000011000000000000000100000000000000000000000000001
00100000000000000000000000000010000000010000000000000000000000000000000000000000000000000000000000000000000000000000000100000000000000000000000000100000000000000000000000000001
00100000000000000000000000000110010001010000000000000000000000000000000000000000000000000000000000000000000000000000000100000000000000000000000000100000000000000000000000000001
00100000000000000000000000000000000000000000000000000000000000000000000000000000000000000000000000000000000000000000000100000000000000000000000000100000000000000000000000000001
00100000000000000000000000000000000000000000000000000000000000000000000000000000000000000000000000000000000000000000010100000000000000000000000001100000000000000000000000000001
00100000000000000000000000000000000000000000000000000000000000000000000000000000000000000000000000000000000000000000000000000000000000000000000000000000000000000000000000000001
00100000000000000000000000000000000000000000000000000000000000000000000000000000000000000000000000000000000000000000000000000000000000000000000000000000000000000000000000000001
00100000000000000000000000000000000000000000000000000000000000000000000000000000000000000000000000000000000000000000000000000000000000000000000000000000000000000000000000000001
00100000000000000000000000000000000000000000000000000000000000000000000000000000000000000000000000000000000000000000000000000000000000000000000000000000000000000000000000000001
00100000000000000000000000000000000000000000000000000000000000000000000000000000000000000000000000000000000000000000000000000000000000000000000000000000000000000000000000000001
01100100010001000100010001000100010001000100010001000100010001000100010001000100010001000100010001000100010001000100010001000100010001000100010001000100010001000100010001000101
