1010100010001000100010001000100010001000100010001000100010001000100010001000100010001000100010001000100010001000100010001000100010001000100010001000100010001000100010001000100010001001
0010000000000000000000000000100100000000000000000000000000000000000000000000000000001010000000000000000000000000000000000000000000000000000000000000000000000000000000000000000000000001
0010000000000000000000000000000100000000000000000000000000000000000000000000000000000010000000000000000000000000000000000000000000000000000000000000000000000000000000000000000000000001
0010011001000100010001000100010001000100010001000100010001000100010001000100010001000100010001000100010001000100010001000100010001000100010001000100010001000100010001000100010001010001
0010000000000000000000000000000100000001000000000000000000000000000000000000000000000010000000100000000000000000000000000000000000000000000000000000000000000000000000000000000000000001
0010000000000000000000000000000100000001000000000000000000000000000000000000000000000010000000100000000000000000000000000000000000000000000000000000000000000000000000000000000000000001
0010000000000000000000000000000100000001000000000000000000000000000000000000000000000010000000100000000000000000000000000000000000000000000000000000000000000000000000000000000000000001
0010000000000000000000000000000100000001000000000000000000000000000000000000000000000010000000100000000000000000000000000000000000000000000000000000000000000000000000000000000000000001
0010000000000000000000000000000100000001000000000000000000000000000000000000000000000010000000100000000000001010100010010000000000000000000000000000000000000000000000000000000000000001
0010000000000000000000000000000100000001000000000000000000000000000000000000000000000010000000100000000000000010000000011010100010010000000000000000000000000000000000000000000000000001
0010000000000000000000000000000100000001000000000000000000000000000000000000000000000010000000100000000000000010000000010010000000010000000000000000000000000000000000000000000000000001
0010000000000000000000000000000100000001000000000000000000000000000000000000000000000010000000100000000000000010000000010010000000010000000000000000000000000000000000000000000000000001
0010000000000000000000000000000100000001011001000100010001000100010001000100010001000100010100100000000000000010101000010010000000010000000000000000000000000000000000000000000000000001
0010000000000000000000000000000100000001000000000000000000000000000000000001000000000010000000100000000000000010001000010010000000010000000000000000000000000000000000000000000000000001
0010000000000000000000000000000100000001000000000000000000000000000000000001000000000010000000100000000000000110001001010010000000010000000000000000000000000000000000000000000000000001
0010000000000000000000000000000100000001000000000000000000000000000000000001000000000010000000100000000000000000001000000110010001010000000000000000000000000000000000000000000000000001
0010000000000000000000000000000100000001101010001000100010001000100010001000100010001000100100100000000000000000001000000000000000000000000000000000101000000000000000000000000000000001
0010000000000000000000000000000100000001000000000000000000000000000000000001000000000010000100100000000000000000001000000000000000000000000000000000001000000000000000000000000000000001
0010000000000000000000000000000100000001000000000000000000000000000000000001000000000010000100100000000000000000001000000000000000000000000000000000001000000000000000000000000000000001
0010000000000000000000000000000100000001000000000000000000000000000000000001000000000010000100100000000000000000001000000000000000000000000000000000001000000000000000000000000000000001
0010000000000000000000000000000100000001000000000000000000000000000000000001000000000010000100100000000000000000001000000000000000000000000000000000001000000000000000000000000000000001
0010000000000000000000000000000100000001000000000000000000000000000000000001000000000010000100100000000000000000001000000000000000000000000000000000001000000000000000000000000000000001
0010000000000000000000000000000100000001000000000000000000000000000000000001000000000010000100100000000000000000001000000000000000000000000000000000001000000000000000000000000000000001
0010000000000000000000000000010100000001000000000000000000000000000000000001000000000110000100100000000000000000001000000000000000000000000000000000001000000000000000000000000000000001
0010000000000000000000000000000000000001000000000000000000000000000000000001000000000000000100100000000000000000001000000000000000000000000000000000001000000000000000000000000000000001
0010000000000000000000000000000000000101000000000000000000000000000000000001000000000000000101100000000000000000001000000000000000000000000000000000001000000000000000000000000000000001
0010000000000000000000000000000000000000000000000000000000000000000000000001000000000000000100000000000000000000001000000000000000000000000000000000001000000000000000000000000000000001
0010000000000000000000000000000000000000000000000000000000000000000000000001000000000000000100000000000000000000001000000000000000000000000000000000001000000000000000000000000000000001
0010000000000000000000000000000000000000000000000000000000000000000000000001000000000000000100000000000000000000001000000000000000000000000000000000001000000000000000000000000000000001
0010000000000000000000000000000000000000000000000000000000000000000000000001000000000000000100000000000000000000001000000000000000000000000000000000001000000000000000000000000000000001
0010000000000000000000000000000000000000000000000000000000000000000000000101000000000000000100000000000000000000011001000100010001000100010001000100010001000100010001000100010001010001
0010000000000000000000000000000000000000000000000000000000001010100010010000000000000000000100000000000000000000000000000000000000000000000000000000001000000000000000000000000000000001
0010000000000000000000000000000000000000000000000000000000000010000000010000000000000000000100000000000000000000000000000000000000000000000000000000001000000000000000000000000000000001
0010000000000000000000000000000000000000000000000000000000000010000000010000000000000000000100000000000000000000000000000000000000000000000000000000001000000000000000000000000000000001
0010000000000000000000000000000000000000000000000000000000000010000000010000000000000000000100000000000000000000000000000000000000000000000000000000001000000000000000000000000000000001
0010000000000000000000000000000000000000000000000000000000000010000000010000000000000000000100000000000000000000000000000000000000000000000000000000001000000000000000000000000000000001
0010000000000000000000000000000000000000000000000000000000000010000000010000000000000000000100000000000000000000000000000000000000000000000000000000001000000000000000000000000000000001
0010000000000000000000000000000000000000000000000000000000000110010001010000000000000000000100000000000000000000000000000000000000000000000000000000001000000000000000000000000000000001
0010101010001000100010001000100010001000100010001000100010001000100010001000100010001000100010001000100010001000101010001000100010001000100010001000100010001000100010001000100010010001
0010000000000000000000000000000000000000000000000000000000000000000000000000000000000000010100000000000000000000000000000000000000000000000000000000011000000000000000000000000000000001
0010000000000000000000000000000000000000000000000000000000000000000000000000000000000000000000000000000000000000000000000000000000000000000000000000000000000000000000000000000000000001
0010000000000000000000000000000000000000000000000000000000000000000000000000000000000000000000000000000000000000000000000000000000000000000000000000000000000000000000000000000000000001
0110010001000100010001000100010001000100010001000100010001000100010001000100010001000100010001000100010001000100010001000100010001000100010001000100010001000100010001000100010001000101
