1010100010001000100010001000100010001000100010001000100010001000100010001000100010001000100010001000100010001000100010001000100010001000100010001001
0010000000000000000000000000000000000000000000000000000000000000000000000000000000000000000000000000000000000000000000000000000000000000000000000001
0010000000000000000000000000000000000000000000000000000000000000000000000000000000000000000000000000000000000000000000000000000000000000000000000001
0010000000000000000000000000000000000000000000000000000000000000000000000000000000000000000000000000000000000000000000000000000000000000000000000001
0010000000000000000000000000000000000000000000000000000000000000000000000000000000000000000000000000000000000000000000000000000000000000000000000001
0010000000000000000000000000000000000000000010010000000000000000000000000000000000000000000000000000000010100000000000000000000000000000000000000001
0010101010001001000000000000000000000000000000010000000000000000000000000000000000000000000000000000000000100000000000000000000000000000000000000001
0010001000000001000000000000000000000000000000010000000000000000000000000000000000000000000000000000000000100000000000000000000000000000000000000001
0010001000000001000000000110010001000100010001000100010001000100010001000100010001010000000000000000000000100000000000000000000000000000000010100001
0010001000000001000000000000000000000000000000010000000000010000000000000000000000000000000000000000000000100000000000000000000000000000000000100001
0010001000000001000010101000100100000000000000010000000000010000000000000000000000000000000000000000000000100000000000000000000000000000000000100001
0010001000000001000000100000000100000000000000010000000000010000000000000000000000000000000000000000000000100000000000000000000000000000000000100001
0010011001000101000000100000000100000000000000010000000000010000000000000000000000000000000000000000000000100000000000000000000000000000000000100001
0010000000000000000000100000000100000000000000010000000000011010100010010000000000000000000000000000000000100000000000000000000000000000000000100001
0010000000000000000000101010100010001000100010001000100010001000100010001000100010010000000000000000000000100000000000000000000000000000000000100001
0010000000000000000000100000000100000000000000010000000000010010000000010000000000000000000000000000000000100000000000000000000000000000000000100001
0010000000000000000001100100010100000000000000010000000000010010000000010000000000000000000000000000000000100000000000000000000000000000000000100001
0010000000000000000000000000000000000000000000010000000000010010000010101000100100000000000000000000000000100000000000000000000000000000000000100001
0010000000000000000000000000000000000000000000010000000000010010000000100000000100000000000000000000000000100000000000000000000000000000000000100001
0010000000000000000000000000000000000000000000010000000000010110010000100000000100000000000000000000000000100000000000000000000000000000000000100001
0010000000000000000000000000000000000000000000010000000000010000000000100000000100000000000000000000000000100000000000000000000000000000000000100001
0010000000000000000000000000000000000000000000010000000000010000000000100000000100000000000000000000000000100000000000000000000000000000000000100001
0010000000000000000000000000000000000000000000010000000000010000000000100000000100000000000000000000000000100000000000000000000000000000000000100001
0010000000000000000000000000000000000000000000010000000000010000000001100100010100000000000000000000000000100000000000000000000000000000000000100001
0010000000000000000000000000000000000000000000010000000000010000000000000000000000000000000000000000000000100000000000000000000000000000000000100001
0010000000000000000000000000000000000000000000010000000000010000000000000000000000000000000000000000000000100000000000000000000000000000000000100001
0010000000000000000000000000000000000000000000010000000000010000000000000000000000000000000000000000000000100000000000000000000000000000000000100001
0010000000000000000000000000000000000000000000010000000000010000000000000000000000000000000000000000000000100000000000000000000000000000000000100001
0010000000000000000000000000000000000000000001010000000000010000000000000000000000000000000000000000000001100000000000000000000000000000000000100001
0010000000000000000000000000000000000000000000000000000000010000000000000000000000000000000000000000000000000000000000000000000000000000000000100001
0010000000000000000000000000000000000000000000000000000000010000000000000000000000000000000000000000000000000000000000000000000000000000000000100001
0010000000000000000000000000000000000000000000000000000000010000000000000000000000000000000000000000000000000000000000000000000000000000000000100001
0010000000000000000000000000000000000000000000000000000000010000000000000000000000000000000000000000000000000000000000000000000010101000100100100001
0010000000000000000000000000000000000000000000000000000000010000000000000000000000000000000000000000000000000000000000000000000000100000000100100001
0010000000000000000000000000000000000000000000000000000000010000000000000000000000000000000000000000000000000000000000000000000000100000000100100001
0010000000000000000000000000000000000000000000000000000000010000000000000000000000000000000000000000000000000000000000000000000000100000000100100001
0010000000000000000000000000000000000000000000000000000000010000000000000000000000000000000000000000000000000000000000000000000000100000000100100001
0010000000000000000000000000000000000000000000000000000001010000000000000000000000000000000000000000000000000000000000000000000000100000000101100001
0010000000000000000000000000000000000000000000000000000000000000000000000000000000000000000000000000000000000000000000000000000001100100010100000001
0010000000000000000000000000000000000000000000000000000000000000000000000000000000000000000000000000000000000000000000000000000000000000000000000001
0010000000000000000000000000000000000000000000000000000000000000000000000000000000000000000000000000000000000000000000000000000000000000000000000001
0010000000000000000000000000000000000000000000000000000000000000000000000000000000000000000000000000000000000000000000000000000000000000000000000001
0010000000000000000000000000000000000000000000000000000000000000000000000000000000000000000000000000000000000000000000000000000000000000000000000001
0010000000000000000000000000000000000000000000000000000000000000000000000000000000000000000000000000000000000000000000000000000000000000000000000001
0010000000000000000000000000000000000000000000000000000000000000000000000000000000000000000000000000000000000000000000000000000000000000000000000001
0010000000000000000000000000000000000000000000000000000000000000000000000000000000000000000000000000000000000000000000000000000000000000000000000001
0010000000000000000000000000000000000000000000000000000000000000000000000000000000000000000000000000000000000000000000000000000000000000000000000001
0010000000000000000000000000000000000000000000000000000000000000000000000000000000000000000000000000000000000000000000000000000000000000000000000001
0010000000000000000000000000000000000000000000000000000000000000000000000000000000000000000000000000000000000000000000000000000000000000000000000001
0010000000000000000000000000000000000000000000000000000000000000000000000000000000000000000000000000000000000000000000000000000000000000000000000001
0010000000000000000000000000000000000000000000000000000000000000000000000000000000000000000000000000000000000000000000000000000000000000000000000001
0010000000000000000000000000000000000000000000000000000000000000000000000000000000000000000000000000000000000000000000000000000000000000000000000001
0110010001000100010001000100010001000100010001000100010001000100010001000100010001000100010001000100010001000100010001000100010001000100010001000101
