10101000100010001000100010001000100010001000100010001000100010001000100010001000100010001000100010001000100010001000100010001000100010001000100010001000100010001000100010001000100010001001
00100000000000100000000000010000000000000000000000000000000000000000000000000000000000000000000000000000000000000000000000000000000000000000000000000000000000000000000000000000000000000001
00100000000000100000000000010000000000000000000000000000000000000000000000000000000000000000000000000000000000000000000000000000000000000000000000000000000000000000000000000000000000000001
00100000000000100000000000010000000010010000000000000000000000000000000000000000000000000000000000000000000000000000101000001010100010010000000000000000000000000000000000000000000000000001
00100000000000100000000000010000000000010000000000000000000000000000000000000000000000000000000000000000000000000000001000000010000000010000000000000000000000000000000000000000000000000001
00100000000001100100010001010000000000010000000000000000000000000000000000000000000000000000000000000000000000000000001000000010000000010000000000001010100010010000000000000000000000000001
00100000000000000000000000000000000000010000000000000000000000000000000000000000000000000000000000000000000000000000001000000010000000010000000000000010000000010000000000000000000000000001
00100000000000000000000000000000000000010000000000000000000000000000000000000000000000000000000000000000000000000000001000000010000000010000000000000010000000010000000000000000000000000001
00100000000000000000000000000000000000010000000000000000000000000000000000000000000000000000000000000000000000000000001000000010000000010000000000000010000000010000000000000000000000000001
00100000000000000000000000000000000000010000000000000000000000000000000000000000000000000000000000000000000000000000001000000110010001010000000000000010000000010000000000000000000000000001
00100000000000000000000000000000000000010000000000000000000000000000000000000000000000000000000000000000000000000000001000000000000000000000000000000010000000010000000000000000000000000001
00100000000000000000000000000000000000010000000000000000000000000000000000000000000000000000000000000000000000000000001000000000000000000000000000000110010001010000000000000000000000000001
00100000000000000000000000000000000000010000000000000000000000000000000000000000000000000000000000000000000000000000001000000000000000000000000000000000000000000000000000000000000000000001
00100000000000000000000000000000000000010000000000000000000000000000000000000000000000000000000000000000000000000000001000000000000000000000000000000000000000000000000000000000000000000001
00100000000000000000000000000000000000010000000000000000000000000000000000000000000000000000000000000000000000000000001000000000101010001001000000000000000000001010100010101000100100000001
00100000000000000000000000000000000000010000000000000000000000000000000000000000000000000000000000000000000000000000001000000000001000000001000000000000000000000010000000100000000100000001
00100000000000000000000000000000000000010000000000000000000000000000000000000000000000000000000000000000000000000000001000000000001000000001000000000000000000000010000000100000000100000001
00100000000000000000000000000000000000010000000000000000000000000000000000000000000000000000000000000000000000000000001000000000001000000001000000000000000000000010000000100000000100000001
00100000000000000000000000000000000000010000000000000000000000000000000000000000000000000000000000000000000000000000001000000000001000000001000000000000000000000010000000100000000100000001
00100000000000000000000000000000000000010000000000000000000000000000000000000000000000000000000000000000000000000000001000000000001000000001000000000000000000000010000000100000000100000001
00100000000000000000000000000000000000010000000000000000000000000000000000000000000000000000000000000000000000000000001000000000011001000101000000000000000000000110010001100100010100000001
00100000000000000000000000000000000000010000000000000000000000000000000000000000000000000000000000000000000000000000001000000000000000000000000000000000000000000000000000000000000000000001
00101010100010010000000000000000000000010000000000000000000000000000000000000000000000000000000000000000000000000000001000000000000000000000000000000000000000000000000000000000000000000001
00100010000000010000000000000000000000010000000000000000000000000000000000000000000000000000000000000000000000000000001000000000000000000000000000000000000000000000000000000000000000000001
00100010000000010000000000000000000000010000000000000000000000000000000000000000000000000000000000000000000000000000001000000000000000000000000000000000000000000000000000000000000000000001
00100010000000010000000000000000000000010000000000000000000000000000000000000000000000000000000000000000000000000000001000001001000000000000000000001010000000000000000000000000000000000001
00100010000000010000000000000000000000010000000000000000000000000000000000000000000000000000000000000000000000000000001000000001000000000000000000000010000000000000000000000000000000000001
00100010000000010000000000000000000000010000000000000000000000000000000000000000000000000000000000000000000000000000001000000001000000000000000000000010000000000000000000000000000000000001
00100110010001010000000000000000000000010000000000000000000000000000000000000000000000000000000000000000000000000000001000000001000000000000000000000010000000000000000000000000000000000001
00100000000000000000000000000000000000010000000000001010100010010000000000000000000000000000000000000000000000000000001000000001000000000000000000000010000000000000000000000000000000000001
00100000000000000000000000000000000000010000000000000010000000010000000000000000000000000000000000000000000000000000001000000001101010001001000000000010000000000000000000000000000000000001
00100000000000000000000000000000000001010000000000000010000000010000000000000000000000000000000000000000000000000000011000000001001000000001000000000010000000000000000000000000000000000001
00100000000000000000000000000000000000000000000000000010000000010000000000000000000000000000000000000000000000000000000000000001001000000001000000000010000000000000000000000000000000000001
00100000000000000000000000000000000000000000000000000010000000010000000000000000000000000000000000000000000000000000000000000001001000000001000000000010000000000000000000000000000000000001
00100000000000000000000000000000000000000000000000000010000000010000000000000000000000000000000000000000000000000000000000000001001000000001000000000010000000000000000000000000000000000001
00100000000000000000000000000000000000000000000000000110010001010000000000000000000000000000000000000000000000000000000000000001001000000001000000000010000000000000000000000000000000000001
00100000000000000000000000000000000000000000000000000000000000000000000000000000000000000000000000000000000000000000000000000001011001000101000000000010000000000000000000000000000000000001
00100000000000000000000000000000000000000000000000000000000000000000000000000000000000000000000000000000000000000000000000000001000000000000000000000010000000000000000000000000000000000001
00100000000000000000000000000000000000000000000000000000000000000000000000000000000000000000000000000000000000000000000000000001000000000000000000000010000000000000000000000000000000000001
00100000000000000000000000000000000000000000000000000000000000000000000000000000000000000000000000000000000000000000000000000101000000000000000000000110000000000000000000000000000000000001
00100000000000000000000000000000000000000000000000000000000000000000000000000000000000000000000000000000000000000000000000000000000000000000000000000000000000000000000000000000000000000001
01100100010001000100010001000100010001000100010001000100010001000100010001000100010001000100010001000100010001000100010001000100010001000100010001000100010001000100010001000100010001000101
