1010100010001000100010001000100010001000100010001000100010001000100010001000100010001000100010001000100010001000100010001000100010001000100010001000100010001000100010001000100010001000100010001001
0010000000000000000000000001000000000000000000000000000000000000001000000000000000000000000000000000000000000000000000000000000000000000000000000000000000000000000000000000000000000000000000000001
0010000000000000000000000001000000000000000000000000000000000000001000000000000000000000000000000000000000000000000000000000000000000000000000000000000000000000000000000000000000000000000000000001
0010000000000000000000000001000000000000000000000000000000000000001000000000000000000000000000000000000000000000000000000000000000000000000000000000000000000000000000000000000000000000000000000001
0010000000000000000000000001000000000000000000000000000000000000001000000000000000000000000000000000000000000000000000000000000000000000000000000000000000000000000000000000000000000000000000000001
0010000000000000000000000001000000000000000000000000000000000000001000000000000000000000000000000000000000000000000000000000000000000000000000000000000000000000000000000000000000000000000000000001
0010000000000000000000000001000000000000000000000000000000000000001000000000000000000000000000000000000000000000000000000000000000000000000000000000000000000000000000000000000000000000000000000001
0010000000000000000000000001000000000000000000000000100100000000001000000000000000000000000000000000000000000000000000000000000010100000000000000000000000000000000000000000000000000000000000000001
0010000000000000000000000001000000000000000000000000000100000000001000000000000000000000000000000000000000000000000000000000000000100000000000000000000000000000000000000000000000000000000000000001
0010000000000000000000000001101010001001000000000000000100000000001000000000000000000000000000000000000000000000000000000000000000100000000000000000000000000000000000000000000000000000000000000001
0010000000000000000000000001001000000001000000000000000100000000001000000000000000000000000000000000000000000000000000000000000000100000000000000000000000000000000000000000000000000000000000000001
0010000000000000000000000001001000000001000000000000000100000000001000000000000000000000000000000000000000000000000000000000000000100000000000000000000000000000000000000000000000000000000000000001
0010000000000000000000000001001000000001000000000000000100000000001000000000000000000000000000000000000000000000000000000000000000100000000000000000000000000000000000000000000000000000000000000001
0010000000000000000000000001001000000001000000000000000100000000001000000000100100000000000000000000000000000000000000000000000000100000101000000000000000000000000000000000000000000000000000000001
0010000000000000000000000001001000000001000000000000000100000000001000000000000100000000000000000000000000000000000000000000000000100000001000000000000000000000000000000000000000000000000000000001
0010000000000000000000000001011001000101000000000000000100000000001010101000100010001001000000000000000000000000000000000000000000100000001000000000000000000000000000000000000000000000000000000001
0010000000000000000000000001000000000000000000000000000100000000001000100000000100000001000000000000000000000000000000000000000000100000001000000000000000000000000000000000000000000000000000000001
0010000000000000000000000001000000000000000000000000000100000000001000100000000100000001000000000000000000000000000000000000000000100000001000000000000000000000000000000000000000000000000000000001
0010000000000000000000000101000000000000000000000000000100000000011000100000000100000001000000000000000000000000000000000000000000100000001000000000000000000000000000000000000000000000000000000001
0010000000000000000000000000000000000000000000000000000100000000000001100100010001000101000000000000000000000000000000000000000000100000001000000000000000000000000000000000000000000000000000000001
0010000000000000000000000000000000000000000000000000000100000000000000000000000100000000000000000000000000000000000000000000000000100000001000000000000000000000000000000000000000000000000000000001
0010000000000000000000000000000000000000000000000000000100000000000000000000000100000000000000000000000000000000000000000000000000100000001000000000000000000000000000000000000000000000000000000001
0010000000000000000000000000000000000000000000000000000100000000000000000000000100000000000000000000000000000000000000000000000000100000001000000000000000000000000000000000000000000000000000000001
0010000000000000000000000000000000000000000000000000000100000000000000000000000100000000000000000000000000000000000000000000000000100000001000000000000000000000000000000000000000000000000000000001
0010000000000000000000000000000000000000000000000000000100000000000000000000000100000000000000000000000000000000000000000000000000100000001000000000000000000000000000000000000000000000000000000001
0010000000000000000000000000000000000000000000000000000100000000000000000000000100000000000000000000000000000000000000000000000000100000001000000000000000000000000000000000000000000000000000000001
0010000000000000000000000000000000000000000000000000000100000000000000000000000100000000000000000000000000000000000000000000000000100000001000000000000000000000000000000000000000000000000000000001
0010000000000000000000000000000000000000000000000000000100000000000000000000000100000000000000000000000000000000000000000000000000100000001000000000000000000000000000000000000000000000000000000001
0010000000000000000000000000000000000000000000000000000100000000000000000000000100000000000000000000000000000000000000001010100010001000100100000000000000000000000000000000000000000000000000000001
0010000000000000000000000000000000000000000000000000000100000000000000000000000100000000000000000000000000000000101010001001000000100000000100000000000000000000000000000000000000000000000000000001
0010000000000000000000000000000000000000101010001001000100000000000000000000000100000000000000000000000000000000001000000001000000100000000100000000000000000000000000000000000000000000000000000001
0010000000000000000000000000000000000000001000000001000100000000000000000000000100000000000000000000000000000000001000000001000000100000000100000000000000000000000000000000000000000000000000000001
0010000000000000000000000000000000000000001000000001000100000000000000000000000100000000000000000000000000000000001000000001010001000100010100000000000000000000000000000000000000000000000000000001
0010000000000000000000000000000000000000001000000001000100000000000000000000000100000000000000000000000000000000001000000001000000100000001000000000000000000000000000000000000000000000000000000001
0010000000000000000000000000000000000000001000000001010100000000000000000000000100000000000000000000000000000000001000000001000001100000001000000000000000000000000000000000000000000000000000000001
0010000000000000000000000000000000000000001000000001000000000000000000000000000100000000000000000000000000000000011001000101000000000000001000000000000000000000000000000000000000000000000000000001
0010000000000000000000000000000000000000011001000101000000000000000000000000010100000000000000000000000000000000000000000000000000000000011000000000000000000000000000000000000000000000000000000001
0010000000000000000000000000000000000000000000000000000000000000000000000000000000000000000000000000000000000000000000000000000000000000000000000000000000000000000000000000000000000000000000000001
0010000000000000000000000000000000000000000000000000000000000000000000000000000000000000000000000000000000000000000000000000000000000000000000000000000000000000000000000000000000000000000000000001
0110010001000100010001000100010001000100010001000100010001000100010001000100010001000100010001000100010001000100010001000100010001000100010001000100010001000100010001000100010001000100010001000101
