1010100010001000100010001000100010001000100010001000100010001000100010001000100010001000100010001000100010001000100010001000100010001000100010001000100010001001
0010000000000000000000000000000000000000000000000000000000000000000000000000001000000001000000000000000000000000000000000000000000000000000000000000000000000001
0010000000000000000000000000000000000000000000000000000000000000000000000000001000000001000000000000000000000000000000000000000000000000000000000000000000000001
0010000000000000000000000000000000000000000000000000000000000000000000000000001000000001000000000000000000000000000000000000000000000000000000000000000000000001
0010000000000000000000000000000000000000000000000000000000000000000000000000001000000001000000000000000000000000000000000000000000000000000000000000000000000001
0010000000000000000000000000000000000000000000000000000000000000000000000000001000000001000000000000000000000000000000000000000000000000000000000000000000000001
0010000000000000000000000000000000000000000000000000000000000000000000000000011001000101000000000000000000000000000000000000000000000000000000000000000000000001
0010000000000000000000000000000000000000000000000000000000000000000000000000000000000000000000000000000000000000000000000000000000000000000000000000000000000001
0010000000000000000000000000000000000000000000000000000010010000000000000000000000000000000000000000000000000000000000000000000000001010000000000000000000000001
0010000000000000000000000000000000000000000000000000000000010000000010101000100100000000000000000000000000000000000000000000000000000010000000000000000000000001
0010000000000000000000000000000000000000000000000000000000010000000000100000000100000000000000000000000000000000000000000000000000000010000000000000000000000001
0010000000000000000000000000000000000000000000000000000000010000000000100000000100000000000000000000000000000000000000000000000000000010000000000000000000000001
0010000000000000000000000000000000000000000000000000000000010000000000100000000100000000000000000000000000000000000000000000000000001010100010010000000000000001
0010000000000000000000000000000000000000000000000000000000010000000000100000100100000000000000000000000000000000000000000000000000000010000000010000000000000001
0010000000000000000000001010100010010000000000000000000000010000000000100000000100000000000000000000000000000000000000000000000000000010000000010000000000000001
0010000000000000000000000010000000010000000000000000000000010000000001100100000100000000000000000000000000000000000000000000000000000010000000010000000000000001
0010000000000000000000000010000000010000000000000000000000010000000000000000000100000000000000000000000000000000000000000000000000000010000000010000000000000001
0010000000000000000000000010000000010000000000000000000000010000000000000000000100000000000000000000000000000000000000000000000000000010000000010000000000000001
0010000000000000000000000010000000010000000000000000000000010000000000000000000100000000000000000000000000000000000000000000000000000110010001010000000000000001
0010000000000000000000000010000000010000000000000000000000010000000000000000000100000000000000000000000000000000000000000000000000000010000000000000000000000001
0010000000000000000000000110010001010000000000000000000000010000000000000000000100000000000000000000000000000000000000000000000000000010000000000000000000000001
0010000000000000000000000000000000000000000000000000000000010000000000000000000100000000000000000000000000000000000000000000000000000010000000000000000000000001
0010000000000000000000000000000000000000000000000000000000010000000000000000000100000000000000000000000000000000000000000000000000000010000000000000000000000001
0010000000000000000000000000000000000000000000000000000000010000000000000000000100000000000000000000000000000000000000000000000000000010000000000000000000000001
0010000000000000000000000000000000000000000000000000000000010000000000000000000100000000000000000000000000000000000000000000000000000010000000000000000000000001
0010000000000000000000000000000000000000000000000000000000010000000000000000000100000000000000000000000000000000000000000000000000000010000000000000000000000001
0010000000000000000000000000000000000000000000000000000000010000000000000000000100000000000000000000000000000000000000000000000000000010000000000000000000000001
0010000000000000000000000000000000000000000000000000000000010000000000000000000100000000000000000000000000000000000000000000000000000010000000000000000000000001
0010000000000000000000000000000000000000000000000000000000010000000000000000000100000000000000000000000000000000000000000000000000000010000000000000000000000001
0010000000000000000000000000000000000000000000000000000000010000000000000000000100000000000000000000000000000000000000000000000000000010000000000000000000000001
0010000000000000000000000000000000000000000000000000000000010000000000001010100010010000000000000000000000000000000000000000000000000010000000000000000000000001
0010000000000000000000000000000000000000000000000000000000010000000000000010000100010000000000000000000000000000000000000000000000000010000000000000000000000001
0010000000000000000000000000000000000000000000000000000000010000000000000010000100010000000000000000000000000000000000000000000000000010000000000000000000000001
0010000000000000000000000000000000000000000000000000000000010000000000000010000100010000000000000000000000000000000000000000000000000010000000000000000000000001
0010000000000000000000000000000000000000000000000000000000010000000000000010000100010000000000000000000000000000000000000000000000000010000000000000000000000001
0010000000000000000000000000000000000000000000000000000001010000000000000010000100010000000000000000000000000000000000000000000000000110000000000000000000000001
0010000000000000000000000000000000000000000000000000000000000000000000000110010001010000000000000000000000000000000000000000000000000000000000000000000000000001
0010000000000000000000000000000000000000000000000000000000000000000000000000000100000000000000000000000000000000000000000000000000000000000000000000000000000001
0010000000000000000000000000000000000000000000000000000000000000000000000000000100000000000000000000000000000000000000000000000000000000000000000000000000000001
0010000000000000000000000000000000000000000000000000000000000000000000000000000100000000000000000000000000000000000000000000000000000000000000000000000000000001
0010000000000000000000000000000000000000000000000000000000000000000000000000000100000000000000000000000000000000000000000000000000000000000000000000000000000001
0010000000000000000000000000000000000000000000000000000000000000000000000000010100000000000000000000000000000000000000000000000000000000000000000000000000000001
0010000000000000000000000000000000000000000000000000000000000000000000000000000000000000000000000000000000000000000000000000000000000000000000000000000000000001
0010000000000000000000000000000000000000000000000000000000000000000000000000000000000000000000000000000000000000000000000000000000000000000000000000000000000001
0010000000000000000000000000000000000000000000000000000000000000000000000000000000000000000000000000000000000000000000000000000000000000000000000000000000000001
0010000000000000000000000000000000000000000000000000000000000000000000000000000000000000000000000000000000000000000000000000000000000000000000000000000000000001
0010000000000000000000000000000000000000000000000000000000000000000000000000000000000000000000000000000000000000000000000000000000000000000000000000000000000001
0010000000000000000000000000000000000000000000000000000000000000000000000000000000000000000000000000000000000000000000000000000000000000000000000000000000000001
0010000000000000000000000000000000000000000000000000000000000000000000000000000000000000000000000000000000000000000000000000000000000000000000000000000000000001
0110010001000100010001000100010001000100010001000100010001000100010001000100010001000100010001000100010001000100010001000100010001000100010001000100010001000101
