1010100010001000100010001000100010001000100010001000100010001000100010001000100010001000100010001000100010001000100010001000100010001000100010001000100010001001
0010000000000000000000000001000000000000000000000000000000000000000000000000001000000000000000000000000000000000000000000000000000000000000000000000000000000001
0010000000000000000000000001000000000000000000000000000000000000000000000000001000000000000000000000000000000000000000000000000000000000000000000000000000000001
0010000000000000000000000001000000000000000000000000000000000000000000000000001000000000000000000000000000000000000000000000000000000000000000000000000000000001
0010000000000000000000000001000000000000000000000000000000000000000000000000001000000000000000000000000000000000000000000000000000000000000000000000000000000001
0010000000000000000000000001000000000000000000000000000000000000000000000000001000000000000000000000000000000000000000000000000000000000000000000000000000000001
0010000000000000000000000001000000000000000000000000000000000000000000000000001000000000000000000000000000000000000000000000000000000000000000000000000000000001
0010000000000000000000000001000000000000000000000000000000000000000000000000001000000000000000000000000000000000000000000000000000000000000000000000000000000001
0010000000000000000000000001000000000000000000000000000000000000000000000000001000000000000000000000000000000000000000000000000000000000000000000000000000000001
0010000000000000000000000001000000000000000000000000000000000000000000000000001000000000000000000000000000000000000000000000000000000000000000000000000000000001
0010000000000000000000000001000000000000000000000000000000000000000000000000001000000000000000000000000000000000000000000000000000000000000000000000000000000001
0010000000000000000000000001000000000000000000000000000000000000000000000000001000000000000000000000000000000000000000000000000000000000000000000000000000000001
0010000000000000000000000001000000000000000000000000000000000000000000000000001000000000000000000000000000000000000000000000000000000000000000000000000000000001
0010000000000000000000000001000000000000000000000000000000000000000000000000001000000000000000000000000000000000000000000000000000000000000000000000000000000001
0010000000000000000010101000100100000000000000000000000000000000000000000000001000000000000000000000000000000000000000000000000000000000000000000000000000000001
0010000000000000000000100001000100000000000000000000000000000000000000000000001000000000000000000000000000000000000000000000000000000000000000000000000000000001
0010000000000000000000100001000100000000000000000000000000000000000000000000001000000000000000000000000000000000000000000000000000000000000000000000000000000001
0010000000000000000000100001000100000000000000000000000000000000000000000000001000000000000000000000000000000000000000000000000000000000000000000000000000000001
0010000000000000000000100001000100000000000000000000000000000000000000000000001000000000000000000000000000000000000000000000000000000000000000000000000000000001
0010000000000000000000100001000100000000000000000000000000000000000000000000001000000000000000000000000000000000000000000000000000000000000000000000000000000001
0010101010001001000001100100010100000000000000000000000000000000000000000110010001000100010001000100010001000100010001000101000000000000000000000000000000000001
0010001000000001000000000101000000000000000000000000000000000000000000000000011000000000000000000000000000000000000000000000000000000000000000000000000000000001
0010001000000001000000000000000000000000000000000000000000000000000000000000000000000000000000000000000000000000000000000000000000000000000000000000000000000001
0010001000000001000000000000000000000000000000000000000000000000000000000000000000000000000000000000000000000000000000000000000000000000000000000000000000000001
0010001000000001000000000000000000000000000000000000000000000000000000001010100010001000100010001000100010001000100010001001000000000000000000000000000000000001
0010001000001010100010011010100010010000000000000000000000000000000000000000000000000000000000000000000000000000000000000000000000000000000000000000000000000001
0010011001000010000000010010000000010000000000000000000000000000000000000000000000000000000000000000000000000000000000000000000000000000000000000000000000000001
0010000000000010000000010010000000010000000000000000000000000000000000000000000000000000000000000000000000000000000000000000000000000000000000000000000000000001
0010000000000010000000010010000000010000000000000000000000000000000000000000000000000000000000000000000000000000000000000000000000000000000000000000000000000001
0010000000000010000000010010000000010000000000000000000000000000000000000000000000000000000000000000000000000000000000000000000000000000000000000000000000000001
0010000000000010000000010010000000010000000000000000000000000000000000000000000000000000000000000000000000000000000000000000000000000000000000000000000000000001
0010000000000110010001010110010001010000000000000000000000000000000000000000000000000000000000000000000000000000000000000000000000000000000000000000000000000001
0010000000000000000000000000000000000000000000000000000000000000000000000000000000000000000000000000000000000000000000000000000000000000000000000000000000000001
0010000000000000000000000000000000000000000000000000000000000000000000000000000000000000000000000000000000000000000000000000000000000000000000000000000000000001
0010000000000000000000000000000000000000000000000000000000000000000000000000000000000000000000000000000000000000000000000000000000000000000000000000000000000001
0010000000000000000000000000000000000000000000000000000000000000000000000000000000000000000000000000000000000000000000000000000000000000000000000000000000000001
0010000000000000000000000000000000000000000000000000000000000000000000000000000000000000000000000000000000000000000000000000000000000000000000000000000000000001
0010000000000000000000000000000000000000000000000000000000000000000000000000000000000000000000000000000000000000000000000000000000000000000000000000000000000001
0010000000000000000000000000000000000000000000000000000000000000000000000000000000000000000000000000000000000000000000000000000000000000000000000000000000000001
0010000000000000000000000000000000000000000000000000000000000000000000000000000000000000000000000000000000000000000000000000000000000000000000000000000000000001
0010000000000000000000000000000000000000000000000000000000000000000000000000000000000000000000000000000000000000000000000000000000000000000000000000000000000001
0010000000000000000000000000000000000000000000000000000000000000000000000000000000000000000000000000000000000000000000000000000000000000000000000000000000000001
0010000000000000000000000000000000000000000000000000000000000000000000000000000000000000000000000000000000000000000000000000000000000000000000000000000000000001
0010000000000000000000000000000000000000000000000000000000000000000000000000000000000000000000000000000000000000000000000000000000000000000000000000000000000001
0010000000000000000000000000000000000000000000000000000000000000000000000000000000000000000000000000000000000000000000000000000000000000000000000000000000000001
0010000000000000000000000000000000000000000000000000000000000000000000000000000000000000000000000000000000000000000000000000000000000000000000000000000000000001
0010000000000000000000000000000000000000000000000000000000000000000000000000000000000000000000000000000000000000000000000000000000000000000000000000000000000001
0010000000000000000000000000000000000000000000000000000000000000000000000000000000000000000000000000000000000000000000000000000000000000000000000000000000000001
0010000000000000000000000000000000000000000000000000000000000000000000000000000000000000000000000000000000000000000000000000000000000000000000000000000000000001
0110010001000100010001000100010001000100010001000100010001000100010001000100010001000100010001000100010001000100010001000100010001000100010001000100010001000101
