1010100010001000100010001000100010001000100010001000100010001000100010001000100010001000100010001000100010001000100010001000100010001000100010001000100010001001
0010000000000000000000000000000000000000000000000000000000000000000000000000000000000000000000000000000000000000000000000000000000000000000000000000000000000001
0010000000000000000000000000000000000000000000000000000000000000000000000000000000000000000000000000000000000000000000000000000000000000000000000000000000000001
0010000000000000000000000000000000000000000000000000000000000000000000000000000000000000000000000000000000000000000000000000000000000000000000000000000000000001
0010000000000000000000000000000000000000000000000000000000000000000000000000000000000000000000000000000000000000000000000000000000000000000000000000000000000001
0010000000000000000000000000000000000000000000000000000000000000000000000000000000000000000000000000000000000000000000000000000000000000000000000000000000000001
0010000000000000000000000000000000000000000000000000000000000000000000000000000000000000000000000000000000000000000000000000000000000000000000000000000000000001
0010000000000000000000000000000000000000000000000000100100000000000000000000000000000000000000000000101000000000000000000000000000000000000000000000000000000001
0010000000000000000000000000000000000000000000000000000110010000000000000000000000000000000000000000001000000000000000000000000000001010000000000000000000000001
0010000000000000000000000000000000000000000000000000000100010000000000000000000000000000000000000000001000000000000000000000000000000010000000000000000000000001
0010000000000000000000000000000001100100010001000100010001000100010001000100010001000100010001000100010001000100010001000100010001000101000000000000000000000001
0010000000000000000000000000000000000000000000000000000100010000000000000000000000000000000000000000001000000000000000000000000000000010000000000000000000000001
0010000000000000000000000000000000000000000000000000000100010000000000000000000000000000000000000000001000000000000000000000000000000010000000000000000000000001
0010000000000000000000000000000000000000000000000000000100010000000000000000000000000000000000000000001000000000000000000000000000000010000000000000000000000001
0010000000000000000000000000000000000000000000000000000100010000000000000000000000000000000000000000001000000000000000000000000000000010000000000000000000000001
0010000000000000000000000000000000000000000000000000000100010000000000000000000000000000000000000000001000000000000000000000000000000010000000000000000000000001
0010000000000000000000000000000000000000000000000000000100010000000000000000000000000000000000000000001000000000000000000000000000000010000000000000000000000001
0010000000000000000000000000000000000000000000000000000100010000000000000000000000000000000000000000001000000000000000000000000000000010000000000000000000000001
0010000000000000000000000000000000000000000000000000000100010000000000000000000000000000000000001001001000000000000010100000000000000010000000000000000000000001
0010000000000000000000000000000000000000000000000000000100010000000000000000000010101000100100000001001000000000000000100000000000000010000000000000000000000001
0010000000000000000000000000000000000000000000000000000100010000000000000000000000100000000100000001001000000000000000100000000000000010000000000000000000000001
0010000000000000000000000000000000000000000000000000000100010000000000000000000000100000000100000001001000000000000000100000000000000010000000000000000000000001
0010000000000000000000000000000000000000000000000000000100010000000000000000000000100000000100000001001000000000000000100000000000000010000000000000000000000001
0010000000000000000000000000000000000000000000000000000100010000000000000000000000100000000100000001001000000000000000100000000000000010000000000000000000000001
0010000000000000000000000000000000000000000000000000000100010000000000000000000000100000000100000001001000000000000000100000000000000010000000000000000000000001
0010000000000000000000000000000000000000000000000000000100010000000000000000000001100100010100000001001000000000000000100000100100000010000000000000000000000001
0010100010010000000000000000000000000000000000000000000100010000000000000000000000000000000000000001001000000000000000100000000100000010000000000000000000000001
0010000000010000000000000000000010101000100010001000100010001000100010001000100010001000100010001000100010001000100010001000100010001001000000000000000000000001
0010000000010000000000000000000000000000000000000000000000010000000000000000000000000000000000000001000000000000000000100000000100000010000000000000000000000001
0010000000010000000000000000000000000000000000000000000000010000000000000000000000000000000000000001000000000000000000100000000100000010000000000000000000000001
0010000000010000000000000000000000000000000000000000000000010000000000000000000000000000000000000001000000000000000000100000000100000010000000000000000000000001
0010000000010000000000000000000000000000000000000000000000010000000000000000000000000000000000000101000000000000000001100000000100000010000000000000000000000001
0010010001010000000000000000000000000000000000000000000000010000000000000000000000000000000000000000000000000000000000000000000100000010000000000000000000000001
0010000000000000000000000000000000000000000000000000000000010000000000000000000000000000000000000000000010101000100100000000000100000010000000000000000000000001
0010000000000000000000000000000000000000000000000000000000010000000000000000000000000000000000000000000000100000000100000000000100000010000000000000000000000001
0010000000000000000000000000000000000000000000000000000001010000000000000000000000000000000000000000101010001001000100000000000100000110000000000000000000000001
0010000000000000000000000000000000000000000000000000000000000000000000000000000000000000000000000000001000100001000100000000000100000000000000000000000000000001
0010000000000000000000000000000000000000000000000000000000000000000000000000000000000000000000000000001000100001000100000000000100000000000000000000000000000001
0010000000000000000000000000000000000000000000000000000000000000000000000000000000000000000000000000001000100001000100000000000100000000000000000000000000000001
0010000000000000000000000000000000000000000000000000000000000000000000000000000000000000000000000000001001100001010100000000000100000000000000000000000000000001
0010000000000000000000000000000000000000000000000000000000000000000000000000000000000000000000000000001000000001000000000000000100000000000000000000000000000001
0010000000000000000000000000000000000000000000000000000000000000000000000000000000000000000000000000011001000101000000000000010100000000000000000000000000000001
0010000000000000000000000000000000000000000000000000000000000000000000000000000000000000000000000000000000000000000000000000000000000000000000000000000000000001
0010000000000000000000000000000000000000000000000000000000000000000000000000000000000000000000000000000000000000000000000000000000000000000000000000000000000001
0010000000000000000000000000000000000000000000000000000000000000000000000000000000000000000000000000000000000000000000000000000000000000000000000000000000000001
0010000000000000000000000000000000000000000000000000000000000000000000000000000000000000000000000000000000000000000000000000000000000000000000000000000000000001
0010000000000000000000000000000000000000000000000000000000000000000000000000000000000000000000000000000000000000000000000000000000000000000000000000000000000001
0010000000000000000000000000000000000000000000000000000000000000000000000000000000000000000000000000000000000000000000000000000000000000000000000000000000000001
0110010001000100010001000100010001000100010001000100010001000100010001000100010001000100010001000100010001000100010001000100010001000100010001000100010001000101
