1010100010001000100010001000100010001000100010001000100010001000100010001000100010001000100010001000100010001000100010001000100010001000100010001000100010001001
0010000000000000000000000000000000000000000000000000000000000000000000000000000000000000000000000000000000000000000000000000000000000000000000000000000000000001
0010000000000000000000000000000000000000000000000000000000000000000000000000000000000000000000000000000000000000000000000000000000000000000000000000000000000001
0010000000000000000000000000000000000000000000000000000000000000000000000000000000000000000000000000000000000000000000000000000000000000000000000000000000000001
0010000001100100010001000100010001000100010001000101000000000000000000000000000000000000000000000000000000000000000000000000000000000000000000000000000000000001
0010000000000000000000000000000000000000000000000000000000000000000000000000000000000000000000000000000000000000000000000000000000000000000000000000000000000001
0010000010101000100010001000100010001000100010101001100100000000000000000000000000000000000000000000000000000000000000000000000000000000000000000000101000000001
0010000000000000000000000000000000000000000000100001000100000000000000000000000000000000000000000000000000000000000000000000000000000000000000000000001000000001
0010000000000000000000000000000000000000000000100001000100000000000000000000000000000000000000000000000000000000000000000000000000000000000000000000001000000001
0010000000000000000000000000000000000000000000100001000100000000000000000000000000000000000000000000000000000000000000000000000000000000000000000000001000000001
0010000000000000000000000000000000000000000000100001000100000000000000000000000000000000000000000000000000000000000000000000000000000000000000000000001000000001
0010000000000000000000000000000000000000000000100001000100000000000000000000000000000000000000000000000000000000000000000000000000000000000000000000001000000001
0010000000000000000000000000000000000000000001100001010100000000000000000000000000000000000000000000000000000000000000000000000000000000000000000000001000000001
0010000000000000000000000000000000000000000001100100010001000100010001000100010001000100010001000100010001000100010001000101000000000000000000000000001000000001
0010000000000000000000000000000000000000000000000001000000000000000000000000000000000000000000000000000000000000000000000000000000000000000000000000001000000001
0010000000000000000000000000000000000000000000000001000000000000000000000000000000000000000000000000000000000000000000000000000000000000000000000000001000000001
0010000000000000000000000000000000000000000000000001000000000000000000000000000000000000000000000000000000000000000000000000000000000000000000000000001000000001
0010000000000000000000000000000000000000000000000001000000000000000000000000000000000000000000000000000000000000000000000000000000000000000000000000001000000001
0010000000000000000000000000000000000000000000000001000000000000000000000000000000000000000000000000000000000000000000000000000000000000000000000000001000000001
0010000000000000000000000000000000000000000000000001000000000000000000000000000000000000000000000000000000000000000000000000000000000000000000000000001000000001
0010000000000000000000000000000000000000000000000001000000000000000000000000000000000000000000000000000000000000000000000000000000000000000000000000001000000001
0010000000000000000000000000000000000000000000000001000000000000000000000000000000000000000000000000000000000000000000000000000000000000000000000000001000000001
0010000000000000000000000000000000000000000000000001000000000000000000000000000000000000000000000000000000000000000000000000000000000000000000000000001000000001
0010000000000000000000000000000000000000000000000001000000000000000000000000000000000000000000000000000000000000000010010000000000000000000000000000101000000001
0010000000000000000000000000000000000000000010101000100010001000100010001000100010001000100010001000100010001000100010001001000000000000000000000000001000000001
0010000000000000000000000000000000000000000000000001000000000000000000000000000000000000000000000000000000000000000000010000000000000000000000000000001000000001
0010000000000000000000000000000000000000000000000001000000000000000000000000000000000000000000000000000000000000000000010000000000000000000000000000001000000001
0010000000000000000000000000000000000000000000000001000000000000000000000000000000000000000000000000000000000000000000010000000000000000000000000000001000000001
0010000000000000000000000000000000000000000000000001000000000000000000000000000000000000000000000000000000000000000000010000000000000000000000000000001000000001
0010000000000000000000000000000000000000000000000001000000000000000010101000100100000000000000000000000000000000000000010000000010101000100010010000001000000001
0010000000000000000000000000000000000000000000000001000000000000000000100000000100000000000000000000000000000000000000010000000000100000000000010000001000000001
0010000000000000000000000000000000000000000000000001000000000000000000100000000100000000000000000000000000000000000000010000000000100000000000010000001000000001
0010000000000000000000000000000000000000000000000001000000000000000000100000000100000000000000000000000000000000000000010000000000100000000000010000001000000001
0010000000000000000000000000000000000000000000000001000000000000000000100000000100000000000000000000000000000000000000010000000000100000000000010000001000000001
0010000000000000000000000000000000000000000000000001000000000000000000100000000100000000000000000000000000000000000000010000000001100100010001010000001000000001
0010000000000000000000000000000000000000000000000001000000000000000001100100010100000000000000000000000000000000000000010000000000000000000000000000001000000001
0010000000000000000000000000000000000000000000000001000000000000000000000000000000000000000000000000000000000000000000010000000000000000000000000000001000000001
0010000000000000000000000000000000000000000000000001000000000000000000000000000000000000000000000000000000000000000000010000000000000000000000000000001000000001
0010000000000000000000000000000000000000000000000001000000000000000000000000000000000000000000000000000000000000000000010000000000000000000000000000001000000001
0010000000000000000000000000000000000000000000000101000000000000000000000000000000000000000000000000000000000000000001010000000000000000000000000000011000000001
0010000000000000000000000000000000000000000000000000000000000000000000000000000000000000000000000000000000000000000000000000000000000000000000000000000000000001
0010000000000000000000000000000000000000000000000000000000000000000000000000000000000000000000000000000000000000000000000000000000000000000000000000000000000001
0010000000000000000000000000000000000000000000000000000000000000000000000000000000000000000000000000000000000000000000000000000000000000000000000000000000000001
0010000000000000000000000000000000000000000000000000000000000000000000000000000000000000000000000000000000000000000000000000000000000000000000000000000000000001
0010000000000000000000000000000000000000000000000000000000000000000000000000000000000000000000000000000000000000000000000000000000000000000000000000000000000001
0010000000000000000000000000000000000000000000000000000000000000000000000000000000000000000000000000000000000000000000000000000000000000000000000000000000000001
0010000000000000000000000000000000000000000000000000000000000000000000000000000000000000000000000000000000000000000000000000000000000000000000000000000000000001
0010000000000000000000000000000000000000000000000000000000000000000000000000000000000000000000000000000000000000000000000000000000000000000000000000000000000001
0010000000000000000000000000000000000000000000000000000000000000000000000000000000000000000000000000000000000000000000000000000000000000000000000000000000000001
0110010001000100010001000100010001000100010001000100010001000100010001000100010001000100010001000100010001000100010001000100010001000100010001000100010001000101
