101010001000100010001000100010001000100010001000100010001000100010001000100010001000100010001000100010001000100010001000100010001000100010001000100010001000100010001000100010001000100010001001
001000000000000000000000000000000000000000000000000000000000000000000000000000000000000000000000000000000000000000000000000000000000000000000000000000000000000000000000000000000000000000000001
001000000000000000000000000000001001000000000000101000000000000000000000000000000000000000000000000000000000000000000000000000000000000000000000000000000000000000000000000000000000000000000001
001001100100010001000100010001000100010001000100010001000100010001000100010001000100010001000100010001000100010001000100010001000100010001000100010001000100010001000100010001000100010001010001
001000000000000000000000000000000001000000000000001000000000000000000000000000000000000000000000000000000000000000000000000000000000000000000000000000000000000000000000000000000000000000000001
001000000000000000000000000000000001000000001001101000000000000000000000000000000000000000000000000000000000000000000000000000000000000010100000000000000000000000000000000000000000000000000001
001000000000000000000000000000000001000000000001001000000000000000000000000000000000000000000000000000000000000000000000000000000000000000100000000000000000000000000000000000000000000000000001
001000000000000000000110010001000100010001000100010001000101000000000000000000000000000000000000000000000000000000000000000000000000000000100000000000000000000000000000000000000000000000000001
001000000000000000001010100010001000101010001001100010001001000000000000000000000000000000000000000000000000000000000000000000000000000000100000000000000000000000000000000000000000000000000001
001000000000000000000000000000000001001000000001001000000000000000000000000000000000000000000000000000000000000000000000000000000000000000100000000000000000000000000000000000000000000000000001
001000000000000000000000000000000001001000000001001000000000000000000000000000000000000000000000000000000000000000000000000000000000000000100000000000000000000000000000000000000000000000000001
001000000000000000000000000000000001001000000001001000000000000000000000000000000000000000000000000000000000000000000000000000000000000000100000000000000000000000000000000000000000000000000001
001000000000000000000000000000000001001000000001001000000000000000000000000000000000000000000000000000000000000000000000000000000000000000100000000000000000101010001001000000000000000000000001
001000000000000000000000000000000001001000000001001000000000101010001001000000000000000000000000000000000000000000000000000000000000000000100000000000000000001000000001000000000000000000000001
001000000000000000000000000000000101011001000101011000000000001000000001000000000000000000000000000000000000000000000000000000000000000000100000000000000000001000000001000000000000000000000001
001000000000000000000000000000000000000000000001000000000000001000000001000000000000000000000000000000000000000000000000000000000000000000100000000000000000001000000001000000000000000000000001
001000000000000000000000000000000000000000000001000000000110010001000100010001000100010001000100010001000101000000000000000000000000000000100000000000001010100010010001000000000000000000000001
001000000000000000000000000000000000000000000001000000000000001000000001000000000010000000010000000000000000000000000000000000000000000000100000000000000010001000010001000000000000000000000001
001000000000000000000000000000000000000000000001000000000000001000000001000000000010000000010000000000000000000000000000000000000000000000100000000000000010011000010101000000000000000000000001
001000000000000000000000000000000000000000000001000000000000011001000101000000000010000000010000000000000000000000000000000000000000000000100000000000000010000000010000000000000000000000000001
001000000000000000000000000000000000000000000001000000001010100010001000100010001000100010001000100010001010100010010000000000000000000000100000000000000010000000010000000000000000000000000001
001000000000000000000000000000000000000000000001000000000000000000000000000000000010000000010000000000000010000000010000000000000000000000100000000000000010000000010000000000000000000000000001
001000000000000000000000000000000000000000000001000000000000000000000000000000000110010001010000000000000010000000010000000000000000000000100000000000000110010001010000000000000000000000000001
001000000000000000000000000000000000000000000001000000000000000000000000000000000000000000000000000000000010000000010000000000000000000000100000000000000000000000000000000000000000000000000001
001000000000000000000000000000000000000000000001000000000000000000000000000000000000000000000000000000000010000000010000100100000000000000100000101000000000000000000000000000000000000000000001
001000000000000000000000000000000000000000000001000000000000000000000000000000000000000000000000000000000010000000010000000100000000000000100000001000000000000000000000000010101000100100000001
001000000000000000000000000000000000000000000001000000000000000000000000000000000000000000000000000000000110010001010000000100000000000000100000001000000000000000000000000000100000000100000001
001000000000000000000000000000000000000000000001000000000000000000000000000000000000000000000000000000000000000000000000000100000000000000100000001000000000000000000000000000100000000100000001
001000000000000000000000000000000000000000000001000000000000000000000000000000000000000000000000000000000000000000000000000100000000000000100000001000000000000000000000000000100000000100000001
001000000000000000000000000000000000000000000001000000000000000000000000000000000000000000000000000000000000000000000000000100000000000000100000001000000000000000000000000000100000000100000001
001000000000000000000000000000000000000000000001000000000000000000000000000000000000000000000000000000000000000000000000000100000000000000100000001000000000000000000000000000101010100010010001
001000000000000000000000000000000000000000000001000000000000000000000000000000000000000000000000000000000000000000000000000100000000000000100000001000000000000000000000000001100010010100010001
001000000000000000000000000000000000000000000001000000000000000000000000000000000000000000000000000000000000000000000000000100000000000000100000001000000000000000000000000000000010000000010001
001000000000000000000000000000000000000000000001000000000000000000000000000000000000000000000000000000000000000000000000000100000000000000100000001000000000000000000000000000000010000000010001
001000000000000000000000000000000000000000000001000000000000000000000000000000000000000000000000000000000000000000000000000100000000000000100000001000000000000000000000000000000010000000010001
001000000000000000000000000000000000000000000001000000000000000000000000000000000000000000000000000000000000000000000000000100000000000000100000001000000000000000000000000000000010000000010001
001000000000000000000000000000000000000000000101000000000000000000000000000000000000000000000000000000000000000000000000000100000000000001100000001000000000000000000000000000000110010001010001
001000000000000000000000000000000000000000000000000000000000000000000000000000000000000000000000000000000000000000000000000100000000000000000000001000000000000000000000000000000000000000000001
001000000000000000000000000000000000000000000000000000000000000000000000000000000000000000000000000000000000000000000000010100000000000000000000011000000000000000000000000000000000000000000001
001000000000000000000000000000000000000000000000000000000000000000000000000000000000000000000000000000000000000000000000000000000000000000000000000000000000000000000000000000000000000000000001
011001000100010001000100010001000100010001000100010001000100010001000100010001000100010001000100010001000100010001000100010001000100010001000100010001000100010001000100010001000100010001000101
