101010001000100010001000100010001000100010001000100010001000100010001000100010001000100010001000100010001000100010001000100010001000100010001000100010001000100010001000100010001000100010001001
001000000000000000000000000100000000000000000000000000000000000000000010000000000000000000000000000000000000000000000000000000000000000000100000000100000000000000000000000000000000000000000001
001000000000000000000000000100001001000000000000000000000000000000000010000000000000000000001010000000000000000000000000000000000000000000100000000100000000000000000000000000000000000000000001
001001100100010001000100010001000100010001000100010001000100010001000100010001000100010001000100010001000100010001000100010001000100010001000100010100000000000000000000000000000000000000000001
001000000000000000000000000100000001000100000000000000000000000000000010000000000000000000000010000000000000000000000010000000000000000000100000000100000000000000000000000000000000000000000001
001000000000000000000000000100000001000100000000000000000000000000000010000000000000000000000010000000000000000000000010000000000000000000100000000100000000000000000000000000000000000000000001
001000000000000001100100010001000100010001000100010001000100010001000100010001000100010001000100010001000100010001000100010001000100010001000100010001000100010001000100010001000101000000000001
001000000000000000000000000100000001000100000000000000000000000000000010000000000000000000000010000000000000000000000010000000000000000000000000000000000000000000000000000000000000000000000001
001000000000000000000000000100000001000100000000000000000000000000000010000000000000000000000010000000000000000000000010000000000000000000000000000000000000000000000000000000000000000000000001
001000000000000000000000000100000001000100000000000000000000000000000010000000001010100010010010000000000000000000000010000000000000000000000000000000000000000000000000000000000000000000000001
001000000000000000000000000100000001000100000000000000000000000000000010000000000010000000010010000000000000000000000010000000000000000000000000000000000000000000000000000000000000000000000001
001000000000000000000000000100000001000100000000000000000000000000000010000000000010000000010010000000000000000000000010000000000000000000000000000000000000000000000000000000000000000000000001
001000000000000000000000000100000001000100000000000000000000000000000010000000000010000000010010000000000000000000000010000000000000000000000000000000000000000000000000000000000000000000000001
001000000000000000000000000100000001000100000000000000000000000000000010000000000010000000010010000000000000000000000010000000000000000000000000000000000000000000000000000000000000000000000001
001000000000000000000000000100000001000100000000000000000000000000000010000000000010000000010010000000000000000000000010000000000000000000000000000000000000000000000000000000000000000000000001
001010001001000000000000000100000001000100000000000000000000000000000010000000000110010001010010000000000000000000000010000000000000000000000000000000000000000000000000000000000000000000000001
001000000001000000000000000100000001000100000000000000000000000000000010000000000000000000000010000000000000000000000010000000000000000000000000000000000000000000000000000000000000000000000001
001000000001000000000000000100000001000100000000000000000000000000000010000000000000000000000010000000000000000000000010000000000000000000000000000000000000000000000000000000000000000000000001
001000000001000000000000000100000001000100000000000000000000000000000010000000000000000000000010000000000000000000000010000000000000000000000000000000000000000000000000000000000000000000000001
001000000001000000000000010100000001000100000000000000000000000000000110000000000000000000000010000000000000000000000010000000000000000000000000000000000000000000000000000000000000000000000001
001000000001000000000000000000000001000100000000000000000000000000000000000000000000000000000010000000000000000000000010000000000000000000000000000000000000000000000000000000000000000000000001
001001000101000000000000000000000001000100000000000000000000000000000000000000000000000000000010000000000000000000000010000000000000000000000000000000000000000000000000000000000000000000000001
001010001001000000000000000000000001000100000000000000000000000000000000000000000000000000000010000000000000000000000010000000000000000000000000000000000000000000000000000000000000000000000001
001000000001000000000000000000000001000100000000000000000000000000000000000000000000000000000010000000000000000000000010000000000000000000000000000000000000000000000000000000000000000000000001
001000000001000000000000000000000001000100000000000000000000000000000000000000000000000000000010000000000000000000000010000000000000000000000000000000000000000000000000000000000000000000000001
001000000001000000000000000000000101000100000000000000000000000000000000000000000000000000000110000000000000000000000010000000000000000000000000000000000000000000000000000000000000000000000001
001000000001000000000000000000000000000100000000000000000000000000000000000000000000000000000000000000000000000000000010000000000000000000000000000000000000000000000000000000000000000000000001
001000000001000000000000000000000000000100000000000000000000000000000000000000000000000000000000000000000000000000000010000000000000000000000000000000000000000000000000000000000000000000000001
001001000101000000000000000000000000000100000000000000000000000000000000000000000000000000000000000000000000000000000010000000000000000000000000000000000000000000000000000000000000000000000001
001000000000000000000000000000000000000100000000000000000000000000000000000000000000000000000000000000000000000000000010000000000000000000000000000000000000000000000000000000000000000000000001
001010101000100010001000100010001000100010001000100010001000100010001000100010001000100010001000100010001000100010001000100010001000100010001000100100000000000000000000000000000000000000000001
001000000000000000000000000000000000010100000000000000000000000000000000000000000000000000000000000000000000000000000110000000000000000000000000000000000000000000000000000000000000000000000001
001000000000000000000000000000000000000000000000000000000000000000000000000000000000000000000000000000000000000000000000000000000000000000000000000000000000000000000000000000000000000000000001
001000000000000000000000000000000000000000000000000000000000000000000000000000000000000000000000000000000000000000000000000000000000000000000000000000000000000000000000000000000000000000000001
001000000000000000000000000000000000000000000000000000000000000000000000000000000000000000000000000000000000000000000000000000000000000000000000000000000000000000000000000000000000000000000001
001000000000000000000000000000000000000000000000000000000000000000000000000000000000000000000000000000000000000000000000000000000000000000000000000000000000000000000000000000000000000000000001
001000000000000000000000000000000000000000000000000000000000000000000000000000000000000000000000000000000000000000000000000000000000000000000000000000000000000000000000000000000000000000000001
001000000000000000000000000000000000000000000000000000000000000000000000000000000000000000000000000000000000000000000000000000000000000000000000000000000000000000000000000000000000000000000001
001000000000000010101000100010001000100010001000100010001000100010001000100010001000100010001000100010001000100010001000100010001000100010001000100010001000100010001000100010001001000000000001
001000000000000000000000000000000000000000000000000000000000000000000000000000000000000000000000000000000000000000000000000000000000000000000000000000000000000000000000000000000000000000000001
011001000100010001000100010001000100010001000100010001000100010001000100010001000100010001000100010001000100010001000100010001000100010001000100010001000100010001000100010001000100010001000101
