101010001000100010001000100010001000100010001000100010001000100010001000100010001000100010001000100010001000100010001000100010001000100010001000100010001000100010001000100010001001
001000000000000000000000000000000000000000000000000000000000000000000000000000000000000000000000000000000000000000000000000000000000000000000000000000000000001000000001000000000001
001000000000000000000000000000000000000000000000000000000000000000000000000000000000000000000000000000000000000000000000000000000000000000000000000000000000001000000001000000000001
001000000000000000000000000000000000000000000000000000000000000000000000000000000000000000000000000000000000000000000000000000000000000000000000000000000000001000000001000000000001
001000000000000000000000000000000000000000000000000000000000000000000000000000000000000000000000000000000000000000000000000000000000000000000000000000000000001000000001000000000001
001000000000000000000000000000000000000000000000000000000000000000000000000000000000000000000000000000000000000000000000000000000000000000000000000000000000001000000001000000000001
001000000000000000000000000000000000000000000000100100000000000000000000000000000000000000000000000000000000000000000000000000000000000000000000101000000000011001000101000000000001
001000000000000000000000000000000000000000000000000100000000000000000000000000000000000000000000000000000000000000000000000000000000000000000000001000000000000000000000000000000001
001000000000000000000000000000000000000000000000000100000000000000000000000000000000000000000000000000000000000000000000000000000000000000000000001000000000000000000000000000000001
001000000000000000000000000000000000000000000000000100000000000000000000000000000000000000000000000000000000000000000000000000000000000000000000001000000000000000000000000000000001
001000000000000000000000000000000000000000000000000100000000000000000000000000000000000000000000000000000000000000000000000000000000000000000000001000000000000000000000000000000001
001000000000000000000000000000000000000000000000000100000000000000000000000000000000000000000000000000000000000000000000000000000000000000000000001000000000000000000000000000000001
001000000000000000000000000000000000000000000000000100000000000000000000000000000000000000000000000000000000000000000000000000000000000000000000001000000000000000000000000000000001
001000000000000000000000000000000000000000000000000100000000000000000000000000000000000010101000100100000000000000000000000000000000000000000000001000000000000000000000000000000001
001000000000000000000000000000000000000000000000000100000000000000000000000000000000000000100000000100000000000000000000000000000000000000000000001000000000000000000000000000000001
001000000000000000000000000000000000000000000000000100000000000000000000000000000000000000100000000100000000000000000000000000000000000000000000001000000000000000000000000000000001
001000000000000000000000000000000000000000000000000100000000000000000000000000000000000000100000000100000000000000000000000000000000000000000000001000000000000000000000000000000001
001000000000000000000000000000000000000000000000000100000000000000000000000000000000000000100000000100000000000000000000000000000000000000000000001000000000000000000000000000000001
001000000000000000000000000000000000000000000000000100000000000000000000000000000000000000100000100100000000000000000000101000000000000000000000001000000000000000000000000000000001
001000000000000000000000000000000000000000000000000100000000000000000000000000000000000001100100000100000000000000000000001000000000000000000000001000000000000000000000000000000001
001000000000000000000000000000000000000000000000000100000000000000000000000000000000000000000000000100000000000000000000001000000000000000000000001000000000000000000000000000000001
001000000000000000000000000000000000000000000000000100000000000000000000000000000000000000000000000100000000100100000000001000000000000000001010001000000000000000000000000000000001
001000000000000000000000000000000000000000000000000100000000000000000000000000000000000000000000000100000000000100000000001000000000000000000010001000000000000000000000000000000001
001010001001000000000000000000000000000000000000000100000000000000000000000000000000000000000000000100000000000100000000001000000000000000000010001000000000000000000000000000000001
001000000001000000000000000000000000000000000000000100000000000000000000000000000000000000000000000100000000000100000000001000000000000000000010001000000000000000000000000000000001
001000000001000000000000000000000000000000000000000100000000000000000000000000000000000000000000000100000000000100000000001000001010100010010010001000000000000000000000000000000001
001000000001000000000000000000000000000000000000000100000000000000000000000000000000000000000000000100000000000100000000001000000010000000010010001000000000000000000000000000000001
001000000001000000000000000000000000000000000000000100000000000000000000000000000000000000000000000100000000000100000000001000000010000000010010001000000000000000000000000000000001
001000000001000000000000000000000000000000000000000100000000000000000000000000000000000000000000000100000000000100000000001000000010000000010010001000000000000000000000000000000001
001001000101000000000000000000000000000000000000000100000000000000000000000000000000000000000000000100000000000100000000001000000010000000010010001000000000000000000000000000000001
001000000000000000000000000000000000000000000000000100000000000000000000000000000000000000000000000100000000000100000000001000000010000000010010001000000000000000000000000000000001
001000000000000000000000000000000000000000000000000100000000000000000000000000000000000000000000000100000000000100000000001000000110010001010010001000000000000000000000000000000001
001000000000000000000000000000000000000000000000000100000000000000000000000000000000000000000000010100000000000100000000011000000000000000000010001000000000000000000000000000000001
001000000000000000000000000000000000000000000000000100000000000000000000000000000000000000000000000000000000000100000000000000000000000000000010001000000000000000000000000000000001
001000000000000000000000000000000000000000000000000100000000000000000000000000000000000000000000000000000000000100000000000000000000000000000010001000000000000000000000000000000001
001000000000000000000000000000000000000000000000000100000000000000000000000000000000000000000000000000000000000100000000000000000000000000000010001000000000000000000000000000000001
001000000000000000000000000000000000000000000000000100000000000000000000000000000000000000000000000000000000000100000000000000000000000000000010001000000000000000000000000000000001
001000000000000000000000000000000000000000000000000100000000000000000000000000000000000000000000000000000000010100000000000000000000000000000110001000000000000000000000000000000001
001000000000000000000000000000000000000000000000010100000000000000000000000000000000000000000000000000000000000000000000000000000000000000000000011000000000000000000000000000000001
001000000000000000000000000000000000000000000000000000000000000000000000000000000000000000000000000000000000000000000000000000000000000000000000000000000000000000000000000000000001
001000000000000000000000000000000000000000000000000000000000000000000000000000000000000000000000000000000000000000000000000000000000000000000000000000000000000000000000000000000001
001000000000000000000000000000000000000000000000000000000000000000000000000000000000000000000000000000000000000000000000000000000000000000000000000000000000000000000000000000000001
001000000000000000000000000000000000000000000000000000000000000000000000000000000000000000000000000000000000000000000000000000000000000000000000000000000000000000000000000000000001
011001000100010001000100010001000100010001000100010001000100010001000100010001000100010001000100010001000100010001000100010001000100010001000100010001000100010001000100010001000101
