1010100010001000100010001000100010001000100010001000100010001000100010001000100010001000100010001000100010001000100010001000100010001000100010001000100010001000100010001001
0010000000000000000000000000000000000000000000000000000000000000101010001001000000000000000000000000000000000000000000000000000000000000000000000000000000000000000000000001
0010000000000000000000000000000010010000000000000000000000000000101000000001000000000000000000000000000000000000000000000000000000000000000000000000000000000000000000000001
0010000000000000000000000000000000010000000000000000000000000000001000000001000000000000000000000000000000000000000000000000000000000000000000000000000000000000000000000001
0010000000000000000000000000000000010000000000000000000000000000001000000001000000000000000000000000000000000000000000000000000000000000000000000000000000000000000000000001
0010000000000000000000000000000000010000000000000000000000000000001000000001000000000000000000000000000000000000000000000000000000000000000000000000000000000000000000000001
0010000000000000011001000100010001000100010001000100010001000100010001000100010001000100010100000000000000000000000000000000000000000000000000000000000000000000000000000001
0010000000000000000000000000000000010000000000000000000000000000001001000101000000000000000000000000000000000000000000000000000000000000000000000000000000000000000000000001
0010000000000000000000000110010001000100010001000100010001000100010001000100010001000100010001000100010100000000000000000000000000000000000000000000000000000000000000000001
0010000000000000000000000000000000010000000000000000000000000000001000000000000000100000000100000000000000000000000000000000000000000000000000000000000000000000000000000001
0010000000000000000000000000000000010000000000000000000000000000001000000000000000100000000100000000000000000000000000000000101010001001000000000000000000000000000000000001
0010000000000000101010001001000000010000000000000000000000000000001010010000000000100000000100000000000000000000000000001010001000000001000000000000000000000000000000000001
0010000000000000001000000001000000010000000000000000000000000000001000010000000000100000000100000000000000000000000000000010001000000001000000000000000000000000000000000001
0010000000000000001000000001000000010000000000000000000000000000001000010000000000100000000100000000000000000000000000000010001000000001000000000000000000000000000000000001
0010000000000000001000000001000000010000000000000000000000000000001000010000000001100100010100000000000000000000000000000010001000000001000000000000000000000000000000000001
0010000000000000001000000001000000010000000000000000000000000000001000010000000000000000000000000000000000000000000000000010001000000001000000000000000000000000000000000001
0010000000000000101010001000100010001000100010001000100010001000100010001000100010001000100100000000000000000000000000000010011001000101000000000000000000000000000000000001
0010000000000000011001000101000000010000000000000000000000000000001000010000000000000000000000000000000000000000000000000010000000000000000000000000000000000000000000000001
0010000000000000000000000000000001010000000000000000000000000000011000010000000000000000000000000000000000000000000000000010000000000000000000000000000000000000000000000001
0010000000000000000000001010100010001000100010001000100010001000100010001000100010001000100010001000100100000000000000000010000000000000000000000000000000000000000000000001
0010000000000000000000000000000000000000000000000000000000000000000000010000000000000000000000000000000000000000000000000010000000000000000000000000000000000000000000000001
0010000000000000000000000000000000000000000000000000000000000000000000010000000000000000000000000000000000000000000000000010000000000000000000000000000000000000000000000001
0010000000000000000000000000000000000000000000000000000000000000000000010000000000000000000000000000000000000000000000000010000000000000000000000000000000000000000000000001
0010000000000000000000000000000000000000000000000000000000000000000000010000000000000000000000000000000000000000000000000010000000000000000000000000000000000000000000000001
0010000000000000000000000000000000000000000000000000000000000000000000010000000000000000000000000000000000000000000000000010000000000000000000000000000000000000000000000001
0010000000000000000000000000000000000000000000000000000000000000000000010000000000000000000000000000000000000000000000000010000000000000000000000000000000000000000000000001
0010000000000000000000000000000000000000000000000000000000000000000000010000000000000000000000000000000000000000000000000010000000000000000000000000000000000000000000000001
0010000000000000000000000000000000000000000000000000000000000000000000010000000000000000000000000000000000000000000000000010000000000000000000000000000000000000000000000001
0010000000000000000000000000000000000000000000000000000000000000000000010000000000000000000000000000000000000000000000000010000000000000000000000000000000000000000000000001
0010000000000000000000000000000000000000000000000000000000000000000000010000000000000000000000000000000000000000000000000010000000000000000000000000000000000000000000000001
0010000000000000000000000000000000000000000000000000000000000000000000010000000000000000000000000000000000000000000000000010000000000000000000000000000000000000000000000001
0010000000000000000000000000000000000000000000000000000000000000000000010000000000000000000000000000000000000000000000000010000000000000000000000000000000000000000000000001
0010000000000000000000000000000000000000000000000000000000000000000001010000000000000000000000000000000000000000000000000110000000000000000000000000000000000000000000000001
0010000000000000000000000000000000000000000000000000000000000000000000000000000000000000000000000000000000000000000000000000000000000000000000000000000000000000000000000001
0010000000000000000000000000000000000000000000000000000000000000000000000000000000000000000000000000000000000000000000000000000000000000000000000000000000000000000000000001
0010000000000000000000000000000000000000000000000000000000000000000000000000000000000000000000000000000000000000000000000000000000000000000000000000000000000000000000000001
0010000000000000000000000000000000000000000000000000000000000000000000000000000000000000000000000000000000000000000000000000000000000000000000000000000000000000000000000001
0010000000000000000000000000000000000000000000000000000000000000000000000000000000000000000000000000000000000000000000000000000000000000000000000000000000000000000000000001
0010000000000000000000000000000000000000000000000000000000000000000000000000000000000000000000000000000000000000000000000000000000000000000000000000000000000000000000000001
0010000000000000000000000000000000000000000000000000000000000000000000000000000000000000000000000000000000000000000000000000000000000000000000000000000000000000000000000001
0010000000000000000000000000000000000000000000000000000000000000000000000000000000000000000000000000000000000000000000000000000000000000000000000000000000000000000000000001
0010000000000000000000000000000000000000000000000000000000000000000000000000000000000000000000000000000000000000000000000000000000000000000000000000000000000000000000000001
0010000000000000000000000000000000000000000000000000000000000000000000000000000000000000000000000000000000000000000000000000000000000000000000000000000000000000000000000001
0010000000000000000000000000000000000000000000000000000000000000000000000000000000000000000000000000000000000000000000000000000000000000000000000000000000000000000000000001
0010000000000000000000000000000000000000000000000000000000000000000000000000000000000000000000000000000000000000000000000000000000000000000000000000000000000000000000000001
0110010001000100010001000100010001000100010001000100010001000100010001000100010001000100010001000100010001000100010001000100010001000100010001000100010001000100010001000101
