101010001000100010001000100010001000100010001000100010001000100010001000100010001000100010001000100010001000100010001000100010001000100010001000100010001001
001000000000000000000000000000000000000000000000000000000000000000000000000000000000000000000000000000000000000000000000000000000000000000000000000000000001
001000000000000000000000000000000000000000000000000000000000000000000000000000000000000000000000000000000000000000000000000000000000000000000000000000000001
001000000000000000000000000000000000000000000000000000000000000000000000000000000000000000000000000000000000000000000000000000000000000000000000000000000001
001000000110010001000100010001000100010001000100010001000100010001000100010001000100010001000100010001000100010100000000000000000000000000000000000000000001
001000000000011001000100010001000100010001010000000000000000000000000000000000000000000000000000000000000000000000000000000000000000000000000000000000000001
001000000000000000000000000000000000000000000000000000000000000000000000000000000000000000000000000000000000000000000000000000000000000000000000000000000001
001000000000000000000110010001000100010001000100010001000100010001000100010001000100010001000100010001000100010100000000000000000000000000000000000000000001
001000000000000000000000000000000000000000000000000000000000000000000000000000000000000000000000000000000000000000000000000000000000000000000000000000000001
001000000000000000000000000000000000000000000000000000000000100100000000000000000000000000000000000000000000000000000000000000000000000000000000000010100001
001000000000000000000000000000000000000000000000000000000000000100000000000000000000000000000000000000000000000000000000000000000000000000000000000000100001
001000000000000000000000000000000000000000000000000000000000000100000000000000000000000000000000000000000000000000000000000000000000000000000000000000100001
001000000000000000000000000000000000000000000000000000000000000100000000000000000000000000000000000000000000000000000000000000000000000000000000000000100001
001000000000000000000000000000000000000000000000000000000000000100000000000000000000000000000000000000000000000000000000000000000000000000000000000000100001
001000000000000000000000000000000000000000000000000000000000000100000000000000000000000000000000000000000000000000000000000000000000000000000000000000100001
001000000000000000000000000000000000000000000000000000000000000100000000000000000000000000000000000000000000000000000000000000000000000000000000000000100001
001000000000000000000000000000000000000000000000000000000000000100000000000000000000000000000000000000000000000000000000000000000000000000000000000000100001
001000000000000000000000000000000000000000000000000000000000011001000100010001000100010001000100010001000100010001000100010001000100010001000101000000100001
001000000000000000000000000000000000000000001010100010010000000100000000000000000000000000000000000000000000000000000000000000000000000000000000000000100001
001000000000000000000000000000000000000000000010000000010000000100000110010001000100010001000100010001000100010001000100010001000100010001000100010100100001
001000000000000000000000000000000000000000000010000000010000000100000000000000000000000000000000000000000000000000000000000000000000000000000000000000100001
001000001010100010001010100010001000100010001000100010001000100010001000100010001000100010001000100010001000100100000000000000000000000000000000000000100001
001000000000000000000000000000000000000000000010000000010000000100001010100010001000100010001000100010001000100010010000000000000000000000000000000000100001
001000000000000000000000000000000000000000000010000000010000000100000000000000000000000000000000000000000000000000000000000000000000000000000000000000100001
001000000000000000000000000000000000000000000110010001010000000100000000000000000000000000000000000000000000000000000000000000000000000000000000000000100001
001000000000000000000000000000000000000000000000000000000000000100000000000000000000000000000000000000000000000000000000000000000000000000000000000000100001
001000000000000000000000000000000000000000000000000000000000000100000000000000000000000000000000000000000000000000000000000000000000000000000000000000100001
001000000000000000000000000000000000000000000000000000000000000100000000000000000000000000000000000000000000000000000000000000000000000000000000000000100001
001000000000000000000000000000000000000000000000000000000000000100000000000000000000000000000000000000000000000000000000000000000000000000000000000000100001
001000000000000000000000000000000000000000000000000000000000101010001000100010001000100010001000100010001000100010001000100010001000100010001001000000100001
001000000000000000000000000000000000000000000000000000000000000100001010100010001000100010001000100010001000100010001000100010001000100010001000100100100001
001000000000000000000000000000000000000000000000000000000000000100000000000000000000000000000000000000000000000000000000000000000000000000000000000000100001
001000000000000000000000000000000000000010101000100100000000000100000000000000000000000000000000000000000000000000000000000000000000000000000000000000100001
001000000000000000000000000000000000000000100000000100000000000100000000000000000000000000000000000000000000000000000000000000000000000000000000000000100001
001000000000000000000000000000000000000000100000000100000000000100000000000000000000000000000000000000000000000000000000000000000000000000000000000000100001
001000000000000000000000000000000000000000100000000100000000000100000000000000000000000000000000000000000000000000000000000000000000000000000000000000100001
001000000000000000000000000000000000000000100000000100000000000100000000000000000000000000000000000000000000000000000000000000000000000000000000000000100001
001000000000000000000000000000000000000000100000000100000000000100000000000000000000000000000000000000000000000000000000000000000000000000000000000000100001
001000000000000000000000000000000000000001100100010100000000000100000000000000000000000000000000000000000000000000000000000000000000000000000000000000100001
001000000000000000000000000000000000000000000000000000000000010100000000000000000000000000000000000000000000000000000000000000000000000000000000000001100001
001000000000000000000000000000000000000000000000000000000000000000000000000000000000000000000000000000000000000000000000000000000000000000000000000000000001
001000000000000000000000000000000000000000000000000000000000000000000000000000000000000000000000000000000000000000000000000000000000000000000000000000000001
001000000000000000000000000000000000000000000000000000000000000000000000000000000000000000000000000000000000000000000000000000000000000000000000000000000001
001000000000000000000000000000000000000000000000000000000000000000000000000000000000000000000000000000000000000000000000000000000000000000000000000000000001
001000000000000000000000000000000000000000000000000000000000000000000000000000000000000000000000000000000000000000000000000000000000000000000000000000000001
001000000000000000000000000000000000000000000000000000000000000000000000000000000000000000000000000000000000000000000000000000000000000000000000000000000001
001000000000000000000000000000000000000000000000000000000000000000000000000000000000000000000000000000000000000000000000000000000000000000000000000000000001
001000000000000000000000000000000000000000000000000000000000000000000000000000000000000000000000000000000000000000000000000000000000000000000000000000000001
001000000000000000000000000000000000000000000000000000000000000000000000000000000000000000000000000000000000000000000000000000000000000000000000000000000001
001000000000000000000000000000000000000000000000000000000000000000000000000000000000000000000000000000000000000000000000000000000000000000000000000000000001
011001000100010001000100010001000100010001000100010001000100010001000100010001000100010001000100010001000100010001000100010001000100010001000100010001000101
