10101000100010001000100010001000100010001000100010001000100010001000100010001000100010001000100010001000100010001000100010001000100010001000100010001000100010001000100010001000100010001000100010001001
00100000000000000000000000001001000000000000000000000000000000000000000000000000000000001010000000000000000000000000000000000000000000000000000000000000000000000000000000000000000000000000000000000001
00100000000000000000000000000001000000000000000000000000000000000000000000000000000000000010000000000000000000000000000000000000000000000000000000000000000000000000000000000000000000000000000000000001
00100000000000000000000000000001000010010000000000000000000000000000000010100000000000000010000000000000000000000000000000000000000000000000000000000000000000000000000000000000000000000000000000000001
00100000011001000100010001000100010001000100010001000100010001000100010001000100010001000100010001000100010001000100010001000100010001000100010001000101000000000000000000000000000000000000000000000001
00100000000000000000000000000001000000010000000000000000000000000000000000100000000000000010000000000000000000000000000000000000000000000000000000000000000000000000000000000000000000000000000000000001
00100000000000001010100010010001000000010000000000000000000000000000000000100000000000000010000000000000000000000000000000000000000000000000000000000000000000000000000000000000000000000000000000000001
00100000000000000010011001000100010001000100010001000100010001000100010001000100010001000100010001000100010001000100010001000100010001000100010001000100010001000100010001010000000000000000000000000001
00100000000000000010000000010001001000010000000000000001000000000000000000100000000000000010000000000000000000000000000000000000000000000000000000000000000000000000000000000000000000000000000000000001
00100000000000000010101010001000100010001000100010001000100010010000000000100000000000000010000000000000000000000000000000000000000000000000000000000000000000000000000000000000000000000000000000000001
00100000000000000010000000010001011001000100010001000101000000000000000000100000000000000010000000000000000000000000000000000000000000000000000000000000000000000000000000000000000000000000000000000001
00100000000000000010000000010001000000010000000000000000000000000000000000100000000000000010000000000000000000000000000000000000000010101000100100000000000000000000000000000000000000000000000000000001
00100000000000000110010001010001000000010000000000000000000000000000000000100000000000000010000000000000000000000000000000000000000000100000000100000000000000000000000000000000000000000000000000000001
00100000000000000000000000000001000000010000011001000100010001000100010001000100010001000100010001000100010001000101000000000000000000100000000100000000000000000000000000000000000000000000000000000001
00100000000000000000000000000001000000010000000000000000000000000000000000100000000000000010000000000000000000000000000000000000000000100000000100000000000000000000000000000000000000000000000000000001
00100000000000000000000000000001000000010000000000000000000000000000000000100000000000000010000000000000000000000000000000000000000000100000000100000000000000000000000000000000000000000000000000000001
00100000000000000000000000000001000000010000000000000000000000000000000000100000000000000010000000000000000000000000000000000000000000100000000100000000000000000000000000000000000000000000000000000001
00100000000000000000000010101000100100010000000000000000000000000000000000100000000000000010000000000000000000000000000000000000000001100100010100000000000000000000000000000000000000000000000000000001
00100000000000000000000000100001101010001001000000000000000000000000000000100000000000000010000000000000000000000000000000000000000000000000000000000000000000000000000000000000000000000000000000000001
00100000000000000000000000100001001000010001000000000000000000000000000000100000000000000010000000000000000000000000000000000000000000000000000000000000000000000000000000000000000000000000000000000001
00100000000000000000000000100001001001010001000000000000000000000000000001100000000000000010000000000000000000000000000000000000000000000000000000000000000000000000000000000000000000000000000000000001
00100000000000000000000000100001001000000001000000000000000000000000000000000000000000000010000000000000000000000000000000000000000000000000000000000000000000000000000000000000000000000000000000000001
00100000000000000000000000100001001000000001101010001000100010001000100010001000100010001000100010001000100010001001000000000000000000000000000000000000000000000000000000000000000000000000000000000001
00100000000000000000000001100100001000000001000000000000000000000000000000000000000000000010000000000000000000000000000000000000000000000000000000000000000000000000000000000000000000000000000000000001
00100000000000000000000000000101011001000101000000000000000000000000000000000000000000000110000000000000000000000000000000000000000000000000000000000000000000000000000000000000000000000000000000000001
00100000000000000000000000000000000000000000000000000000000000000000000000000000000000000000000000000000000000000000000000000000000000000000000000000000000000000000000000000000000000000000000000000001
00100000000000000000000000000000000000000000000000000000000000000000000000000000000000000000000000000000000000000000000000000000000000000000000000000000000000000000000000000000000000000000000000000001
00100000000000000000000000000000000000000000000000000000000000000000000000000000000000000000000000000000000000000000000000000000000000000000000000000000000000000000000000000000000000000000000000000001
00100000000000000000000000000000000000000000000000000000000000000000000000000000000000000000000000000000000000000000000000000000000000000000000000000000000010101000100100000000000000000000000000000001
00100000000000000000000000000000000000000000000000000000000000000000000000000000000000000000000000000000000000000000000000000000000000000000000000000000000000100000000100000000000000000000000000000001
00100000000000000000000000000000000000000000000000000000000000000000000000000000000000000000000000000000000000000000000000000000000010101000100010010000000000100000000100000000000000000000000000000001
00100000101010001000100010001000100010001000100010001000100010001000100010001000100010001000100010001000100010001000100010001000100010001000100010001001000000100000000100000000000000000000000000000001
00100000000000000000000000000000000000000000000000000000000000000000000000000000000000000000000000000000000000000000000000000000000000100000000000010000000000100000000100000000000000000000000000000001
00100000000000000000000000000000000000000000000000000000000000000000000000000000000000000000000000000000000000000000000000000000000000100000000000010000000000100000000100000000000000000000000000000001
00100000000000000000000000000000000000000000000000000000000000000000000000000000000000000000000000000000000000000000000000000000000000100000000000010000000001100100010100000000000000000000000000000001
00100000000000000000000000000000000000000000000000000000000000000000000000000000000000000000000000000000000000000000000000000000000001100100010001010000000000000000000000000000000000000000000000000001
00100000000000000000101010001000100010001000100010001000100010001000100010001000100010001000100010001000100010001000100010001000100010001000100010001000100010001000100010010000000000000000000000000001
00100000000000000000000000000000000000000000000000000000000000000000000000000000000000000000000000000000000000000000000000000000000000000000000000000000000000000000000000000000000000000000000000000001
00100000000000000000000000000000000000000000000000000000000000000000000000000000000000000000000000000000000000000000000000000000000000000000000000000000000000000000000000000000000000000000000000000001
01100100010001000100010001000100010001000100010001000100010001000100010001000100010001000100010001000100010001000100010001000100010001000100010001000100010001000100010001000100010001000100010001000101
