1010100010001000100010001000100010001000100010001000100010001000100010001000100010001000100010001000100010001000100010001000100010001000100010001001
0010000000000000000000000000000000000000000000000000000000000000000000000000000000000000000000000000000000000000000000000000000000000000000000000001
0010000000000000000000000000000010010000000000000000000000000000000000000000000000000000000000000000000000000000000000000000000000000000000000000001
0010000000000000000000000000000000010000000000000000000000000000000000000000000000000000000000000000000000000000000000000000000000000000000000000001
0010100010010000000000000000000000010000000000000000000000000000000000000000000000000000000000000000000000000000000000000000000000000000000000000001
0010000000010000000000000000000000010000000000000000000000000000000000000000000000000000000000000000000000000000000000000000000000000000000000000001
0010000000010000000000000000000000010000000000000000000000000000000000000000000000000000000000000000000000000000000000000000000000000000000000000001
0010000000010000000000000000000000010000000000000000000000000000000000000000000000000000000000000000000000000000000000000000000000000000000000000001
0010000000010000000000000000000000010000000000000000000000000000000000000000000000000000000000000000000000000000000000000000000000000000000000000001
0010000000010000000000000000000000010000000000000000000000000000000000000000000000000000000000000000000000000000000000000000000000000000000000000001
0010010001010000000000000000000001010000000000000000000000000000000000000000000000000000000000000000000000000000000000000000000000000000000000000001
0010000000000000000000000000000000000000000000000000000000000000101010011001000010100000000000000000000000000000000000000000000000000000000000000001
0010000000000000000000000000000000000000000000000000000000000000001000011001000000100000000000000000000000000000101000000000000000000000000000000001
0010000000000000000000000000000000000000000000000000000000000000001000010001000000100000000000000000000000000000001000000000000000000000000000000001
0010000000000000000000000000000000000000000000000000000000000000001000010001000000100000000000000000000000000000001000000000000000000000000000000001
0010000000000000000000000000000000000000000000000000000000000000001000010001000000100000000000000000000000000000001000000000000000000000000000000001
0010000000000000000000000000000000000000000000000000000000000000001000010001000000100000000000000000000000000000001000000000000000000000000000000001
0010000000000000000000000000000000000000000000000000000000000000011000010001000000100000000000000000000000000000001000000000000000000000000000000001
0010000000000000000000000000000000000000000000000000000000000000000000010001000000100000000000000000000000000000001000000000000000000000000000000001
0010000000000000000000000000000000000000000000000000000000000000000000010001000000100000000000000000000000000000001000000000000000000000000000000001
0010000000000000000000000000000000000000000000000000000000000000000000010001000000100000000000000000000000000000001000000000000000000000000000000001
0010000000000000000000000000000000000000000000000000000000000000000000010001000000100000000000000000000000000000001000000000000000000000000000000001
0010000000000000000000000000000000000000000000000000000000000000000001010001000001100000000000000000000000000000001000000000000000000000000000000001
0010000000000000000000000000000000000000000000000000000000000000000000000001000000001010100010010000000000000000001000000000000000000000000000000001
0010000000000000000000000000000000000000000000000000000000000000000000000001000010101000100100010000000000000000001000000000000000000000000000000001
0010000000000000000000000000000000000000000000000000000000000000000000000001000000100010000100010000000000000000001000000000000000000000000000000001
0010000000000000000000000000000000000000000000000000000000000000000000000001000000100010000100010000000000000000001000000000000000000000000000000001
0010000000000000000000000000000000000000000000000000000000000000000000000001000000100010000100010000000000000000001000000000000000000000000000000001
0010000000000000000000000000000000000000000000000000000000000000000000000001000000100010000100010000000000000000001000000000000000000000000000000001
0010000000000000000000000000000000000000000000000000000000000000000000000001000000100110000101010000000000000000001000000000000000000000000000000001
0010000000000000000000000000000000000000000000000000000000000000000000000101000001100100010100000000000000000000011000000000000000000000000000000001
0010000000000000000000000000000000000000000000000000000000000000000000000000000000000000000000000000000000000000000000000000000000000000000000000001
0010000000000000000000000000000000000000000000000000000000000000000000000000000000000000000000000000000000000000000000000000000000000000000000000001
0010000000000000000000000000000000000000000000000000000000000000000000000000000000000000000000000000000000000000000000000000000000000000000000000001
0010000000000000000000000000000000000000000000000000000000000000000000000000000000000000000000000000000000000000000000000000000000000000000000000001
0010000000000000000000000000000000000000000000000000000000000000000000000000000000000000000000000000000000000000000000000000000000000000000000000001
0010000000000000000000000000000000000000000000000000000000000000000000000000101010001001000000000000000000000000000000000000000000000000000000000001
0010000000000000000000000000000000000000000000000000000000000000000000000000001000000001000000000000000000000000000000000000000000000000000000000001
0010000000000000000000000000000000000000000000000000000000000000000000000000001000000001000000000000000000000000000000000000000000000000000000000001
0010000000000000000000000000000000000000000000000000000000000000000000000000001000000001000000000000000000000000000000000000000000000000000000000001
0010000000000000000000000000000000000000000000000000000000000000000000000000001000000001000000000000000000000000000000000000000000000000000000000001
0010000000000000000000000000000000000000000000000000000000000000000000000000001000000001000000000000000000000000000000000000000000000000000000000001
0010000000000000000000000000000000000000000000000000000000000000000000000000011001000101000000000000000000000000000000000000000000000000000000000001
0010000000000000000000000000000000000000000000000000000000000000000000000000000000000000000000000000000000000000000000000000000000000000000000000001
0010000000000000000000000000000000000000000000000000000000000000000000000000000000000000000000000000000000000000000000000000000000000000000000000001
0010000000000000000000000000000000000000000000000000000000000000000000000000000000000000000000000000000000000000000000000000000000000000000000000001
0010000000000000000000000000000000000000000000000000000000000000000000000000000000000000000000000000000000000000000000000000000000000000000000000001
0010000000000000000000000000000000000000000000000000000000000000000000000000000000000000000000000000000000000000000000000000000000000000000000000001
0010000000000000000000000000000000000000000000000000000000000000000000000000000000000000000000000000000000000000000000000000000000000000000000000001
0010000000000000000000000000000000000000000000000000000000000000000000000000000000000000000000000000000000000000000000000000000000000000000000000001
0010000000000000000000000000000000000000000000000000000000000000000000000000000000000000000000000000000000000000000000000000000000000000000000000001
0010000000000000000000000000000000000000000000000000000000000000000000000000000000000000000000000000000000000000000000000000000000000000000000000001
0110010001000100010001000100010001000100010001000100010001000100010001000100010001000100010001000100010001000100010001000100010001000100010001000101
