1010100010001000100010001000100010001000100010001000100010001000100010001000100010001000100010001000100010001000100010001000100010001000100010001000100010001000100010001001
0010000000000000000000000000000000000000000000000000000000000000000000000000000000000000000000000000000000000000000000000000000000000000000000000000000000000000000000000001
0010010001000100010001000100010001000100010001000100010001000100010001000100010001000100010001000100010001000100010001000100010001000100010100000000000000000000000000000001
0010000000000000000000000000000000000000000000000000000010101000100100000000000000000000000000000000000000000000000000000000000000000000000000000000000000000000000000000001
0010000000000000000000000000000000001010100010010000000000100000000100000000000000000000000000000000000000000000000000000000000000000000000000000000000000000000000000000001
0010000000000000000000000000000000000010000000010000000000100000000100000000000000000000000000000000000000000000000000000000000000000000000000000000000000000000000000000001
0010000000000000000000000000000000000010000000010000000000100000000100000000000000000000000000000000000000000000000000000000000000000000000000000000000000000000000000000001
0010000000000000000000000000000000000010000000011010100100100000000100000000000000000000000000000000000000000000000000000000000000000000000000000000000000000000000000000001
0010000000000000000000000000000000000010000000010010000100100000000100000000000000000000000000000000000000000000000000000000000000000000000000000000000000000000000000000001
0010000000000000000000000000000000000010000000010010000101100100010100000000000000000000000000000000000000000000000000000000000000000000000000000000000000000000000000000001
0010000000000000000000000000000000000110010001010010000100000000000000000000000000000000000000000000000000000000000000000000000000000000000000000000000000000000000000000001
0010000000000000000000000000000000000000101010001000100010001000100010010000000010100000000000000000000000000000000000000000000000000000000000000000000000000000000000000001
0010000010101000100100000000000000000000011001000100010001000100010000011001000000100000000000000000000000000000000000000000000000000000101000000000000000000000000000000001
0010000000100000000100000000000000000000000000000010000100000000000000010001000000100000000000000000000000000000000000000000000000000000001000000000000000000000000000000001
0010000000100000000100000000000000000000000000000110010100000000000000010001000000100000000000000000000000000000000000000000000000000000001000000000000000000000000000000001
0010000000100000000100000000000000000000000000000000000000000000000000010001000000100000000000000000000000000000000000000000000000000000001000000000000000000000000000000001
0010000000100000000100000000000000000000000000000000000000000000000000010001000000100000000000000000000000000000000000000000000000000000001000000000000000000000000000000001
0010000000100000000100000000000000000000000000000000000000000000000000010001000000100000000000000000000000000000000000000000000000000000001000000000000000000000000000000001
0010000001100100010100000000000000000000000000000000000000000000000000010001000000100000000000000000000000000000000000000000000000000000001000000000000000000000000000000001
0010000000000000000000000000000000000000000000000000000000000000000000010001000000100000000000000000000000000000000000000000000000000000001000000000000000000000000000000001
0010000000000000000000000000000000000000000000000000000000000000000000010001000000100000000000000000000010010000000010100000000000000000001000000000000000000000000000000001
0010000000000000000000000000000000000000000000000000000000000000000000010001000000101010100010010000000000011001101000100000000000000000001000000000000000000000000000000001
0010000000000000000000000000000000000000000000000000000000000000000001010001000001100010000000010000000000010001001000100000000000000000001000000000000000000000000000000001
0010000000000000000000000000000000000000000000000000000000000000000000000001000000000010000000010000000000010001001000100000000000000000001000000000000000000000000000000001
0010000000000000000000000000000000000000000000000000000000000000000000000001000000000010000000010000000000010001001000100000000000000000001000000000000000000000000000000001
0010000000000000000000000000000000000000000000000000000000000000000000000001000000000010000000010000000000010001001000100000000000000000001000000000000000000000000000000001
0010000000000000000000000000000000000000000000000000000000000000000000000001000000000010000000010000000000010001001000100000000000000000001000000000000000000000000000000001
0010000000001010100010010000000000000000000000000000000000000000000000000001000000000110010001010000000000010001001000100000000000000000001000000000000000000000000000000001
0010100010001000100010001000100010001000100010001000100010001000100010001000100010001000100010001000100010001000100010001000100010001000100100000000000000000000000000000001
0010000000000010000000010000000000000000000000000000000000000000000000000001000000000000000000000000000000010001001000100000000000000000001000000000000000000000000000000001
0010000000000010000000010000000000000000000000000000000000000000000000000001000000000000000000000000000000010101011000100000000000000000001000000000000000000000000000000001
0010000000000010000000010000000000000000000000000000000000000000000000000001000000000000000000000000000001010000000001100000000000000000001000000000000000000000000000000001
0010000000000010000000010000000000000000000000000000000000000000000000000001000000000000000000000000000000000000000000000000000000000000001000001010100010010000000000000001
0010000000000110010001010000000000000000000000000000000000000000000000000001000000000000000000000000000000000000000000001010100010010000001000000010000000010000000000000001
0010000000000000000000000000000000000000000000000000000000000000000000000001000000000000000000000000000000000000000000000010000000010000001000000010000000010000000000000001
0010000000000000000000000000000000000000000000000000000000000000000000000001000000000000000000000000000000000000000000000010000000010000001000000010000000010000000000000001
0010000000000000000000000000000000000000000000000000000000000000000000000101000000000000000000000000000000000000000000000010000000010000011000000010000000010000000000000001
0010000000000000000000000000000000000000000000000000000000000000000000000000000000000000000000000000000000000000000000000010000000010000000000000010000000010000000000000001
0010000000000000000000000000000000000000000000000000000000000000000000000000000000000000000000000000000000000000000000000010000000010000000000000110010001010000000000000001
0010000000000000000000000000000000000000000000000000000000000000000000000000000000000000000000000000000000000000000000000110010001010000000000000000000000000000000000000001
0010000000000000000000000000000000000000000000000000000000000000000000000000000000000000000000000000000000000000000000000000000000000000000000000000000000000000000000000001
0010000000000000000000000000000000000000000000000000000000000000000000000000000000000000000000000000000000000000000000000000000000000000000000000000000000000000000000000001
0010000000000000000000000000000000000000000000000000000000000000000000000000000000000000000000000000000000000000000000000000000000000000000000000000000000000000000000000001
0010000000000000000000000000000000000000000000000000000000000000000000000000000000000000000000000000000000000000000000000000000000000000000000000000000000000000000000000001
0010000000000000000000000000000000000000000000000000000000000000000000000000000000000000000000000000000000000000000000000000000000000000000000000000000000000000000000000001
0110010001000100010001000100010001000100010001000100010001000100010001000100010001000100010001000100010001000100010001000100010001000100010001000100010001000100010001000101
