1010100010001000100010001000100010001000100010001000100010001000100010001000100010001000100010001000100010001000100010001000100010001000100010001000100010001000100010001000100010001001
0010000000000000000000000000000000000000000000000000000000000000000000000000000000000000000000000000000000000000000000000000000000000000000000000000000000000000000000000000000000000001
0010000000000000000000000000000000000000000000000000000000000000000000000000000000000000000000000000000000000000000000000000000000000000000000000000000000000000000000000000000000000001
0010000000000000000000000000000000000000000000000000000000000000000000000000000000000000000000000000000000000000000000000000000000000000000000000000000000000000000000000000000000000001
0010000000000000000000000000000000001010100010010000000000000000000000000000000000000000000000000000000000000000000000000000000000000000000000000000000000000000000000000000000000000001
0010000000000000000000000000000000000010000000010000000000000000000000000000000000000000000000000000000000000000000000000000000000000000000000000000000000000000000000000000000000000001
0010000000000000000000000000000000000010000000010000000000000000000000000000000000000000000000000000000000000000000000000000000000000000000000000000000000000000000000000000000000000001
0010000000000000000000000000000000000010000000010000000000000000000000000000000000000000000000001010100010010000000000000000000000000000000000000000000000000000000000000000000000000001
0010000000000000000000001010100010010010000000010000000000000000000000000000000000000000000000000010000000010000000000000000000000000000000000000000000000000000000000000000000000000001
0010000000000000000000000010000000010010000000010000000000000000000000000000000000000000000000000010000000010000000000000000000000000000000000000000000000000000000000000000000000000001
0010000000000000000000000010000000010110010001010000000000000000000000000000000000000000000000000010000000010000000000000000000000000000000000000000000000000000000000000000000000000001
0010000000000000000000000010000000010000000000000000000000000000000010010000000000000000000000000010000000010000000000000000000000000000000000000000000000001010000000000000000000000001
0010000000000000000000000010000000010000000000000000000000000000000000010000000000000000000000000010000000010000000000000000000000000000000000000000000000000010000000000000000000000001
0010000000000000000000000010000000010000000000000000000000000000000000010000000010101000100100000110010001010000000000000000000000000000000000000000000000000010000000000000000000000001
0010000000000000000000000110010001010000000000000000000000000000000000010000000000100000000100000000000000000000000000000000000000000000000000000000000000000010000000000000000000000001
0010000000000000000000000000000000000000000000000000000000000000000000010000000000100000000100000000000000000000000000000000000000000000000000000000000000000010000000000000000000000001
0010000000000000000000000000000000000000000000000000000000000000000000010000000000100000000100000000000000000000000000000000000000000000000000000000000000000010000000000000000000000001
0010000000000000000000000000000000000000000000000000000000000000000000010000000000100000000100000000000000000000000000000000000000000000000000000000000000000010000000000000000000000001
0010000000000000000000000000000000000000000000000000000000000000000000010000000010101000100100000000000000000000000000000000000000000000000000000000000000000010000000000000000000000001
0010000000000000000000000000000000000000000000000000000000000000000000010000000000100100000100000000000000000000000000000000000000000000000000000000000000000010000000000000000000000001
0010000000000000000000000000000000000000000000000000000000000000000000010000000000100000000100000000000000000000000000000000000000000000000000000000000000000010000000000000000000000001
0010000000000000000000000000000000000000000000000000000000000000000000010000000000100000000100000000000000000000000000000000000000000000000010101000100100000010000000000000000000000001
0010000000000000000000000000000000000000000000000000000000000000000010101000100100100000000100000000000000000000000000000000000000000000000000100000000100000010000000000000000000000001
0010000000000000000000000000000000000000000000000000000000000000000000100000000100100000000100000000000000000000000000000000000000000000000000100000000100000010000000000000000000000001
0010000000000000000000000000000000000000000000000000000000000000000000100000000101100100010100000000000000000000000000000000000000000000000000100000000100000010000000000000000000000001
0010000000000000000000000000000000000000000000000000000000000000000000100000000100000000000000000000000000000000000000000000000000000000000000100000000100000010000000000000000000000001
0010000000000000000000000000000000000000000000000000000000000000000000100000000100000000000000000000000000000000000000000000000010010000101000100000000100001010000000000000000000000001
0010000000000000000000000000000000000000000000000000000000000000000000100000000100000000000000000000000000000000000000000000000000010000001001100100010100000010000000000000000000000001
0010000000000000000000000000000000000000000000000000000000000000000001100100010100000000000000000000000000000000000000000000000000010000001000000000000000000010000000000000000000000001
0010000000000000000000000000000000000000000000000000000000000000000000010000000000000000000000000000000000000000000000000000000000010000001000000000000000000010000000000000000000000001
0010000000000000000000000000000000000000000000000000000000000000000000010000000000000000000000000000000000000000000000000000000000010000001000000000000000000010000000000000000000000001
0010000000000000000000000000000000000000000000000000000000000000000000010000000000000000000000000000000000000000000000000000000000010000001000000000000000000010000000000000000000000001
0010000000000000000000000000000000000000000000000000000000000000000000010000000000000000000000000000000000000000000000000000000000010000001000000000000000000010000000000000000000000001
0010000000000000000000000000000000000000000000000000000000000000000000010000000000000000000000000000000000000000000000000000000000010000001000000000000000000010000000000000000000000001
0010000000000000000000000000000000000000000000000000000000000000000000010000000000000000000000000000000000000000000000000000000000010000001000000000000000000010000000000000000000000001
0010000000000000000000000000000000000000000000000000000000000000000000010000000000000000000000000000000000000000000000000000000000010000001000000000000000000010000000000000000000000001
0010000000000000000000000000000000000000000000000000000000000000000000010000000000000000000000000000000000000000000000000000000000010000011000000000000000000010000000000000000000000001
0010000000000000000000000000000000000000000000000000000000000000000000010000000000000000000000000000000000000000000000000000000000010000000000000000000000000010000000000000000000000001
0010000000000000000000000000000000000000000000000000000000000000000000010000000000000000000000000000000000000000000000000000000000010000000000000000000000000010000000000000000000000001
0010000000000000000000000000000000000000000000000000000000000000000000010000000000000000000000000000000000000000000000000000000000010000000000000000000000000010000000000000000000000001
0010000000000000000000000000000000000000000000000000000000000000000000010000000000000000000000000000000000000000000000000000000000010000000000000000000000000010000000000000000000000001
0010000000000000000000000000000000000000000000000000000000000000000001010000000000000000000000000000000000000000000000000000000001010000000000000000000000000110000000000000000000000001
0110010001000100010001000100010001000100010001000100010001000100010001000100010001000100010001000100010001000100010001000100010001000100010001000100010001000100010001000100010001000101
