1010100010001000100010001000100010001000100010001000100010001000100010001000100010001000100010001000100010001000100010001000100010001000100010001000100010001000100010001000100010001001
0010000000000000000000000000000000000000000000000000000000000000000000000000000000001010100010010000000000000000000000000000000000000000000000000000000000000000000000000000000000000001
0010000000000000000000000000000000000000000000000000000000000000000000000000000000000010000000010000000000000000000000000000000000000000000000000000000000000000000000000000000000000001
0010011001000100010001000100010001000100010001000100010001000100010001000100010001000100010001000100010001000100010001000100010001000100010001000100010001000100010001010000000000000001
0010000001100100010001000100010001000100010001000100010001000100010001000100010001000100010001000100010001000100010001000100010100000000000000000000000000000000000000000000000000000001
0010000000000000000000000000000000000000000000000000000000000000000000000000000000000010000000010000000000000000000000000000000000000000000000000000000000000000000000000000000000000001
0010000000000000000000000000000000000000000000001001000000000000000000000000000000000010000000010000000000000000000000000000101000000000000000000000000000000000000000000000000000000001
0010000000000000000000000000000000000000000000000001000000000000000000000000000000000110010001010000000000000000000000000000001000000000000000000000000000000000000000000000000000000001
0010000000000000000000000000000000000000000000000001000000000000000000000000000000000000000000000000000000000000000000000000001000000000000000000000000000000000000000000000000000000001
0010000000000000000000000000000000000000000000000001000000000000000000000000000000000000000000000000000000000000000000000000001000000000000000000000000000000000000000000000000000000001
0010000000000000000000000000000000000000000000000001000000000000000000000000000000000000000000000000000000000000000000000000001000000000000000000000000000000000000000000000000000000001
0010000000000000000000000000000000000000000000000001000000000000000000000000000000000000000000000000000000000000000000000000001000000000000000000000000000000000000000000000000000000001
0010000000000000000000000000000000000000000000000001000000000000000000000000000000000000000000000000000000000000000000000000001000000000000000000000000000000000000000000000000000000001
0010000000000000000000000000000000000000000000000001101010001000100010001000100100000000000000000000000000000000000000000000001000000000000000000000000000000000000000000000000000000001
0010000000000000000000000000000000000000000000000001001000000000000000000000000100000000000000000000000000000000000000000000001000000000000000000000000000000000000000000000000000000001
0010000000000000000000000000000000000000000000000001011001000100010001000100010100000000000000000000000000000000000000000000001000000000000000000000000000000000000000000000000000000001
0010000000000000000000000000000000000000000000000001000000000000000000000000000000000000000000000000000000000000000000000000001000000000000000000000000000000000000000000000000000000001
0010000000000000000000000000000000000000000000000001000000000110010001000100010001000100010001000100010001000100010001000100010001000100010001000100010001000100010001000100010100000001
0010000000000000000000000000000000000000000000000001000000000000000000000000000000000000000000000000000000000000000000000000001000000000000000000000000000000000000000000000000000000001
0010000000000000000000000000000000000000000000000001000000000000000000000000000000000000000000000000000000000000000000000000001000000000000000000000000000001010100010010000000000000001
0010000000000000000000000000000000000000000000000001000000000000000000000000000000000000000000000000000000000000000000000000001000000000000000000000000000000010000000010000000000000001
0010000000000000000000000000000000000000000000000001000000000000000000000000000000000000000000000000000000000000000000000000001000000000000000000000000000000010000000010000000000000001
0010000000000000000000000000000000000000000000000001000000000000000000000000000000000000000000000000000000000000000000000000001000000000000000000000000000000010000000010000000000000001
0010000000000000000000000000000000000000000000000001000000000000000000000000000000000000000000000000000000000000000000000000001000000000000000000000000000000010000000010000000000000001
0010000000000000000000000000000000000000000000000001000000000000000000000000000000000000011001000100010001000100010001000100010001000100010001000100010001000100010001000101000000000001
0010000010101000100010001000100010001000100010001000100010001000100010001000100010001000100010001000100010001000100010001000100100000000000000000000000000000110010001010000000000000001
0010000000000000000000000000000000000000000000001010100010010000000000000000000000000000000000000000000000000000000000000000001000000000000000000000000000000000000000000000000000000001
0010000000000000000000000000000000001010100010010010000000010000000000000000000000000000000000000000000000000000000000000000001000000000000000000000000000000000000000000000000000000001
0010000000000000000000000000000000000010000000010010000000010000000000000000000000000000000000000000000000000000000000000000001000000000000000000000000000000000000000000000000000000001
0010000000000000000000000000000000000010000000010010000000010000000000000000000000000000000000000000000000000000000000000000001000000000000000000000000000000000000000000000000000000001
0010000000000000000000000000000000000010000000010010000000010000000000000000000000000000000000000000000000000000000000000000001000000000000000000000000000000000000000000000000000000001
0010000000000000000000000000000000000010000000010010000000010000000000000000000000000000000000000000000000000000000000000000001000000000000000000000000000000000000000000000000000000001
0010000000000000000000000000000000000010000000010110010001010000000000000000000000000000000000000000000000000000000000000000001000000000000000000000000000000000000000000000000000000001
0010000000000000000000000000000000000110010001010101000000000000000000000000000000000000000000000000000000000000000000000000011000000000000000000000000000000000000000000000000000000001
0010000000000000000000000000000000000000000000000000000000000000000000000000000000000000000000000000000000000000000000000000000000000000000000000000000000000000000000000000000000000001
0010101010001000100010001000100010001000100010001000100010001000100010001000100010001000100010001000100010001000100010001000100010001000100010001000100010001000100010010000000000000001
0010000000000000000000000000000000000000000000000000000000000000000000000000000000000000101010001000100010001000100010001000100010001000100010001000100010001000100010001001000000000001
0010000000000000000000000000000000000000000000000000000000001010100010001000100010001000100010001000100010001000100010001000100010001000100010001000100010001000100010001000100100000001
0010000000000000000000000000000000000000000000000000000000000000000000000000000000000000000000000000000000000000000000000000000000000000000000000000000000000000000000000000000000000001
0010000000000000000000000000000000000000000000000000000000000000000000000000000000000000000000000000000000000000000000000000000000000000000000000000000000000000000000000000000000000001
0010000000000000000000000000000000000000000000000000000000000000000000000000000000000000000000000000000000000000000000000000000000000000000000000000000000000000000000000000000000000001
0010000000000000000000000000000000000000000000000000000000000000000000000000000000000000000000000000000000000000000000000000000000000000000000000000000000000000000000000000000000000001
0110010001000100010001000100010001000100010001000100010001000100010001000100010001000100010001000100010001000100010001000100010001000100010001000100010001000100010001000100010001000101
