1010100010001000100010001000100010001000100010001000100010001000100010001000100010001000100010001000100010001000100010001000100010001000100010001000100010001000100010001001
0010000000000000000000000000000000000000000000000000000000000000000000000000000000000000000000000000000000000000000000000000000000000000000000000000000000000000000000000001
0010000000000000000000000000000000000000000000000000000000000000000000000000000000000000000000000000000000000000000000000000000000000000000000000000000000000000000000000001
0010000000000000000000000000000000000000000000000000000000000000000000000000000000000000000000000000000000000000000000000000000000000000000000000000000000000000000000000001
0010000000000000000000000000000000000000000000000000000000000000000000000000000000000000000000000000000000000000000000000000000000000000000000000000000000000000000000000001
0010000000000000000000000000000000000000000000000000000000000000000000000000000000000000000000000000000000000000000000000000000000000000000000000000000000000000000000000001
0010000000000000000000000000000000000000000000000000000000000000000000000000000000000000000000000000000000000000000000000000000000000000000000000000000000000000000000000001
0010000000000000000000000000000000000000000000000000000000000000000000000000000000000000000000000000000000000000000000000000000000000000000000000000000000000000000000000001
0010000000000000000000000000000000000000000000000000000000000000000000000000000000000000000000000000000000000000000000000000000000000000000000000000000000000000000000000001
0010000000000000000000000000000000000000000000000000000000000000000000000000000000000000000000000000000000000000000000000000000000000000000000000000000000000000000000000001
0010000000000000000000000000000000000000000000000000000000000000000000000000000000000000000000000000000000000000000000000000000000000000000000000000000000000000000000000001
0010000000000000000000000000000000000000000000000000000000000000000000000000000000000000000000000000000000000000000000000000000000000000000000000000000000000000000000000001
0010000000000000000000000000000000000000011001000100010001000100010001000100010001000100010001000100010100000000000000000000000000000000000000000000000000000000000000000001
0010000000000000000000000000000000000000000000000000000000000000000000000000000000000000000000000000000000000000000000000000000000000000000000000000000000000000000000000001
0010000000000000000010101000100100000000000000000000000000000000000000000000000000000000000000000000000000000000000000000000000000000000000000000000000000000000000000000001
0010000000000000000000100000000100000000000000000000011001000100010001000100010001000100010001000100010001000100010001000100010100000000000000000000000000000000000000000001
0010100010010000000000100000000100000000000000000000000000000000000000000000000000000000000000000000000000000000000000000000000000000000000000000000000000000000000000000001
0010000000010000000000100000000100000000000000000000000000000000000000000000000000000000000000000000000000000000000000000000000000000000000000000000000000000000000000000001
0010000000010000000000100000000100000000101010001000100010001000100010001000100010001000100010001001000000000000000000000000000000000000000000000000000000000000000000000001
0010000000010000000000100000000100000000101010001000100010001000100010001000100010001000100010001000100100000000000000000000000000000000000000000000000000000000000000000001
0010000000010000000001100100010100000000000000000000000000000000000000000000000000000000000000000000000000000000000000000000000000000000000000000000000000000000000000000001
0010000000010000000000000000000000000000000000000000000000000000000000000000000000000000000000000000000000000000000000000000000000000000000000000000000000000000000000000001
0010010001010000000000000000000000000000000000000000000000000000000000000000000000000000000000000000000000000000000000000000000010101000100100000000000000000000000000000001
0010000000000000000000000000000000000000000000000000000000000000000000000000000000000000000000000000000000000000000010010000000000100000101000000000000000000000000000000001
0010000000000000000000000000000000000000000000000000000000000000000000000000000000000000000000000000000000000000000000010000000000100000001000000000000000000000000000000001
0010000000000000000000000000000000000000000000000000101010001000100010001000100010001000100010001000100010001000100010001000100100100000001000000000000000000000000000000001
0010000000000000000000000000000000000000000000000000000000000000000000000000000000000000000000000000000000000000000000010000101010001001001000000000000000000000000000000001
0010000000000000000000000000000000000000000000000000000000000000000000000000000000000000000000000000000000000000000000010000001000100001001000000000000000000000000000000001
0010000000000000000000000000000000000000000000000000000000000000000000000000000000000000000000000000000000000000000000010000001001100001001000000000000000000000000000000001
0010000000000000000000000000000000000000000000000000000000000000000000000000000000000000000000000000000000000000000000010000001000000001001000000000000000000000000000000001
0010000000000000000000000000000000000000000000000000000000000000000000000000000000000000000000000000000000000000000000010000001000000001001000000000000000000000000000000001
0010000000000000000000000000000000000000000000000000000000000000000000000000000000000000000000000000000000000000000000010000001000000001001000000000000000000000000000000001
0010000000000000000000000000000000000000000000000000000000000000000000000000000000000000000000000000000010101000100100010000011001000101001000000000000000000000000000000001
0010000000000000000000000000000000000000000000000000000000000000000000000000000000000000000000000000000000100000000100010000000000000000001000000000000000000000000000000001
0010000000000000000000000000000000000000000000000000000000000000000000000000000000000000000000000000000000100000000100010000000000000000001000000000000000000000000000000001
0010000000000000000000000000000000000000000000000000000000000000000000000000000000000000000000000000000000100000000100010000000000000000001000000000000000000000000000000001
0010000000000000000000000000000000000000000000000000000000000000000000000000000000000000000000000000000000100000000101010000000000000000011000000000000000000000000000000001
0010000000000000000000000000000000000000000000000000000000000000000000000000000000000000000000000000000000100000000100000000000000000000000000000000000000000000000000000001
0010000000000000000000000000000000000000000000000000000000000000000000000000000000000000000000000000000001100100010100000000000000000000000000000000000000000000000000000001
0010000000000000000000000000000000000000000000000000000000000000000000000000000000000000000000000000000000000000000000000000000000000000000000000000000000000000000000000001
0010000000000000000000000000000000000000000000000000000000000000000000000000000000000000000000000000000000000000000000000000000000000000000000000000000000000000000000000001
0010000000000000000000000000000000000000000000000000000000000000000000000000000000000000000000000000000000000000000000000000000000000000000000000000000000000000000000000001
0010000000000000000000000000000000000000000000000000000000000000000000000000000000000000000000000000000000000000000000000000000000000000000000000000000000000000000000000001
0010000000000000000000000000000000000000000000000000000000000000000000000000000000000000000000000000000000000000000000000000000000000000000000000000000000000000000000000001
0010000000000000000000000000000000000000000000000000000000000000000000000000000000000000000000000000000000000000000000000000000000000000000000000000000000000000000000000001
0110010001000100010001000100010001000100010001000100010001000100010001000100010001000100010001000100010001000100010001000100010001000100010001000100010001000100010001000101
