10101000100010001000100010001000100010001000100010001000100010001000100010001000100010001000100010001000100010001000100010001000100010001000100010001000100010001000100010001000100010001000100010001001
00100000000000000000000000010000000000000000000000000000000000000000000000000000000000000000000000000000000000000000000000000010000000000000000000000000000000000000000000000000000000000000000000000001
00100000000000000000000000010000000000000000000000000000000000000000000000000000000000000000000000000000000000000000000000000010000000000000000000000000000000000000000000000000000000000000000000000001
00100000000000000000000000010000000000000000000000000000000000000000000000000000000000000000000000000000000000000000000000000010000000000000000000000000000000000000000000000000000000000000000000000001
00100000000000000000000000010000000000000000000000000000000000000000000000000000000000000000000000000000000000000000000000000010000000000000000000000000000000000000000000000000000000000000000000000001
00100000000000000000000000010000000000000000000000000000000000000000000000000000000000000000000000000000000000000000000000000010000000000000000000001010100010010000000000000000000000000000000000000001
00100000000000000000000000010000000000000000000000000000000000000000000000000000000000000000000000000000000000000000000000000010000000000000000000000010000000010000000000000000000000000000000000000001
00100000000000000000000000010000000000000000000000000000000000000000000000000000000000000000000000000000000000000000000000000010000000000000000000000010000000010000000000000000000000000000000000000001
00100000000000000000000000010000000000000000000000000000000000000000000000000000000000000000000000000000000000000000000000000010000000000000000010101000100100010000000000000000000000000000000000000001
00100000000000000000000000010000000000000000000000000000000000000000000000000000000000000000000000000000000000000000000000000010000000000000000000100010000100010000000000000000000000000000000000000001
00100000000000000000000000010000000000000000000000000000000000001010100010010000000000000000000000000000000000000000000000000010000000000000000000100010000100010000000000000000000000000000000000000001
00100000000000000000000000010000000000000000000000000000000000000010100100010000000000000000000000000000000000000000101000000010000000000000000000100110000101010000000010101000100100000000000000000001
00100000000000000000000000010000000000000110010001000100010001000100010001000101000000000000000000000000000000000000001000000010000000000000000000100000000100000000000000100000000100000000000000000001
00100000000000000000000000010000000000001010011001000100010001000100010001000100010001000100010001000100010100000000001000000010101010001001000000100000000100000000000000100000000100000000000000000001
00100000000000000000000000010000000000000000000000000000000000000010000100010000000000000000000000000000000000000000001000000010001000000001000001100100010100000000000000100000000100000000000000000001
00100000000000000000000000010000000000000000000000000000000000000010000100010000000000000000000000000000000000000000001000000010001000000001000000000000000000000000000000100000000100000000000000000001
00100000000000000000000000010000000000000000000000000000000000000110000101010000000000000000000000000000000000000000001000000010001000000001000000000000000000000000000000100000000100000000000000000001
00100000000000000000000000010000000000000000000000000000000000000000000100000000000000000000000000000000000000000000001000000010001000000001000000000000000000000000000001100100010100000000000000000001
00100000000000000000000000010000000000000000000000000000000000000000000100000000000000000000000000000000000000000000001000000010001000000001000000000000000000000000000000000000000000000000000000000001
00100000000000000000000000010000000000000000000000000000000000000000011001000100010001000100010001000100010001000100010001000100010001000100010001000100010001000101000000000000000000000000000000000001
00100000000000000000000000010000000000000000101010001000100010001000100010001000100010001000100010001000100100000000001000000010000000000000000000000000000000000000000000000000000000000000000000000001
00100000000000000000000000010000000000000000000000000000000000000000000100000000000000000000000000000000000010010000001000000010000010100000000000000000000000000000000000000000000000000000000000000001
00100000000000000000000000010000000000000000000000000000000000000000000100000000000000000000000000000000000000010000001000000010000000101010100010010000000000000000000000000000000000000000000000000001
00100000000000000000000000010000000000000000000000000000000000000000000100000000000000000000000000000000000000010000001000000010000000100010000000010000000000000000000000000000000000000000000000000001
00100000000000000000000000010000000000000000000000000000000000000000000100000000000000000000000000000000000000010000001000000010000000100010000000010000000000000000000000000000000000000000000000000001
00100000000000000000000000010000000000000000000000000000000000000000000100000000000000000000000000000000000000010000001000000010000000100010000000010000000000000000000000000000000000000000000000000001
00100000000000000000000000010000000000000000000000000000000000000000000100000000000000000000000000000000000000010000001010101000100100100010000000010000000000000000000000000000000000000000000000000001
00100000000000000000000000010000000000000000000000000000000000000000000100000000000000000000000000000000000000010000001000100010000100100010000000010000000000000000000000000000000000000000000000000001
00100000000000000000000000010000000000000000000000000000000000000000000100000000000000000000000000000000000000010000001000100010000100100110010001010000000000000000000000000000000000000000000000000001
00100000000000000000000000010000000000000000000000000000000000000000000100000000000000000000000000000000000000010000001000100010000100100000000000000000000000000000000000000000000000000000000000000001
00100000000000000000000000010000000000000000000000000000000000000000000100000000000000000000000000000000000000010000001000100010000100100000000000000000000000000000000000000000000000000000000000000001
00100000000000000000000000010000000000000000000000000000000000000000010100000000000000000000000000000000000000010000011000100010000100100000000000000000000000000000000000000000000000000000000000000001
00100000000000000000000000010000000000000000000000000000000000000000000000000000000000000000000000000000000000010000000001100100010100100000000010101000100100000000000000000000000000000000000000000001
00100000000000000000000001010000000000000000000000000000000000000000000000000000000000000000000000000000000000010000000000000110000000100000000000100000000100000000000000000000000000000000000000000001
00100000000000000000000000000000000000000000000000000000000000000000101010001000100010001000100010001000100010001000100010001000100010001000100010001000100010001001000000000000000000000000000000000001
00100000000000000000000000000000000000000000000000000000000000000000000000000000000000000000000000000000000001010000000000000000000001100000000000100000000100000000000000000000000000000000000000000001
00100000000000000000000000000000000000000000000000000000000000000000000000000000000000000000000000000000000000000000000000000000000000000000000000100000000100000000000000000000000000000000000000000001
00100000000000000000000000000000000000000000000000000000000000000000000000000000000000000000000000000000000000000000000000000000000000000000000000100000000100000000000000000000000000000000000000000001
00100000000000000000000000000000000000000000000000000000000000000000000000000000000000000000000000000000000000000000000000000000000000000000000001100100010100000000000000000000000000000000000000000001
01100100010001000100010001000100010001000100010001000100010001000100010001000100010001000100010001000100010001000100010001000100010001000100010001000100010001000100010001000100010001000100010001000101
