1010100010001000100010001000100010001000100010001000100010001000100010001000100010001000100010001000100010001000100010001000100010001001
0010000000000000000000000000000000000000000000000000000000000000000000000000000000000000000000000000000000000000000000000000000000000001
0010000000000000000000000000000000000000000000000000000000000000000000000000000000000000000000000000000000000000000000000000000000000001
0010000000000000000000000000000000000000000000000000000000000000000000000000000000000000000000000000000000000000000000000000000000000001
0010000000000000000000000000000000000000000000000000000000000000000000000000000000000000000000000000000000000000000000000000000000000001
0010000000000000000000000000000000000000000000000000000000000000000000000000000000000000000000000000000000000000000000000000000000000001
0010000000000000000000000000000000000000000000000000000000000000000000000000000000000000000000000000000000000000000000000000000000000001
0010000000000000000000000000000000000000000000000000000000000000000000000000000000000000000000000000000000000000000000000000000000000001
0010000000000000000000000000000000000000000000000000000000000000000000000000000000000000000000000000000000000000000000000000000000000001
0010000000000000000000000000000000000000000000000000000000000000000000000000000000000000000000000000000000000000000000000000000000000001
0010000000000000000000000000000000000000000000000000000000000000000000000000000000000000000000000000000000000000000000000000000000000001
0010000000000000000000000000000000000000000000000000000000000000000000000000000000000000000000000000000000000000000000000000000000000001
0010000000000000000000000000000000000000000000000000000000000000000000000000000000000000000000000000000000000000000000000000000000000001
0010000000000000000000000000000000000000000000000000000000000000000000000000000000000000000000000000000000000000000000000000000000000001
0010000000000000000000000000000000000000000000000000000000000000000000000000000000000000000000000000000000000000000000000000000000000001
0010000000000000000000000000000000000000000000000000000000000000000000000000000000000000000000000000000000000000000000000000000000000001
0010000000000000000000000000000000000000000000000000000000000000000000000000000000000000000000000000000000000000000000000000000000000001
0010000000000000000000000000000000000000000000000000000000000000000000000000000000000000000000000000000000000000000000000000000000000001
0010000000000000000000000000000000000000000000000000000000000000000000000000000000000000000000000000000000000000000000000000000000000001
0010000000000000000000000000000000000000000000000000000000000000000000000000000000000000000000000000000000000000000000000000000000000001
0010000000000000000000000000000000000000000000000000000000000000000000000000000000000000000000000000000000000000000000000000000000000001
0010000000000000000000000000000000000000000000000000000000000000000010101000100010001000100010001000100010001000100010001000100100000001
0010000000000000000000000000000000000000000000000000000000000000000000100000000000000000000000000000000000000000000000000000000100000001
0010000010101000100010001000100010001000100010001000100010001000100100100000000000000000000000000000000000000000000000000000000100000001
0010000000100000000000000000000000000000000000000000000000000000000100100000000000000000000000000000000000000000000000000000000100000001
0010000000100000000000000000000000000000000000000000000000000000000100100000000000000000000000000000000000000000000000000000000100000001
0010000000100000000000000000000000000000000000000000000000000000000100100000000000000000000000000000000000000000000000000000000100000001
0010000000100000000000000000000000000000000000000000000000000000000100100000000000000000000000000000000000000000000000000000000100000001
0010000000100000000000000000000000000000000000000000000000000000000100100000000000000000000000000000000000000000000000000000000100000001
0010000000100000000000000000000000000000000000000000000000000000000100100000000000000000000000000000000000000000000000000000000100000001
0010000000100000000000000000000000000000000000000000000000000000000100100000000000000000000000000000000000000000000000000000000100000001
0010000000100000000000000000000000000000000000000000000000000000000100100000000000000000000000000000000000000000000000000000000100000001
0010000000100000000000000000000000000000000000000000000000000000000100100000000000000000000000000000000000000000000000000000000100000001
0010000000100000000000000000000000000000000000000000000000000000000100100000000000000000000000000000000000000000000000000000000100000001
0010000000100000000000000000000000000000000000000000000000000000000100100000000000000000000000000000000000000000000000000000000100000001
0010000000100000000000000000000000000000000000000000000000000000000100100000000000000000000000000000000000000000000000000000000100000001
0010000000100000000000000000000000000000000000000000000000000000000100100000000000000000000000000000000000000000000000000000000100000001
0010000000100000000000000000000000000000000000000000000000000000000100100000000000000000000000000000000000000000000000000000000100000001
0010000000100000000000000000000000000000000000000000000000000000000100100000000000000000000000000000000000000000000000000000000100000001
0010000000100000000000000000000000000000000000000000000000000000000100100000000000000000000000000000000000000000000000000000000100000001
0010000000100000000000000000000000000000000000000000000000000000000101100100010001000100010001000100010001000100010001000100010100000001
0010000000100000000000000000000000000000000000000000000000000000000100000000000000000000000000000000000000000000000000000000000000000001
0010000001100100010001000100010001000100010001000100010001000100010100000000000000000000000000000000000000000000000000000000000000000001
0010000000000000000000000000000000000000000000000000000000000000000000000000000000000000000000000000000000000000000000000000000000000001
0010000000000000000000000000000000000000000000000000000000000000000000000000000000000000000000000000000000000000000000000000000000000001
0110010001000100010001000100010001000100010001000100010001000100010001000100010001000100010001000100010001000100010001000100010001000101
