10101000100010001000100010001000100010001000100010001000100010001000100010001000100010001000100010001000100010001000100010001000100010001001
00100000000000000000000000000000000000000000000000000000000000000000000000000000000000000000000000000000000000000000000000000000000000000001
00100000000000000000000000000000000000000000000000000000000000000000000000000000000000000000000000000000000000000000000000000000000000000001
00100000000000000000000000000000000000000000000000000000000000000000000000000000000000000000000000000000000000000000000000000000000000000001
00100000000000000000000000000000000000000000000000000000000000000000000000000000000000000000000000000000000000000000000000000000000000000001
00100000000000000000000000000000000000000000000000000000000000000000000000000000000000000000000000000000000000000000000000000000000000000001
00100000000000000000000000000000000000000000000000000000000000000000000000000000000000000000000000000000000000000000000000000000000000000001
00100000000000000000000000000000000000000000000000000000000000000000000000000000000000000000000000000000000000000000000000000000000000000001
00100000000000000000000000000000000000000000000000000000000000000000000000000000000000000000000000000000000000000000000000000000000000000001
00100000000000000000000000000000000000000000000000000000000000000000000000000000000000000000000000000000000000000000000000000000000000000001
00100000000000000000000000000000000000000000000000000000000000000000000000000000000000000000000000000000000000000000000000000000000000000001
00100000000000000000000000000000000000000000000000000000000000000000000000000000000000000000000000000000000000000000000000000000000000000001
00100000000000000000000000000000000000000000000000000000000000000000000000000000000000000000000000000000000000000000000000000000000000000001
00100000000000000000000000000000000000000000000000000000000000000000000000000000000000000000000000000000000000000000000000000000000000000001
00100000000000000000000000000000000000000000000000000000000000000000000000000000000000000000000000000000000000000000000000000000000000000001
00100000000000000000000000000000000000000000000000000000000000000000000000000000000000000000000000000000000000000000000000000000000000000001
00100000000000000000000000000000000000000000000000000000000000000000000000000000000000000000000000000000000000000000000000000000000000000001
00100000000000000000000000000000000000000000000000000000000000000000000000000000000000000000000000000000000000000000000000000000000000000001
00100000000000000000000000000000000000000000101010001000100010001000100010001000100010001000100010001001000000000000000000000000000000000001
00100000000000000000000000000000000000000000001000000000000000000000000000000000000000000000000000000001000000000000000000000000000000000001
00100000000000000000000000000000000000000000001000000000000000000000000000000000000000000000000000000001000000000000000000000000000000000001
00100000000000000000000000000000000000000000001000000000000000000000000000000000000000000000000000000001000000000000000000000000000000000001
00100000000000000000000000000000000000000000001000000000000000000000000000000000000000000000000000000001000000000000000000000000000000000001
00100000000000000000000000000000000000000000001000000000000000000000000000000000000000000000000000000001000000000000000000000000000000000001
00100000000000000000000000000000000000000000001000000000000000000000000000000000000000000000000000000001000000000000000000000000000000000001
00100000000000000000000000000000000000000000001000000000000000000000000000000000000000000000000000000001000000000000000000000000000000000001
00100000000000000000000000000000000000000000001000000000000000000000000000000000000000000000000000000001000000000000000000000000000000000001
00100000000000000000000000000000000000000000001000000000000000000000000000000000000000000000000000000001000000000000000000000000000000000001
00100000000000000000000000000000000000000000001000000000000000000000000000000000000000000000000000000001000000000000000000000000000000000001
00100000000000000000000000000000000000000000001000000000000000000000000000000000000000000000000000000001000000000000000000000000000000000001
00100000000000000000000000000000000000000000001000000000000000000000000000000000000000000000000000000001000000000000000000000000000000000001
00100000000000000000000000000000000000000000001000000000000000000000000000000000000000000000000000000001000000000000000000000000000000000001
00100000000000000000000000000000000000000000001000000000000000000000000000000000000000000000000000000001000000000000000000000000000000000001
00100000000000000000000000000000000000000000001000000000000000000000000000000000000000000000000000000001000000000000000000000000000000000001
00100000000000000000000000000000000000000000001000000000000000000000000000000000000000000000000000000001000000000000000000000000000000000001
00100000000000000000000000000000000000000000001000000000000000000000000000000000000000000000000000000001000000000000000000000000000000000001
00100000000000000000000000000000000000000000001000000000000000000000000000000000000000000000000000000001000000000000000000000000000000000001
00100000000000000000000000000000000000000000011001000100010001000100010001000100010001000100010001000101000000000000000000000000000000000001
00100000000000000000000000000000000000000000000000000000000000000000000000000000000000000000000000000000000000000000000000000000000000000001
00100000000000000000000000000000000000000000000000000000000000000000000000000000000000000000000000000000000000000000000000000000000000000001
00100000000000000000000000000000000000000000000000000000000000000000000000000000000000000000000000000000000000000000000000000000000000000001
00100000000000000000000000000000000000000000000000000000000000000000000000000000000000000000000000000000000000000000000000000000000000000001
00100000000000000000000000000000000000000000000000000000000000000000000000000000000000000000000000000000000000000000000000000000000000000001
00100000000000000000000000000000000000000000000000000000000000000000000000000000000000000000000000000000000000000000000000000000000000000001
01100100010001000100010001000100010001000100010001000100010001000100010001000100010001000100010001000100010001000100010001000100010001000101
