10101000100010001000100010001000100010001000100010001000100010001000100010001000100010001000100010001000100010001000100010001000100010001001
00100000000000000000000000000000000000000000000000000000000000000000000000000000000000000000000000000000000000000000000000000000000000000001
00100000000000000000000000000000000000000000000000000000000000000000000000000000000000000000000000000000000000000000000000000000000000000001
00100000000000000000000000000000000000000000000000000000000000000000000000000000000000000000000000000000000000000000000000000000000000000001
00100000000000000000000000000000000000000000000000000000000000000000000000000000000000000000000000000000000000000000000000000000000000000001
00100000000000001010100010001000100010001000100010001000100010001000100010010000000000000000000000000000000000000000000000000000000000000001
00100000000000000010000000000000000000000000000000000000000000000000000000010000000000000000000000000000000000000000000000000000000000000001
00100000000000000010000000000000000000000000000000000000000000000000000000010000000000000000000000000000000000000000000000000000000000000001
00100000000000000010000000000000000000000000000000000000000000000000000000010000000000000000000000000000000000000000000000000000000000000001
00100000000000000010000000000000000000000000000000000000000000000000000000010000000000000000000000000000000000000000000000000000000000000001
00100000000000000010000000000000000000000000000000000000000000000000000000010000000000000000000000000000000000000000000000000000000000000001
00100000000000000010000000000000000000000000000000000000000000000000000000010000000000000000000000000000000000000000000000000000000000000001
00100000000000000010000000000000000000000000000000000000000000000000000000010000000000000000000000000000000000000000000000000000000000000001
00100000000000000010000000000000000000000000000000000000000000000000000000010000000000000000000000000000000000000000000000000000000000000001
00100000000000000010000000000000000000000000000000000000000000000000000000010000000000000000000000000000000000000000000000000000000000000001
00100000000000000010000000000000000000000000000000000000000000000000000000010000000000000000000000000000000000000000000000000000000000000001
00100000000000000010000000000000000000000000000000000000000000000000000000010000000000000000000000000000000000000000000000000000000000000001
00100000000000000010000000000000000000000000000000000000000000000000000000010000000000000000000000000000000000000000000000000000000000000001
00100000000000000010000000000000000000000000000000000000000000000000000000010000000000000000000000000000000000000000000000000000000000000001
00100000000000000010000000000000000000000000000000000000000000000000000000010000000000000000000000000000000000000000000000000000000000000001
00100000000000000010000000000000000000000000000000000000000000000000000000010000000000000000000000000000000000000000000000000000000000000001
00100000000000000010000000000000000000000000000000000000000000000000000000010000000000000000000000000000000000000000000000000000000000000001
00100000000000000010000000000000000000000000000000000000000000000000000000010000000000000000000000000000000000000000000000000000000000000001
00100000000000000010000000000000000000000000000000000000000000000000000000010000000000000000000000000000000000000000000000000000000000000001
00100000000000000110010001000100010001000100010001000100010001000100010001010000000000000000000000000000000000000000000000000000000000000001
00100000000000000000000000000000000000000000000000000000000000000000000000000000000000000000000000000000000000000000000000000000000000000001
00100000000000000000000000000000000000000000000000000000000000000000000000000000000000000000000000000000000000000000000000000000000000000001
00100000000000000000000000000000000000000000000000000000000000000000000000000000000000000000000000000000000000000000000000000000000000000001
00100000000000000000000000000000000000000000000000000000000000000000000000000000000000000000000000000000000000000000000000000000000000000001
00100000000000000000000000000000000000000000000000000000000000000000000000000000000000000000000000000000000000000000000000000000000000000001
00100000000000000000000000000000000000000000000000000000000000000000000000000000000000000000000000000000000000000000000000000000000000000001
00100000000000000000000000000000000000000000000000000000000000000000000000000000000000000000000000000000000000000000000000000000000000000001
00100000000000000000000000000000000000000000000000000000000000000000000000000000000000000000000000000000000000000000000000000000000000000001
00100000000000000000000000000000000000000000000000000000000000000000000000000000000000000000000000000000000000000000000000000000000000000001
00100000000000000000000000000000000000000000000000000000000000000000000000000000000000000000000000000000000000000000000000000000000000000001
00100000000000000000000000000000000000000000000000000000000000000000000000000000000000000000000000000000000000000000000000000000000000000001
00100000000000000000000000000000000000000000000000000000000000000000000000000000000000000000000000000000000000000000000000000000000000000001
00100000000000000000000000000000000000000000000000000000000000000000000000000000000000000000000000000000000000000000000000000000000000000001
00100000000000000000000000000000000000000000000000000000000000000000000000000000000000000000000000000000000000000000000000000000000000000001
00100000000000000000000000000000000000000000000000000000000000000000000000000000000000000000000000000000000000000000000000000000000000000001
00100000000000000000000000000000000000000000000000000000000000000000000000000000000000000000000000000000000000000000000000000000000000000001
00100000000000000000000000000000000000000000000000000000000000000000000000000000000000000000000000000000000000000000000000000000000000000001
00100000000000000000000000000000000000000000000000000000000000000000000000000000000000000000000000000000000000000000000000000000000000000001
00100000000000000000000000000000000000000000000000000000000000000000000000000000000000000000000000000000000000000000000000000000000000000001
01100100010001000100010001000100010001000100010001000100010001000100010001000100010001000100010001000100010001000100010001000100010001000101
