1010100010001000100010001000100010001000100010001000100010001000100010001000100010001000100010001000100010001000100010001000100010001001
0010000000000000000000000000000000000000000000000000000000000000000000000000000000000000000000000000000000000000000000000000000000000001
0010000000000000000000000000000000000000000000000000000000000000000000000000000000000000000000000000000000000000000000000000000000000001
0010000000000000000000000000000000000000000000000000000000000000000000000000000000000000000000000000000000000000000000000000000000000001
0010000000000000000000000000000000000000000000000000000000000000000000000000000000000000000000000000000000000000000000000000000000000001
0010000000000000000000000000000000000000000000000000000000000000000000000000000000000000000000000000000000000000000000000000000000000001
0010000000000000000000000000000000000000000000000000000000000000000000000000000000000000000000000000000000000000000000000000000000000001
0010000000000000000000000000000000000000000000000000000000000000000000000000000000000000000000000000000000000000000000000000000000000001
0010000000000000000000000000000000000000000000000000000000000000000000000000000000000000000000000000000000000000000000000000000000000001
0010000000000000000000000000000000000000000000000000000000000000000000000000000000000000000000000000000000000000000000000000000000000001
0010000000000000000000000000000000000000000000000000000000000000000000000000000000000000000000000000000000000000000000000000000000000001
0010000000000000000000000000000000000000000000000000000000000000000000000000000000000000000000000000000000000000000000000000000000000001
0010000000000000000000000000000000000000000000000000000000000000000000000000000000000000000000000000000000000000000000000000000000000001
0010000000000000000000000000000000000000000000000000000000000000000000000000000000000000000000000000000000000000000000000000000000000001
0010000000000000000000001010100010001000100010001000100010001000100010001000100010010000000000000000000000000000000000000000000000000001
0010000000000000000000000010000000000000000000000000000000000000000000000000000000010000000000000000000000000000000000000000000000000001
0010000000000000000000000010000000000000000000000000000000000000000000000000000000010000000000000000000000000000000000000000000000000001
0010000000000000000000000010000000000000000000000000000000000000000000000000000000010000000000000000000000000000000000000000000000000001
0010000000000000000000000010000000000000000000000000000000000000000000000000000000010000000000000000000000000000000000000000000000000001
0010000000000000000000000010000000000000000000000000000000000000000000000000000000010000000000000000000000000000000000000000000000000001
0010000000000000000000000010000000000000000000000000000000000000000000000000000000010000000000000000000000000000000000000000000000000001
0010000000000000000000000010000000000000000000000000000000000000000000000000000000010000000000000000000000000000000000000000000000000001
0010000000000000000000000010000000000000000000000000000000000000000000000000000000010000000000000000000000000000000000000000000000000001
0010000000000000000000000010000000000000000000000000000000000000000000000000000000010000000000000000000000000000000000000000000000000001
0010000000000000000000000010000000000000000000000000000000000000000000000000000000010000000000000000000000000000000000000000000000000001
0010000000000000000000000010000000000000000000000000000000000000000000000000000000010000000000000000000000000000000000000000000000000001
0010000000000000000000000010000000000000000000000000000000000000000000000000000000010000000000000000000000000000000000000000000000000001
0010000000000000000000000010000000000000000000000000000000000000000000000000000000010000000000000000000000000000000000000000000000000001
0010000000000000000000000010000000000000000000000000000000000000000000000000000000010000000000000000000000000000000000000000000000000001
0010000000000000000000000010000000000000000000000000000000000000000000000000000000010000000000000000000000000000000000000000000000000001
0010000000000000000000000010000000000000000000000000000000000000000000000000000000010000000000000000000000000000000000000000000000000001
0010000000000000000000000010000000000000000000000000000000000000000000000000000000010000000000000000000000000000000000000000000000000001
0010000000000000000000000010000000000000000000000000000000000000000000000000000000010000000000000000000000000000000000000000000000000001
0010000000000000000000000110010001000100010001000100010001000100010001000100010001010000000000000000000000000000000000000000000000000001
0010000000000000000000000000000000000000000000000000000000000000000000000000000000000000000000000000000000000000000000000000000000000001
0010000000000000000000000000000000000000000000000000000000000000000000000000000000000000000000000000000000000000000000000000000000000001
0010000000000000000000000000000000000000000000000000000000000000000000000000000000000000000000000000000000000000000000000000000000000001
0010000000000000000000000000000000000000000000000000000000000000000000000000000000000000000000000000000000000000000000000000000000000001
0010000000000000000000000000000000000000000000000000000000000000000000000000000000000000000000000000000000000000000000000000000000000001
0010000000000000000000000000000000000000000000000000000000000000000000000000000000000000000000000000000000000000000000000000000000000001
0010000000000000000000000000000000000000000000000000000000000000000000000000000000000000000000000000000000000000000000000000000000000001
0010000000000000000000000000000000000000000000000000000000000000000000000000000000000000000000000000000000000000000000000000000000000001
0010000000000000000000000000000000000000000000000000000000000000000000000000000000000000000000000000000000000000000000000000000000000001
0010000000000000000000000000000000000000000000000000000000000000000000000000000000000000000000000000000000000000000000000000000000000001
0010000000000000000000000000000000000000000000000000000000000000000000000000000000000000000000000000000000000000000000000000000000000001
0110010001000100010001000100010001000100010001000100010001000100010001000100010001000100010001000100010001000100010001000100010001000101
