10101000100010001000100010001000100010001000100010001000100010001000100010001000100010001000100010001000100010001000100010001001
00100000000000000000000000000000000000000000000000000000000000000000000000000000000000000000000000000000000000000000000000000001
00100000000000000000000000000000000000000000000000000000000000000000000000000000000000000000000000000000000000000000000000000001
00100000000000000000000000000000000000000000000000000000000000000000000000000000000000000000000000000000000000000000000000000001
00100000000000000000000000000000000000000000000000000000000000000000000000000000000000000000000000000000000000000000000000000001
00100000000000000000000000000000000000000000000000000000000000000000000000000000000000000000000000000000000000000000000000000001
00100000000000000000000000000000000000000000000000000000000000000000000000000000000000000000000000000000000000000000000000000001
00100000000000000000000000000000000000000000000000000000000000000000000000000000000000000000000000000000000000000000000000000001
00100000000000000000000000000000000000000000000000000000000000000000000000000000000000000000000000000000000000000000000000000001
00100000000000000000000000000000000000001010100010101000100010001000100010001000100010001000100010001000100100000000000000000001
00100000000000000000000000000000000000000010000000100000000000000000000000000000000000000000000000010000000100000000000000000001
00100000000000000000000000000000000000000010000000100000000000000000000000000000000000000000000000010000000100000000000000000001
00100000000000000000000000000000000000000010000000100000000000000000000000000000000000000000000000010000000100000000000000000001
00100000000000000000000000000000000000000010000000100000000000000000000000000000000000000000000000010000000100000000000000000001
00100000000000000000000000000000000000000010000000100000000000000000000000000000000000000000000000010000000100000000000000000001
00100000000000000000000000000000000000000010000000100000000000000000000000000000000000000000000000010000000100000000000000000001
00100000000000000000000000000000000000000010000000100000000000000000000000000000000000000000000000010000000100000000000000000001
00100000000000000000000000000000000000000010000000100000000000000000000000000000000000000000000000010000000100000000000000000001
00100000000000000000000000000000000000000010000000100000000000000000000000000000000000000000000000010000000100000000000000000001
00100000000000000000000000000000000000000010000000100000000000000000000000000000000000000000000000010000000100000000000000000001
00100000000000000000000000000000000000000010000000100000000000000000000000000000000000000000000000010000000100000000000000000001
00100000000000000000000000000000000000000010000000100000000000000000000000000000000000000000000000010000000100000000000000000001
00100000000000000000000000000000000000000010000000100000000000000000000000000000000000000000000000010000000100000000000000000001
00100000000000000000000000000000000000000010000000100000000000000000000000000000000000000000000000010000000100000000000000000001
00100000000000000000000000000000000000000010000000100000000000000000000000000000000000000000000000010000000100000000000000000001
00100000000000000000000000000000000000000010000000100000000000000000000000000000000000000000000000010000000100000000000000000001
00100000000000000000000000000000000000000010000000100000000000000000000000000000000000000000000000010000000100000000000000000001
00100000000000000000000000000000000000000010000000100000000000000000000000000000000000000000000000010000000100000000000000000001
00100000000000000000000000000000000000000110010001100100010001000100010001000100010001000100010001000100010100000000000000000001
00100000000000000000000000000000000000000000000000000000000000000000000000000000000000000000000000000000000000000000000000000001
00100000000000000000000000000000000000000000000000000000000000000000000000000000000000000000000000000000000000000000000000000001
00100000000000000000000000000000000000000000000000000000000000000000000000000000000000000000000000000000000000000000000000000001
00100000000000000000000000000000000000000000000000000000000000000000000000000000000000000000000000000000000000000000000000000001
00100000000000000000000000000000000000000000000000000000000000000000000000000000000000000000000000000000000000000000000000000001
00100000000000000000000000000000000000000000000000000000000000000000000000000000000000000000000000000000000000000000000000000001
00100000000000000000000000000000000000000000000000000000000000000000000000000000000000000000000000000000000000000000000000000001
00100000000000000000000000000000000000000000000000000000000000000000000000000000000000000000000000000000000000000000000000000001
00100000000000000000000000000000000000000000000000000000000000000000000000000000000000000000000000000000000000000000000000000001
00100000000000000000000000000000000000000000000000000000000000000000000000000000000000000000000000000000000000000000000000000001
00100000000000000000000000000000000000000000000000000000000000000000000000000000000000000000000000000000000000000000000000000001
00100000000000000000000000000000000000000000000000000000000000000000000000000000000000000000000000000000000000000000000000000001
00100000000000000000000000000000000000000000000000000000000000000000000000000000000000000000000000000000000000000000000000000001
00100000000000000000000000000000000000000000000000000000000000000000000000000000000000000000000000000000000000000000000000000001
00100000000000000000000000000000000000000000000000000000000000000000000000000000000000000000000000000000000000000000000000000001
00100000000000000000000000000000000000000000000000000000000000000000000000000000000000000000000000000000000000000000000000000001
00100000000000000000000000000000000000000000000000000000000000000000000000000000000000000000000000000000000000000000000000000001
00100000000000000000000000000000000000000000000000000000000000000000000000000000000000000000000000000000000000000000000000000001
00100000000000000000000000000000000000000000000000000000000000000000000000000000000000000000000000000000000000000000000000000001
00100000000000000000000000000000000000000000000000000000000000000000000000000000000000000000000000000000000000000000000000000001
01100100010001000100010001000100010001000100010001000100010001000100010001000100010001000100010001000100010001000100010001000101
